Car 0.0 0 -1.718414545059204 721.218994140625 182.76971435546875 802.899658203125 250.2761993408203 3.1916087 1.4841322 1.5143498 3.6470559 1.753975 17.973515 -1.5182198286056519 0.9980523586273193
Car 0.0 0 -1.3125767707824707 359.848876953125 189.0569610595703 532.63525390625 315.05889892578125 3.4495127 1.4343705 1.5688624 -2.2183452 1.708429 10.424681 -1.5222467184066772 0.9966092109680176
Car 0.0 0 -1.6906121969223022 686.4869995117188 176.8848876953125 711.9666748046875 197.03456115722656 3.2864265 1.4539132 1.5182863 6.6673255 1.7671759 54.36325 -1.5685776472091675 0.9922681450843811
Car 0.0 0 2.2939600944519043 0.0 191.50730895996094 344.85894775390625 375.0 3.8002048 1.5418295 1.5756675 -2.9065933 1.683866 3.5496259 1.6078335046768188 0.9894338250160217
Car 0.0 0 -1.6035255193710327 717.6685180664062 185.38848876953125 774.906982421875 239.1841278076172 3.6839118 1.4455087 1.59157 4.075959 1.8657594 22.228537 -1.422174096107483 0.9797607660293579
Car 0.0 0 -2.3481154441833496 912.4730834960938 214.43899536132812 1242.0 375.0 3.854706 1.5015086 1.6264855 2.5428488 1.755098 2.441352 -1.5423563718795776 0.974597156047821
Car 0.0 0 1.6536537408828735 564.6895751953125 177.28392028808594 614.6002807617188 219.61785888671875 4.2310524 1.6183827 1.7422403 -0.8218918 1.8173994 30.19379 1.6264399290084839 0.9151921272277832
Car 0.0 0 1.6305549144744873 590.0733032226562 177.77146911621094 625.0870971679688 207.06198120117188 4.106503 1.4381481 1.6137987 -0.11607182 1.7133118 38.223717 1.6275182962417603 0.8125649690628052
Car 0.0 0 0.28433048725128174 398.66668701171875 177.6129913330078 520.2587280273438 225.35162353515625 3.6692073 1.5171317 1.5948741 -5.0095983 1.6823626 24.05481 0.07900762557983398 0.7621661424636841
Car 0.0 0 1.4876652956008911 629.4268188476562 177.71876525878906 662.7565307617188 204.78305053710938 3.9174922 1.529841 1.6777108 2.0974119 1.8367928 43.48417 1.535861849784851 0.2334722876548767
