Pedestrian 0.0 0 -2.3644232749938965 788.3379516601562 166.38099670410156 818.0294799804688 212.21604919433594 0.9718954 1.7410142 0.5968067 7.4423676 1.4954998 27.974567 -2.104405641555786 0.12245883047580719
Cyclist 0.0 0 -2.382906198501587 1217.7149658203125 44.746124267578125 1242.0 375.0 1.5945714 1.870772 0.52446264 3.338931 1.4906465 2.9463673 -1.535131573677063 0.1618061065673828
Cyclist 0.0 0 -2.230201482772827 1104.25048828125 48.00309753417969 1242.0 375.0 1.640921 1.8462846 0.5487396 2.7069705 1.4898313 2.901402 -1.4794574975967407 0.10010168701410294
Car 0.0 0 -1.5146688222885132 712.1006469726562 170.74136352539062 794.8895263671875 247.88743591308594 3.7545037 1.5329881 1.6256195 3.296059 1.4913653 16.356672 -1.3158202171325684 0.9986359477043152
Car 0.0 0 -1.864936351776123 953.65185546875 152.7073974609375 1133.37841796875 259.90997314453125 4.3118644 1.7188071 1.7164239 7.9920645 1.3961492 13.860291 -1.341888427734375 0.9894554018974304
Car 0.0 0 -2.2181951999664307 11.012137413024902 193.8409423828125 326.79058837890625 343.362060546875 3.3947012 1.4832202 1.5942017 -5.467458 1.7819822 8.896512 -2.7692532539367676 0.9799282550811768
Car 0.0 0 -1.7226245403289795 925.880859375 164.38931274414062 1025.872314453125 230.00535583496094 4.477935 1.5772702 1.7446082 9.797002 1.3741552 19.73967 -1.2619329690933228 0.9747157096862793
Car 0.0 0 -1.5346040725708008 770.7957153320312 169.5726776123047 813.61474609375 209.42416381835938 3.3650928 1.5309736 1.581479 7.4631243 1.4052728 29.553139 -1.287243366241455 0.9509058594703674
Car 0.0 0 -2.0515329837799072 0.0 208.00294494628906 70.40108489990234 337.73797607421875 3.5400598 1.5105922 1.6140934 -9.955807 2.0856488 10.458613 -2.8123061656951904 0.36327168345451355
Car 0.0 0 -1.9081172943115234 885.4989013671875 166.34893798828125 926.1090698242188 185.4444580078125 4.3638287 1.503347 1.7197125 24.112814 0.9915751 59.024857 -1.5202879905700684 0.27194222807884216
Car 0.0 0 1.4595897197723389 865.1949462890625 169.30612182617188 890.1463012695312 187.83653259277344 3.8719 1.4901258 1.5222859 22.23101 1.2051806 60.08209 1.813978910446167 0.2229893058538437
