Cyclist 0.0 0 -0.2487112432718277 745.66064453125 178.81143188476562 830.1239013671875 254.05612182617188 1.8380092 1.7541267 0.72251683 4.1831927 1.8999801 17.247862 -0.010771682485938072 0.40545547008514404
Car 0.0 0 2.176119327545166 0.0 184.7285919189453 397.45074462890625 375.0 3.4354944 1.5668966 1.5059518 -2.7357466 1.6706382 4.518767 1.6317249536514282 0.998526930809021
Car 0.0 0 -1.355017900466919 407.6158142089844 181.20240783691406 563.020751953125 297.770263671875 3.7438831 1.4894598 1.619295 -1.8280057 1.6439766 11.406009 -1.5139334201812744 0.9967873096466064
Car 0.0 0 -1.7263716459274292 741.3462524414062 184.6356964111328 820.9774169921875 247.178466796875 3.1211717 1.418988 1.5087608 4.2717757 1.7491256 18.583952 -1.5004327297210693 0.9964279532432556
Car 0.0 0 1.7084980010986328 612.9844360351562 171.7240447998047 653.3002319335938 204.40318298339844 3.9575896 1.6702226 1.6493729 1.2643628 1.6128285 38.96472 1.7409355640411377 0.9881012439727783
Car 0.0 0 -2.092902898788452 893.279296875 212.46592712402344 1242.0 375.0 3.230522 1.4624318 1.4869822 2.5564075 1.7486978 3.520265 -1.4648102521896362 0.9760620594024658
Car 0.0 0 0.2314934879541397 434.5399169921875 172.88414001464844 551.3535766601562 219.7509765625 3.756547 1.5741194 1.5929247 -4.0731215 1.5755671 25.160471 0.0710000991821289 0.9682796001434326
Car 0.0 0 -1.6503565311431885 734.3731079101562 183.64193725585938 793.0218505859375 232.71849060058594 3.4906473 1.4083221 1.5643879 4.851652 1.7849867 23.336578 -1.4453774690628052 0.9476200938224792
Car 0.0 0 -1.402598261833191 587.3020629882812 175.47227478027344 642.808349609375 214.46322631835938 4.1999464 1.5484945 1.7172791 0.2513078 1.6700134 31.168436 -1.3945355415344238 0.9402482509613037
Car 0.0 0 1.4677543640136719 658.5692749023438 174.48939514160156 688.0208129882812 200.81686401367188 3.4584558 1.6000298 1.5080955 3.9515817 1.7081618 45.806263 1.553808569908142 0.3269939720630646
