Pedestrian 0.0 0 1.8793504238128662 174.86822509765625 159.26466369628906 272.4808349609375 344.4936828613281 0.9776408 1.8257234 0.65267074 -4.01876 1.6079285 7.6163406 1.3938285112380981 0.9809093475341797
Pedestrian 0.0 0 -1.58644437789917 633.3037109375 159.34896850585938 689.556396484375 331.223876953125 1.0461239 1.7433867 0.5700491 0.59143955 1.520067 7.82287 -1.5109840631484985 0.7220017313957214
Pedestrian 0.0 0 2.3793516159057617 663.6583862304688 166.32066345214844 696.264892578125 233.92242431640625 0.68589586 1.7660824 0.53556824 2.065638 1.3706962 19.185022 2.486607789993286 0.519585132598877
Pedestrian 0.0 0 -0.2121158242225647 606.8688354492188 176.03219604492188 627.5458984375 210.61521911621094 0.96566105 1.7480781 0.52430046 0.7961281 1.4725686 36.656082 -0.1904003918170929 0.28246620297431946
Pedestrian 0.0 0 -0.38093480467796326 760.5253295898438 166.49012756347656 799.7471313476562 243.83970642089844 0.66716 1.6231289 0.522667 3.7826872 1.3093904 15.376406 -0.13971877098083496 0.20878444612026215
Pedestrian 0.0 0 3.287731885910034 234.900390625 129.02110290527344 370.2682800292969 374.0 0.899213 1.869045 0.6293769 -2.353646 1.4897158 5.6250405 2.8914451599121094 0.20529904961585999
Pedestrian 0.0 0 -0.7874988317489624 750.9744262695312 162.48020935058594 787.0061645507812 237.67041015625 0.66715616 1.8161813 0.56032914 4.108511 1.3579631 17.762997 -0.5601998567581177 0.10016386210918427
Cyclist 0.0 0 1.9203813076019287 204.05331420898438 147.4999542236328 364.4334716796875 374.0 1.7289649 1.8087606 0.56700647 -2.4016018 1.5893964 5.541572 1.5114349126815796 0.9633716940879822
Cyclist 0.0 0 1.7487809658050537 384.1434631347656 163.51571655273438 445.4534606933594 288.2859802246094 1.7730862 1.7434888 0.6030979 -2.848774 1.4935029 10.942151 1.4940863847732544 0.7138713598251343
Cyclist 0.0 0 -0.21039769053459167 594.8766479492188 163.65721130371094 729.7295532226562 324.99334716796875 1.368595 1.6748619 0.60680044 0.59718096 1.4909954 7.8469434 -0.13444046676158905 0.20317316055297852
Car 0.0 0 1.6858408451080322 491.5966491699219 174.46607971191406 531.6153564453125 208.76791381835938 4.3164687 1.7977921 1.7171177 -4.92025 1.4299877 39.810986 1.5628741979599 0.9864510297775269
Car 0.0 0 1.884005069732666 0.0 209.30889892578125 123.52522277832031 374.0 3.9492102 1.4173313 1.5837309 -5.9221616 1.7634678 6.7770376 1.1658227443695068 0.5965752601623535
Car 0.0 0 1.8878707885742188 225.17788696289062 184.70639038085938 355.1615905761719 268.0801086425781 3.3529963 1.537382 1.5269761 -6.429966 1.6137965 15.111605 1.485577940940857 0.28347715735435486
Car 0.0 0 1.6243574619293213 512.471435546875 177.0205078125 535.5232543945312 197.22593688964844 4.576668 1.5139947 1.5508215 -5.993856 1.1789207 56.148384 1.518009901046753 0.1935008466243744
