Pedestrian 0.0 0 3.1443941593170166 424.6696472167969 178.3098602294922 491.45587158203125 306.0460510253906 0.8445615 1.631901 0.67950743 -1.9577142 1.5924786 9.590887 2.943037986755371 0.9636743664741516
Pedestrian 0.0 0 -1.3555907011032104 584.9824829101562 174.4681854248047 612.86962890625 235.4288787841797 0.98435354 1.6838739 0.5970953 -0.0931552 1.4907916 20.383162 -1.3601608276367188 0.8943257331848145
Pedestrian 0.0 0 -1.666327714920044 867.344482421875 155.16265869140625 908.9595947265625 261.3000793457031 0.7105571 1.8072453 0.6125788 4.998483 1.36007 12.6549835 -1.2901551723480225 0.7773306369781494
Pedestrian 0.0 0 -3.379359483718872 772.4097290039062 156.3533477783203 815.5803833007812 239.43475341796875 0.801472 1.8280168 0.66288316 4.2815056 1.275943 16.142687 -3.1201000213623047 0.7312124371528625
Pedestrian 0.0 0 0.7775353193283081 387.7945556640625 179.91358947753906 423.7658386230469 250.30792236328125 0.49522382 1.5854189 0.63963026 -4.5471406 1.5509049 16.575686 0.5097959041595459 0.15824444591999054
Pedestrian 0.0 0 -1.326446294784546 354.0639953613281 169.36976623535156 407.5570068359375 282.36004638671875 1.0319062 1.6301471 0.54535353 -3.3700645 1.4564536 10.891374 -1.6265274286270142 0.155130997300148
Pedestrian 0.0 0 0.9877490997314453 184.70787048339844 190.62213134765625 261.216552734375 314.9044189453125 0.6601306 1.5422021 0.62634945 -4.99784 1.6685228 9.407579 0.49940991401672363 0.11831992119550705
Pedestrian 0.0 0 0.2061336636543274 483.54180908203125 177.0565643310547 528.4645385742188 260.68829345703125 0.7856716 1.6550484 0.66663337 -1.9655274 1.5683621 14.573773 0.07207512855529785 0.11707090586423874
Pedestrian 0.0 0 0.048804402351379395 389.2856750488281 188.1603546142578 424.1741943359375 265.70263671875 0.6463901 1.5029534 0.59251535 -3.9180381 1.6405168 14.341117 -0.21789050102233887 0.10825037211179733
Pedestrian 0.0 0 2.1652729511260986 870.259521484375 115.6224365234375 1238.0 374.0 0.753849 1.776767 0.75110155 1.3048629 1.6294719 2.1167932 2.71768856048584 0.10785021632909775
Cyclist 0.0 0 1.8442113399505615 414.2823486328125 172.24691772460938 486.8326721191406 309.18585205078125 1.2566786 1.7016426 0.6338655 -2.0260575 1.5879991 9.57117 1.6356074810028076 0.16811314225196838
Cyclist 0.0 0 -2.4419548511505127 380.5480651855469 188.40789794921875 471.647705078125 279.2512512207031 1.4953828 1.5387928 0.69011796 -3.1921263 1.6703007 12.901969 -2.6844980716705322 0.13671442866325378
Car 0.0 0 -2.0870492458343506 0.0 0.0 953.4301147460938 374.0 4.2932606 2.1000829 1.7976573 0.905161 1.7566732 1.6147852 -1.5761455297470093 0.5895031690597534
Car 0.0 0 -1.5472759008407593 729.241455078125 183.6725311279297 848.6537475585938 300.81695556640625 3.444566 1.5257273 1.5497499 2.9228814 1.5667995 11.29062 -1.2939600944519043 0.1275474578142166
