Pedestrian 0.0 0 -1.7328660488128662 704.5945434570312 165.88197326660156 723.502685546875 212.18630981445312 0.9352523 1.7900667 0.59065765 4.042111 1.5208955 28.364573 -1.5913134813308716 0.8665587902069092
Pedestrian 0.0 0 1.4709073305130005 411.1153259277344 172.7178497314453 449.1661376953125 268.49053955078125 1.2272377 1.8324683 0.6166361 -3.6747794 1.8302209 14.484813 1.2224504947662354 0.8195980191230774
Pedestrian 0.0 0 1.3527729511260986 447.90802001953125 175.6070556640625 492.1219482421875 265.31280517578125 1.5680054 1.7403265 0.5621783 -2.9561327 1.8006294 14.877196 1.156625509262085 0.11015813052654266
Cyclist 0.0 0 1.7133218050003052 509.8105163574219 174.84332275390625 530.6198120117188 220.85923767089844 1.9638959 1.7669172 0.5532543 -3.6091385 1.8493375 28.77485 1.5885465145111084 0.9091706871986389
Cyclist 0.0 0 1.3780677318572998 444.9961853027344 173.49192810058594 489.2758483886719 269.7236328125 1.663676 1.8459787 0.5707723 -2.9876812 1.860136 14.727613 1.1779212951660156 0.709943950176239
Cyclist 0.0 0 -1.452596664428711 406.4390563964844 175.19039916992188 447.4699401855469 271.5380859375 1.6114912 1.7902771 0.6054646 -3.6515856 1.8396109 14.283718 -1.7028827667236328 0.2151918262243271
Car 0.0 0 2.2469356060028076 0.0 189.10104370117188 240.45523071289062 375.0 4.01538 1.6492492 1.6098446 -4.997556 1.8324252 6.1004944 1.5605934858322144 0.9971303343772888
Car 0.0 0 1.8091219663619995 491.64642333984375 184.05685424804688 539.2683715820312 212.0678253173828 4.265655 1.4242731 1.7022219 -5.2971234 2.0904503 40.667774 1.6795976161956787 0.9921294450759888
Car 0.0 0 -2.360053539276123 919.697265625 189.09207153320312 1242.0 375.0 3.640443 1.5166296 1.5824652 2.4724116 1.6107609 2.3229222 -1.5434914827346802 0.9904967546463013
Car 0.0 0 1.7697699069976807 389.3540344238281 180.2929229736328 471.1996154785156 243.71714782714844 4.0832143 1.7096182 1.639232 -5.411127 1.958283 22.007406 1.5286749601364136 0.9890439510345459
Car 0.0 0 -1.6898753643035889 634.309814453125 177.6104278564453 669.8126831054688 204.6847686767578 3.871404 1.5135716 1.6558713 2.4278507 1.8105834 43.0151 -1.6334933042526245 0.7753962278366089
Car 0.0 0 1.6417638063430786 622.2592163085938 177.70877075195312 644.4993286132812 198.55348205566406 4.0762167 1.4588367 1.3669742 1.7388794 1.8337646 53.569664 1.6742125749588013 0.23707254230976105
