Pedestrian 0.0 0 1.4287761449813843 625.78857421875 159.93600463867188 663.6920166015625 255.57894897460938 0.77341074 1.8109328 0.6315955 0.7959849 1.403892 14.010756 1.485527515411377 0.9857460260391235
Pedestrian 0.0 0 -0.05421508848667145 664.9058837890625 160.34765625 706.1432495117188 254.23849487304688 0.7539939 1.7671748 0.6311619 1.5729023 1.3703138 13.854792 0.05882859230041504 0.9538020491600037
Pedestrian 0.0 0 2.70133638381958 0.0 134.6283416748047 247.1412811279297 374.0 0.8469815 1.7170879 0.64548254 -2.0963953 1.56134 2.9336715 2.0808804035186768 0.9467726945877075
Pedestrian 0.0 0 1.3602805137634277 652.796630859375 166.1232452392578 682.17236328125 240.7339324951172 0.70774525 1.7172354 0.5508784 1.5139176 1.3645339 16.915136 1.4495434761047363 0.8974929451942444
Pedestrian 0.0 0 -1.6871747970581055 606.9139404296875 166.13490295410156 630.4354858398438 227.4702911376953 0.9675998 1.8652489 0.6209756 0.50190425 1.3991047 22.353203 -1.6647251844406128 0.6182157397270203
Pedestrian 0.0 0 1.189704179763794 421.2168273925781 171.691650390625 447.1197204589844 233.848876953125 0.6216989 1.7701856 0.53949463 -4.890122 1.4919945 20.864334 0.9594826698303223 0.4163248538970947
Pedestrian 0.0 0 1.6925033330917358 205.92140197753906 169.8881072998047 246.01205444335938 271.1086120605469 0.7469664 1.7781688 0.56218797 -6.85875 1.5754545 13.065363 1.209090232849121 0.3981030583381653
Pedestrian 0.0 0 -1.8509289026260376 709.1799926757812 162.23374938964844 739.3316040039062 233.09019470214844 0.80798495 1.7397254 0.54292375 3.048222 1.2678748 18.066551 -1.6837812662124634 0.15412282943725586
Pedestrian 0.0 0 1.6012542247772217 443.78118896484375 169.4066619873047 465.2541809082031 236.83128356933594 1.1058325 1.8494389 0.5638268 -4.172549 1.5188768 20.294184 1.3984768390655518 0.13447315990924835
Pedestrian 0.0 0 0.9018450975418091 461.23974609375 174.0537109375 496.9611511230469 232.2014923095703 0.95719784 1.6417829 0.5420632 -3.575286 1.4326848 20.800745 0.7316257953643799 0.10704355686903
Car 0.0 0 1.6378966569900513 538.2036743164062 176.35574340820312 572.5091552734375 204.82470703125 3.9054856 1.4984579 1.6384538 -2.506137 1.2285384 39.762928 1.5749529600143433 0.9987077713012695
Car 0.0 0 2.215993642807007 377.10516357421875 184.11476135253906 509.1659240722656 243.60708618164062 4.013275 1.5044565 1.5786358 -4.411948 1.5880406 20.503761 2.0040478706359863 0.17193907499313354
Car 0.0 0 1.1008315086364746 770.4247436523438 201.93228149414062 1238.0 374.0 3.6508815 1.4043278 1.5760124 2.0875175 1.571599 3.994799 1.5823628902435303 0.13090865314006805
Car 0.0 0 -0.006505846977233887 247.2857666015625 192.7681427001953 452.08526611328125 257.8223571777344 4.351085 1.3517907 1.5953801 -5.86383 1.6415044 16.913397 -0.3402354121208191 0.1296614110469818
