Car 0.0 0 1.8829891681671143 325.3441467285156 187.6172637939453 415.1939697265625 236.7110595703125 3.9227448 1.4159378 1.5808476 -7.4811597 1.5001012 22.885597 1.5670453310012817 0.9993662238121033
Car 0.0 0 -1.3512654304504395 410.87518310546875 182.6005859375 467.7896728515625 216.95835876464844 4.1389227 1.46897 1.6661505 -7.6396184 1.3582919 32.808056 -1.580046534538269 0.9953255653381348
Car 0.0 0 -1.1241216659545898 46.02513885498047 194.55088806152344 395.2998046875 376.0 3.670301 1.4928433 1.583433 -3.534444 1.6125585 7.28884 -1.5756258964538574 0.9944546818733215
Car 0.0 0 -1.5700104236602783 584.5714721679688 182.98336791992188 620.0111083984375 214.6002960205078 3.7100413 1.448105 1.6234626 -0.29880083 1.346992 34.782253 -1.5786007642745972 0.9930572509765625
Car 0.0 0 -1.4022372961044312 443.8324279785156 174.86843872070312 530.4183959960938 242.84620666503906 3.8257806 1.6593456 1.6851181 -3.1961975 1.407899 19.461308 -1.565017580986023 0.9552841186523438
Car 0.0 0 1.9041690826416016 284.591552734375 179.5022430419922 360.7431945800781 215.50672912597656 4.418286 1.4839102 1.7863299 -12.556084 1.2495636 31.86823 1.5288457870483398 0.8565248250961304
Car 0.0 0 2.26300048828125 0.0 191.09385681152344 142.328369140625 278.8534240722656 4.5434585 1.4222385 1.6519514 -11.576116 1.5584049 14.2307205 1.580106258392334 0.8323628902435303
Car 0.0 0 2.150493860244751 37.63463592529297 189.51295471191406 274.17413330078125 291.3757629394531 3.9321718 1.4549642 1.5213639 -7.542206 1.5422817 12.42287 1.6048535108566284 0.5749568343162537
Car 0.0 0 1.7066136598587036 489.78900146484375 182.09458923339844 534.7716674804688 216.32260131835938 4.0419164 1.5723116 1.641729 -4.624092 1.4300712 35.042595 1.5754153728485107 0.3779500722885132
Car 0.0 0 1.8928495645523071 434.3605041503906 182.39552307128906 479.0057373046875 208.7594451904297 3.9470906 1.400596 1.2607169 -8.422894 1.2519044 40.21886 1.6864067316055298 0.22686442732810974
