Car 0.0 0 -1.6845725774765015 668.1451416015625 179.45599365234375 730.5894775390625 228.13027954101562 3.6854975 1.4278784 1.5909175 2.7869265 1.6602736 23.5107 -1.5665844678878784 0.9989444613456726
Car 0.0 0 3.4370827674865723 272.4184875488281 183.80999755859375 449.72857666015625 243.40478515625 4.0514216 1.4470042 1.629204 -6.4005938 1.7451195 18.724077 3.1076979637145996 0.9989416003227234
Car 0.0 0 -1.8660383224487305 734.4746704101562 173.48025512695312 945.2745971679688 326.4294738769531 3.5156345 1.6488942 1.6233988 2.7381737 1.6590898 9.56124 -1.587120771408081 0.9965233206748962
Car 0.0 0 0.7172036170959473 0.0 188.02906799316406 294.997314453125 339.27947998046875 4.041164 1.5096756 1.6196508 -6.074697 1.7072637 8.38631 0.0903158187866211 0.9907029867172241
Car 0.0 0 3.630317449569702 6.236880302429199 187.6975555419922 342.6411437988281 295.0618591308594 4.1525636 1.4642942 1.4707624 -6.438684 1.7058789 10.895063 3.096562147140503 0.9848995208740234
Car 0.0 0 0.2933681309223175 322.80194091796875 180.4164581298828 469.92926025390625 234.91485595703125 3.827693 1.5104904 1.518934 -6.1842103 1.7388881 20.98228 0.006748676300048828 0.9801259636878967
Car 0.0 0 -1.589931607246399 630.40576171875 176.6370086669922 651.6898193359375 195.3334503173828 4.258893 1.4121987 1.6071097 2.4185305 1.7253692 57.513355 -1.5479047298431396 0.9716102480888367
Car 0.0 0 -2.660079002380371 102.89681243896484 166.03515625 367.5162048339844 269.4320068359375 4.0194936 1.7856113 1.6692141 -6.8162518 1.6682112 13.308881 -3.1334056854248047 0.9606930017471313
Car 0.0 0 3.5466654300689697 182.55435180664062 181.45013427734375 387.1868896484375 255.19754028320312 3.7958093 1.5257788 1.6242945 -7.124438 1.7263337 15.961216 3.126843214035034 0.9598080515861511
Car 0.0 0 0.29946082830429077 341.20928955078125 181.49801635742188 468.4525146484375 229.43191528320312 3.698082 1.4852062 1.4985232 -6.646608 1.7757835 23.430927 0.023053884506225586 0.8971920013427734
Car 0.0 0 -0.14907851815223694 717.3628540039062 170.77659606933594 825.0059204101562 212.6809844970703 3.946622 1.6047331 1.7616802 6.2805934 1.5255369 28.639221 0.06680440902709961 0.8462032079696655
Car 0.0 0 3.2675399780273438 445.7046813964844 180.45054626464844 519.1603393554688 209.8477325439453 3.6108842 1.4825556 1.6082109 -6.6639156 1.8896385 37.737675 3.092756509780884 0.8195002675056458
Car 0.0 0 3.2942304611206055 375.936767578125 177.19033813476562 488.0235595703125 218.78189086914062 4.068936 1.5635056 1.6629978 -6.956741 1.7402444 28.338516 3.0535037517547607 0.8134087324142456
