Car 0.0 0 -1.8977302312850952 565.1092529296875 183.2045135498047 715.290771484375 277.3906555175781 3.751356 1.4350477 1.6346416 0.3511156 1.6578662 13.471421 -1.8716723918914795 0.9994451403617859
Car 0.0 0 -1.7127721309661865 465.6951599121094 179.58633422851562 523.9591674804688 220.7354736328125 4.2697506 1.4382299 1.6470135 -4.624124 1.7234795 28.24693 -1.8750364780426025 0.9993981122970581
Car 0.0 0 -1.617903709411621 456.1059265136719 178.9488525390625 493.8921813964844 213.78103637695312 3.649248 1.4884607 1.5424627 -6.343596 1.7880499 33.46787 -1.8052244186401367 0.9984508752822876
Car 0.0 0 1.8363840579986572 0.0 199.9343719482422 197.15676879882812 322.9598693847656 4.195657 1.4204289 1.7340434 -8.092806 1.9411051 11.593465 1.226968765258789 0.9958388805389404
Car 0.0 0 1.938504934310913 0.0 216.80528259277344 124.88524627685547 375.0 3.8211274 1.4837952 1.7149705 -6.3785744 2.0458379 7.127852 1.208525538444519 0.9944062232971191
Car 0.0 0 1.7573487758636475 283.5833740234375 185.78709411621094 327.9909973144531 214.37757873535156 3.84102 1.4445843 1.6043495 -16.9864 2.2049491 40.351776 1.3589067459106445 0.9883400201797485
Car 0.0 0 -2.1689984798431396 762.2254638671875 138.8448486328125 1242.0 375.0 3.697364 1.8673478 1.7856226 2.7575154 1.6769916 6.015612 -1.7391867637634277 0.5645513534545898
Car 0.0 0 -2.8589909076690674 644.01171875 164.15512084960938 745.7449340820312 208.73321533203125 3.805621 1.721884 1.6427416 3.413837 1.3862374 29.362694 -2.743246078491211 0.4611470401287079
Car 0.0 0 -1.054348349571228 261.8932189941406 175.5347137451172 299.1610412597656 194.03639221191406 3.3061047 1.5292314 1.465578 -28.22118 1.7657158 61.842083 -1.48246431350708 0.4145130217075348
Car 0.0 0 -1.3555500507354736 439.8642272949219 174.85015869140625 468.2020263671875 193.37586975097656 3.9290993 1.510892 1.5487436 -13.220723 1.6861026 61.23371 -1.5681920051574707 0.26579993963241577
