Car 0.0 0 -1.9177552461624146 757.2221069335938 184.5730743408203 1114.4769287109375 375.0 4.404142 1.4432927 1.6615437 2.7064962 1.5984981 7.323275 -1.5637495517730713 0.9988247752189636
Car 0.0 0 3.392136573791504 332.1551513671875 170.317138671875 484.3925476074219 224.62147521972656 4.080109 1.5485319 1.6161216 -5.9469824 1.4765496 21.421698 3.1213409900665283 0.9970946311950684
Car 0.0 0 2.7821567058563232 768.892333984375 175.38735961914062 981.7568969726562 248.42376708984375 4.327441 1.6023285 1.6747297 5.9955845 1.6645982 16.758963 3.1257224082946777 0.9944822788238525
Car 0.0 0 3.704571485519409 0.0 183.64010620117188 331.67816162109375 318.0813903808594 4.2054873 1.4521346 1.5598271 -5.836289 1.5958686 8.7563505 3.1166698932647705 0.9887318015098572
Car 0.0 0 0.24228930473327637 395.1231689453125 171.39120483398438 512.208251953125 216.44784545898438 3.8536854 1.5692385 1.5797033 -5.6127253 1.51865 25.97334 0.02946615219116211 0.9824436902999878
Car 0.0 0 -2.754737615585327 280.1056823730469 164.29893493652344 452.396728515625 231.12306213378906 3.975252 1.6763848 1.6729231 -6.4023547 1.4621263 19.05759 -3.0788393020629883 0.9737541675567627
Car 0.0 0 -0.22834479808807373 740.9112548828125 174.09234619140625 851.901123046875 216.19363403320312 3.6970785 1.4988368 1.5403646 6.751511 1.5461371 26.54046 0.020757198333740234 0.9668524265289307
Car 0.0 0 -0.35114243626594543 861.41455078125 180.7937774658203 1149.3524169921875 278.3200988769531 3.9433336 1.4781973 1.6041654 6.403099 1.6240604 12.162945 0.13343524932861328 0.9354816675186157
Car 0.0 0 2.8554635047912598 753.0758666992188 177.19515991210938 887.9076538085938 223.25656127929688 4.0654755 1.4864113 1.5780742 6.9534297 1.6374289 24.235422 3.1348700523376465 0.9167128205299377
Car 0.0 0 -1.6204928159713745 637.0555419921875 173.7317352294922 661.1343994140625 194.36532592773438 3.9418755 1.391081 1.491267 2.6899748 1.4556189 50.78327 -1.5675725936889648 0.8083327412605286
Car 0.0 0 3.331089973449707 403.95074462890625 171.6016845703125 515.314453125 211.30580139160156 4.055574 1.5209754 1.7568254 -5.921911 1.4733598 28.546564 3.1265437602996826 0.8025672435760498
