Pedestrian 0.0 0 -3.4491212368011475 874.5069580078125 145.98548889160156 896.1054077148438 195.4655303955078 0.6147348 1.866264 0.59229636 10.667738 0.56597316 26.979792 -3.0725889205932617 0.12638728320598602
Cyclist 0.0 0 -1.0100226402282715 363.2715148925781 177.6756134033203 395.34906005859375 215.57937622070312 1.8149027 1.6910545 0.5207105 -10.370034 1.5665107 32.483315 -1.319037675857544 0.8476263880729675
Cyclist 0.0 0 -0.06673819571733475 611.6869506835938 168.32920837402344 642.0048828125 198.5625 1.7901146 1.810265 0.637227 1.3077573 1.0828844 42.68139 -0.03610778972506523 0.6551281213760376
Cyclist 0.0 0 -3.1505722999572754 670.5687255859375 168.18214416503906 697.816162109375 198.19708251953125 1.4982604 1.6576602 0.62627965 4.4030437 0.9787669 39.431797 -3.0393707752227783 0.15770971775054932
Cyclist 0.0 0 -2.2814221382141113 1074.125244140625 35.586116790771484 1224.0 370.0 1.7984753 1.8823488 0.56902504 2.7026002 1.481008 2.8726492 -1.526515245437622 0.12464259564876556
Car 0.0 0 -1.4514871835708618 507.0611267089844 176.26614379882812 550.5729370117188 206.02008056640625 3.9348075 1.3797636 1.6710945 -3.701053 1.1848828 34.760944 -1.5575591325759888 0.985945999622345
Car 0.0 0 -1.625946283340454 614.0862426757812 171.2466583251953 641.4749755859375 196.4998016357422 3.2436154 1.5148293 1.5224694 1.3850498 0.9611242 44.04729 -1.5945119857788086 0.8957021236419678
Car 0.0 0 2.484330892562866 984.3117065429688 136.26107788085938 1173.7940673828125 198.10598754882812 4.4863763 1.717302 1.7162853 13.716643 0.49045742 20.642916 3.070812702178955 0.621830403804779
Car 0.0 0 2.0281221866607666 328.62677001953125 183.80596923828125 376.9820556640625 207.95416259765625 3.8422315 1.4618378 1.3649956 -16.108408 1.684408 45.327137 1.6866616010665894 0.24209074676036835
Car 0.0 0 1.6739444732666016 539.9215698242188 173.11602783203125 565.445556640625 195.22586059570312 3.2661898 1.4558259 1.4089558 -3.535869 0.9709523 48.2042 1.6007237434387207 0.23609225451946259
Car 0.0 0 1.675428032875061 535.0733642578125 171.4506072998047 566.6882934570312 199.95826721191406 3.6354506 1.5629096 1.4402685 -3.0752718 1.068182 40.596294 1.5998198986053467 0.11015579849481583
