Car 0.0 0 -1.9907314777374268 834.697509765625 182.8832244873047 1172.5484619140625 370.6552429199219 3.7112486 1.449421 1.6358378 3.6775312 1.5821939 7.645561 -1.542397379875183 0.9989564418792725
Car 0.0 0 -1.7484995126724243 715.6312255859375 180.61474609375 812.1435546875 247.221435546875 3.9909127 1.4378536 1.645236 3.6680496 1.6541079 18.056116 -1.5480796098709106 0.9988957643508911
Car 0.0 0 1.9288829565048218 241.0196075439453 190.48773193359375 421.88262939453125 296.75543212890625 4.0348063 1.4585205 1.5896143 -4.661453 1.8160287 12.590962 1.5743076801300049 0.9983853101730347
Car 0.0 0 -1.714968204498291 701.1348876953125 177.83351135253906 770.431640625 228.53858947753906 3.9343188 1.4928633 1.6632378 3.976661 1.6699247 23.616291 -1.5481468439102173 0.9983697533607483
Car 0.0 0 1.84486722946167 362.2257385253906 184.70941162109375 473.72760009765625 255.1912078857422 4.0462112 1.4876325 1.6302798 -4.6718287 1.8164775 17.95087 1.590259075164795 0.9983121156692505
Car 0.0 0 -1.8555160760879517 743.987060546875 180.1392822265625 902.1104125976562 279.1926574707031 3.869042 1.4532306 1.6090802 3.5228016 1.6026926 12.81707 -1.587287187576294 0.9980151653289795
Car 0.0 0 2.1516246795654297 0.0 199.5261688232422 301.1485900878906 375.0 4.019702 1.472897 1.6102756 -4.693186 1.8061981 6.9856853 1.5600565671920776 0.9965981841087341
Car 0.0 0 1.7199493646621704 498.7757873535156 177.400146484375 541.0540771484375 212.5085906982422 3.400615 1.5462369 1.4857668 -4.227499 1.771275 33.9386 1.596024513244629 0.995358407497406
Car 0.0 0 1.7516916990280151 514.9561767578125 176.0952606201172 555.837158203125 208.20169067382812 3.9116342 1.6127142 1.5000887 -3.9796076 1.7957485 38.6543 1.649099349975586 0.9814440011978149
Car 0.0 0 -2.59360408782959 1132.549072265625 194.1772003173828 1242.0 375.0 3.8994222 1.4503661 1.6253786 3.5780447 1.5687457 2.013648 -1.5354090929031372 0.9740798473358154
Car 0.0 0 -1.7178199291229248 686.9933471679688 176.7588653564453 745.525146484375 217.02951049804688 3.9625351 1.4807324 1.7402414 4.1338305 1.6482453 28.898453 -1.5757369995117188 0.969290018081665
