Car 0.0 0 -1.729171633720398 683.6712036132812 182.92916870117188 784.1201782226562 254.76651000976562 4.1349196 1.4001118 1.6154889 2.6758127 1.6626818 16.70787 -1.5703673362731934 0.9991870522499084
Car 0.0 0 3.6060187816619873 99.60016632080078 184.49893188476562 367.9111022949219 274.1013488769531 4.143543 1.5379236 1.6276594 -6.9027734 1.7686079 13.433647 3.1313588619232178 0.9978758096694946
Car 0.0 0 3.6761980056762695 0.0 186.44334411621094 285.05322265625 293.7895202636719 3.6073487 1.4974287 1.53523 -7.2091513 1.7230182 11.115635 3.1008360385894775 0.9969547986984253
Car 0.0 0 0.6115047335624695 0.0 187.6553955078125 320.2765808105469 327.3916015625 3.7030687 1.5093994 1.5010365 -5.73025 1.706442 8.77411 0.03296303749084473 0.9883783459663391
Car 0.0 0 -2.944842576980591 448.15362548828125 177.2390899658203 534.5703125 209.43197631835938 3.9662497 1.5341381 1.5351248 -5.824474 1.754987 35.44338 -3.1077187061309814 0.9868484735488892
Car 0.0 0 -0.20373108983039856 759.0712280273438 177.9912109375 902.1692504882812 228.52017211914062 3.8836286 1.4462272 1.645305 6.5336404 1.6091242 21.8381 0.08697819709777832 0.9848564267158508
Car 0.0 0 0.4545837938785553 178.57310485839844 179.2563934326172 369.1037902832031 255.3576202392578 3.4042299 1.54969 1.5686096 -7.2432485 1.6962 15.648283 0.0210721492767334 0.9686286449432373
Car 0.0 0 -1.596165657043457 632.4280395507812 176.12448120117188 653.3702392578125 194.20213317871094 4.1294303 1.4428235 1.6415148 2.7017941 1.7264745 60.41787 -1.5514769554138184 0.96444171667099
Car 0.0 0 3.2945821285247803 416.729248046875 178.6836395263672 514.3222045898438 213.69786071777344 3.8994195 1.442463 1.6229709 -6.171454 1.6998804 30.917126 3.0975589752197266 0.9546205997467041
Car 0.0 0 3.4489974975585938 271.1206970214844 184.18096923828125 462.6890869140625 244.35226440429688 4.27396 1.4147793 1.5915283 -6.0382643 1.7123101 18.100569 3.127011299133301 0.8572185635566711
Car 0.0 0 -2.5778582096099854 404.2006530761719 174.35597229003906 506.13232421875 216.93505859375 3.653538 1.6002184 1.612674 -6.170603 1.6629963 28.59764 -2.7903733253479004 0.8176391124725342
