Car 0.0 0 -1.6947864294052124 659.8086547851562 177.88417053222656 723.1599731445312 227.95523071289062 3.657936 1.5400724 1.6703252 2.6315472 1.723419 24.402884 -1.5873639583587646 0.9991998076438904
Car 0.0 0 -1.7863218784332275 700.1377563476562 181.35214233398438 832.744140625 273.3695373535156 3.8853283 1.460306 1.6229572 2.7567563 1.6458807 13.7662945 -1.5886820554733276 0.9981842637062073
Car 0.0 0 0.3587722182273865 220.79989624023438 168.3771514892578 437.7637023925781 252.945556640625 4.4215927 1.8853753 1.7691624 -6.5231504 1.7859262 16.98531 -0.007906049489974976 0.9964768290519714
Car 0.0 0 -2.7444183826446533 371.5208740234375 176.30386352539062 493.2061462402344 228.8720703125 3.747089 1.7280082 1.6358141 -6.146153 1.8529639 24.958227 -2.9858717918395996 0.993447482585907
Car 0.0 0 3.848276138305664 0.0 188.1359100341797 145.7436065673828 374.0001525878906 3.7915597 1.5288795 1.6274394 -7.0356164 1.6988863 7.048676 3.063805341720581 0.9933227896690369
Car 0.0 0 -1.6574337482452393 652.0941772460938 182.45480346679688 696.9007568359375 219.7147674560547 3.87466 1.4312714 1.5519813 2.638788 1.865287 30.650375 -1.5715523958206177 0.9918314814567566
Car 0.0 0 -2.7613978385925293 0.0 0.0 1242.0 375.0 4.0677767 1.6088111 1.6524136 3.0155976 1.5967698 1.2799523 -1.5920010805130005 0.9692375063896179
Car 0.0 0 0.5542805194854736 45.4695930480957 179.28814697265625 348.2420654296875 283.7675476074219 4.169062 1.6109143 1.6987412 -6.86282 1.7281566 12.171093 0.04085683822631836 0.9490522146224976
Car 0.0 0 -1.6674572229385376 641.7101440429688 175.6064453125 677.2295532226562 206.13230895996094 3.3830616 1.5945557 1.623381 2.6463172 1.7529577 39.71221 -1.600918173789978 0.9309984445571899
Car 0.0 0 0.34311366081237793 325.33514404296875 183.85943603515625 474.1189270019531 233.73651123046875 4.1132708 1.4475006 1.5879185 -6.464824 1.801388 22.258577 0.060448646545410156 0.7863598465919495
Car 0.0 0 -1.4712220430374146 528.1693115234375 177.86634826660156 553.6064453125 198.52259826660156 3.5255659 1.4140193 1.484248 -4.979347 1.7879839 52.012814 -1.566664218902588 0.6850204467773438
