Pedestrian 0.0 0 1.6516103744506836 707.2487182617188 152.46475219726562 752.3679809570312 281.363037109375 0.67893475 1.6991785 0.56022006 1.7262663 1.3177551 9.865674 1.8248337507247925 0.9905217885971069
Pedestrian 0.0 0 2.1332967281341553 0.0 102.8074722290039 161.7869110107422 374.0 0.8750329 1.7638949 0.60899115 -2.7393956 1.4330697 3.4966695 1.4687414169311523 0.8977082967758179
Pedestrian 0.0 0 1.4545036554336548 735.1844482421875 143.96177673339844 792.1229858398438 295.6435852050781 0.6532382 1.7031847 0.57403773 1.839785 1.2830329 8.416696 1.6697063446044922 0.8769477009773254
Pedestrian 0.0 0 -2.9321610927581787 559.53955078125 142.47918701171875 617.9292602539062 233.2608642578125 1.1471366 1.8606712 0.50140256 -0.29877943 1.0621355 15.074773 -2.9519784450531006 0.6826592683792114
Pedestrian 0.0 0 -2.407327651977539 850.1776733398438 155.1933135986328 976.1351318359375 374.0 0.74924856 1.5586572 0.4726033 2.2880878 1.3769181 5.437835 -2.0090436935424805 0.6094593405723572
Pedestrian 0.0 0 2.831573724746704 769.364990234375 145.91883850097656 830.1673583984375 283.4596862792969 0.59127635 1.7638565 0.70327264 2.584105 1.3088881 9.574455 3.0951883792877197 0.588735044002533
Pedestrian 0.0 0 -0.15949603915214539 810.61083984375 141.8479461669922 907.28515625 327.3998718261719 0.7777521 1.6724563 0.57853675 2.3739316 1.3164355 6.824677 0.17525792121887207 0.36216557025909424
Pedestrian 0.0 0 1.585319995880127 764.1338500976562 141.7021484375 799.6060180664062 263.4010925292969 0.59514093 1.8061904 0.51356983 2.7242036 1.2168404 11.0116005 1.8278443813323975 0.32126864790916443
Pedestrian 0.0 0 -1.3945975303649902 290.5895080566406 127.55207824707031 367.81536865234375 315.5185852050781 1.1143433 1.738399 0.5449344 -2.7615383 1.2408412 7.2391834 -1.7590292692184448 0.2712441086769104
Pedestrian 0.0 0 1.5597124099731445 833.94384765625 131.9912109375 880.2720947265625 256.0247497558594 0.85156804 1.7620324 0.6259372 3.7563357 1.060022 10.705766 1.8971623182296753 0.13010013103485107
Cyclist 0.0 0 -2.7006664276123047 237.26902770996094 128.8307647705078 398.7969970703125 313.1217346191406 1.3851012 1.7680877 0.61617124 -2.876915 1.2641516 7.239959 -3.078900098800659 0.2970028221607208
Cyclist 0.0 0 -3.0641088485717773 556.6691284179688 142.11631774902344 634.2830200195312 230.2493896484375 1.5954579 1.8146473 0.6250075 -0.14949627 1.0049813 15.153492 -3.0739738941192627 0.24566619098186493
Cyclist 0.0 0 2.753159999847412 789.9302368164062 137.3118438720703 889.8048706054688 258.4099426269531 1.2472546 1.7464608 0.69346046 3.5036104 1.1104985 10.748608 3.0682594776153564 0.10864269733428955
Car 0.0 0 1.5822081565856934 527.8364868164062 159.21682739257812 577.572265625 204.92872619628906 4.1407094 1.5294274 1.6637205 -1.7731979 0.7849592 26.145306 1.5144909620285034 0.969271183013916
Car 0.0 0 -1.153220772743225 512.0806884765625 172.5935821533203 584.9091186523438 203.56471252441406 4.2494764 1.270936 1.6242441 -2.2662618 0.9064401 31.749332 -1.2244797945022583 0.2932758033275604
Car 0.0 0 -2.8107662200927734 0.0 0.0 1238.0 374.0 3.6724443 1.4660711 1.5811008 3.0362837 1.4598019 1.0306696 -1.567216157913208 0.1167733371257782
Car 0.0 0 -1.5681581497192383 574.8636474609375 164.22218322753906 646.2677001953125 231.52554321289062 2.6147513 1.4072199 1.4937775 0.16969573 1.0471992 16.33377 -1.5577692985534668 0.10321776568889618
