Pedestrian 0.0 0 -0.185513436794281 645.4010620117188 170.82704162597656 660.4461059570312 198.93515014648438 0.908803 1.8300931 0.4903758 2.7796938 1.698478 47.276608 -0.12678465247154236 0.32127177715301514
Pedestrian 0.0 0 3.2648332118988037 162.9254913330078 179.3570556640625 272.177734375 355.2147521972656 0.90876305 1.6768061 0.68743116 -4.0448537 1.7482709 7.39998 2.764601469039917 0.27677294611930847
Cyclist 0.0 0 2.102855920791626 124.05162048339844 167.65985107421875 286.97589111328125 363.799072265625 1.66692 1.7778585 0.7023009 -4.100606 1.7311351 7.3793964 1.595659852027893 0.8350310325622559
Car 0.0 0 -1.7864933013916016 719.4856567382812 173.51425170898438 902.6021118164062 304.9563903808594 3.870074 1.5324664 1.6559308 2.5930543 1.5441238 10.38742 -1.5418590307235718 0.9980077147483826
Car 0.0 0 3.4442663192749023 273.4698486328125 173.78077697753906 446.5959777832031 250.8483123779297 3.6648352 1.7878335 1.6925681 -6.0585027 1.8120236 17.65434 3.1136858463287354 0.9446671009063721
Car 0.0 0 1.870344638824463 544.1686401367188 175.51808166503906 577.6046142578125 195.560791015625 3.6706343 1.4488258 1.5116198 -3.7082398 1.6581578 54.635902 1.8025767803192139 0.7951673865318298
Car 0.0 0 -1.6271426677703857 657.4320678710938 174.74867248535156 700.9431762695312 208.86813354492188 4.2068534 1.4730334 1.7629948 3.1106558 1.5670191 33.519016 -1.5346050262451172 0.6475324034690857
Car 0.0 0 1.727415919303894 578.7176513671875 173.52877807617188 603.1264038085938 190.8585968017578 4.197315 1.5295471 1.5997058 -1.7321819 1.5937064 66.03585 1.7011909484863281 0.4882015585899353
Car 0.0 0 -0.0815827026963234 645.6041870117188 170.70155334472656 716.2076416015625 195.40528869628906 4.5276175 1.6063694 1.7244085 4.6242394 1.4667637 47.811237 0.01483607292175293 0.2240626960992813
Car 0.0 0 2.589228630065918 0.0 202.5399169921875 110.02731323242188 375.0 3.916229 1.5544733 1.5456952 -3.712246 1.7274165 2.224423 1.5582722425460815 0.11435810476541519
