Car 0.0 0 -1.9319589138031006 760.6925659179688 174.80242919921875 1051.8701171875 371.0263977050781 3.4340835 1.5925206 1.616504 2.730454 1.6181304 7.6180363 -1.5878030061721802 0.9986316561698914
Car 0.0 0 -1.7000160217285156 672.5586547851562 182.926513671875 743.87109375 236.79086303710938 3.8157792 1.4172848 1.612605 2.8001933 1.7459087 21.604225 -1.571121335029602 0.9978748559951782
Car 0.0 0 -2.564220905303955 2.2017970085144043 170.869873046875 323.9629211425781 296.2229309082031 4.0636272 1.8219935 1.6878296 -6.935283 1.7935122 11.390097 -3.111149311065674 0.9974568486213684
Car 0.0 0 0.8381272554397583 0.0 194.20216369628906 219.33023071289062 375.0 4.1700587 1.4704156 1.662247 -6.010606 1.6890297 6.3746624 0.08211493492126465 0.9961212277412415
Car 0.0 0 0.365278959274292 231.2154998779297 187.01132202148438 433.28656005859375 253.9269256591797 4.071529 1.4459985 1.5988207 -6.3789845 1.7903907 16.729742 0.0009999275207519531 0.9943000078201294
Car 0.0 0 3.7372708320617676 0.0 194.6063690185547 295.2802734375 327.15313720703125 4.2195177 1.4540037 1.5257319 -6.4236846 1.75014 8.994009 3.1170661449432373 0.9923962950706482
Car 0.0 0 0.3366739749908447 297.7687683105469 182.6539764404297 469.79638671875 244.1015625 4.071539 1.5330615 1.5194331 -5.9529133 1.8040421 19.09287 0.0344386100769043 0.9916783571243286
Car 0.0 0 3.5785324573516846 126.22874450683594 184.1873779296875 367.17547607421875 270.67303466796875 3.8755932 1.5521675 1.5776576 -6.9631777 1.7856364 14.002061 3.1170499324798584 0.9821297526359558
Car 0.0 0 -0.146641805768013 722.5702514648438 171.76968383789062 842.3209838867188 217.2810516357422 4.072406 1.6122792 1.7960895 6.2314954 1.5742242 26.62267 0.08328604698181152 0.9794564843177795
Car 0.0 0 3.323854684829712 393.73980712890625 181.7128143310547 505.300048828125 220.87969970703125 4.1161275 1.4902445 1.5626951 -6.358344 1.8533975 28.691868 3.10577130317688 0.9723065495491028
Car 0.0 0 -1.6635769605636597 632.451904296875 179.77354431152344 657.3095092773438 199.3106689453125 3.8776352 1.4031106 1.5401472 2.6089997 1.9516289 55.18503 -1.6163347959518433 0.9681706428527832
Car 0.0 0 3.4524660110473633 301.2984924316406 183.54562377929688 448.40533447265625 235.5970001220703 3.8869805 1.4694942 1.4790405 -6.952072 1.7983179 21.418898 3.1386170387268066 0.964182436466217
Car 0.0 0 0.33352556824684143 348.9483947753906 179.67132568359375 489.0025939941406 230.287109375 4.194371 1.5906589 1.5808638 -6.3051605 1.8255429 23.873217 0.07531142234802246 0.9617710113525391
Car 0.0 0 0.24996556341648102 368.82952880859375 181.11605834960938 482.9494323730469 223.08311462402344 3.7918894 1.4763455 1.5421394 -6.7342863 1.7885237 26.456564 0.0007174015045166016 0.958259105682373
Car 0.0 0 3.251577615737915 429.1787414550781 185.17758178710938 519.0783081054688 214.70675659179688 4.234641 1.3934731 1.593777 -6.720014 2.0215888 35.79756 3.066014528274536 0.9255932569503784
