Car 0.0 0 -1.7535605430603027 681.6019287109375 183.32537841796875 784.265380859375 252.4454345703125 4.1226115 1.3522245 1.5928166 2.6721902 1.6269822 16.824203 -1.5960462093353271 0.9993334412574768
Car 0.0 0 -1.6819571256637573 664.2781372070312 176.5232391357422 723.544921875 222.14808654785156 4.1429663 1.4922482 1.6505584 2.8951387 1.6353809 26.001453 -1.5710686445236206 0.997536301612854
Car 0.0 0 0.5695655345916748 2.7025723457336426 190.29981994628906 359.424560546875 303.59503173828125 4.298689 1.4688416 1.583122 -6.1254945 1.7444999 10.503113 0.04158496856689453 0.9961185455322266
Car 0.0 0 3.4780967235565186 263.3580017089844 177.518798828125 441.3786315917969 247.6009979248047 3.84681 1.6541743 1.6534483 -6.364409 1.77614 17.973074 3.1377668380737305 0.9950228929519653
Car 0.0 0 1.7055054903030396 552.36767578125 176.04550170898438 589.4614868164062 202.7264404296875 3.7059023 1.4352274 1.6324571 -2.2198143 1.6262088 41.180824 1.651653528213501 0.9783192276954651
Car 0.0 0 0.2326502799987793 277.32550048828125 182.20925903320312 438.4355163574219 238.75257873535156 4.027679 1.4914123 1.6328061 -7.055997 1.7691934 20.379263 -0.10066571831703186 0.9684039950370789
Car 0.0 0 0.3011365532875061 350.9102478027344 183.15232849121094 498.06536865234375 230.20166015625 4.3164673 1.4326857 1.6092634 -5.961073 1.7783844 23.280535 0.05046820640563965 0.9680029153823853
Car 0.0 0 -1.6886626482009888 643.44482421875 175.44541931152344 677.916015625 201.02041625976562 3.8335903 1.4957331 1.6754774 3.0518425 1.6631204 44.548058 -1.6202627420425415 0.8722801804542542
Car 0.0 0 0.24235576391220093 383.83148193359375 181.1671142578125 500.31597900390625 225.30361938476562 3.8115518 1.5185705 1.5916775 -6.0233855 1.8274891 25.95574 0.014328241348266602 0.7775928378105164
Car 0.0 0 0.09500779211521149 493.0994567871094 174.67489624023438 550.3898315429688 198.13539123535156 3.6429732 1.5259936 1.5748233 -5.856088 1.6493353 47.8952 -0.026657119393348694 0.7116717100143433
