Pedestrian 0.0 0 -2.6657555103302 535.25 163.07383728027344 568.6294555664062 217.4660186767578 0.92984104 1.7750747 0.6156267 -1.7939246 1.2079206 23.533882 -2.741835594177246 0.7868222594261169
Pedestrian 0.0 0 -1.8319547176361084 711.8648681640625 160.62281799316406 730.8131103515625 198.9905548095703 1.2078807 1.8082232 0.6043172 5.562698 0.872885 33.948143 -1.6695393323898315 0.2414149045944214
Pedestrian 0.0 0 -1.1529589891433716 330.4197082519531 173.63783264160156 356.16973876953125 225.31861877441406 0.9217351 1.7315313 0.49555445 -8.9652195 1.5031571 24.159695 -1.5082899332046509 0.1828819066286087
Cyclist 0.0 0 -3.2338171005249023 705.5966186523438 159.98374938964844 741.84423828125 197.93077087402344 1.6705215 1.8061347 0.5962238 5.6853886 0.83108455 34.006474 -3.0681636333465576 0.5769692063331604
Cyclist 0.0 0 -0.7836865186691284 296.0577087402344 166.6717987060547 356.4452209472656 229.5026092529297 1.6915312 1.7273288 0.5938637 -8.0217285 1.3487457 20.326994 -1.1595587730407715 0.3759915232658386
Cyclist 0.0 0 -3.5640852451324463 953.8695678710938 156.67149353027344 1019.08154296875 211.28135681152344 1.6091894 1.6572791 0.7511293 11.757683 0.93569994 21.883625 -3.071058511734009 0.15786343812942505
Car 0.0 0 -1.3690283298492432 410.2088317871094 178.23239135742188 508.40240478515625 243.53851318359375 3.4916782 1.3654308 1.5705748 -3.3244088 1.3196414 16.52651 -1.5675352811813354 0.9984185695648193
Car 0.0 0 1.729493498802185 479.7198486328125 173.0723419189453 509.6162414550781 192.00192260742188 4.4145293 1.471192 1.7135216 -8.859624 0.8951682 57.157795 1.575714349746704 0.9692690968513489
Car 0.0 0 -3.5895490646362305 971.53466796875 150.5135955810547 1091.237548828125 190.34927368164062 4.3396077 1.7602324 1.7877123 19.387445 0.43668094 32.3276 -3.0493369102478027 0.7860862612724304
Car 0.0 0 1.531389594078064 694.570068359375 166.6022186279297 723.0359497070312 194.38279724121094 3.6752594 1.5104493 1.4545711 5.876985 0.7562181 40.34165 1.6760523319244385 0.31433066725730896
Car 0.0 0 1.950570821762085 439.26983642578125 176.58126831054688 474.8531494140625 196.4099578857422 3.9716325 1.5629466 1.4828708 -12.036378 1.2553024 57.81078 1.74530029296875 0.19137278199195862
