Pedestrian 0.0 0 0.9758315086364746 670.1173706054688 144.31332397460938 725.3219604492188 262.54681396484375 0.6498385 1.7402378 0.57041603 1.3669515 1.2092816 10.820612 1.101494312286377 0.9938783049583435
Pedestrian 0.0 0 1.276176929473877 614.9790649414062 141.62789916992188 666.3284912109375 268.7868957519531 0.7587046 1.8331274 0.57165396 0.47864765 1.2744111 10.626061 1.3211911916732788 0.9892511963844299
Pedestrian 0.0 0 -2.2373876571655273 1089.1817626953125 120.7868881225586 1224.0 370.0 0.76512873 1.7385316 0.60707504 3.0643063 1.4576668 3.730041 -1.54966139793396 0.7163838744163513
Pedestrian 0.0 0 0.6718330383300781 465.636962890625 134.3746337890625 519.3080444335938 232.70884704589844 0.7944439 1.8703505 0.68047714 -2.2569332 0.9946649 13.934422 0.5112593173980713 0.653666079044342
Pedestrian 0.0 0 0.4216095209121704 545.7188720703125 139.6409454345703 603.0963134765625 241.0341796875 0.91285354 1.8334225 0.58666795 -0.61122674 1.0962378 13.220351 0.3754086494445801 0.608920693397522
Pedestrian 0.0 0 1.2581491470336914 493.20245361328125 134.82315063476562 532.7760009765625 221.94715881347656 0.7264599 1.8186303 0.65130395 -2.0274756 0.86679214 15.222041 1.1257350444793701 0.5680331587791443
Pedestrian 0.0 0 1.6111279726028442 538.3425903320312 137.36680603027344 570.6460571289062 230.26463317871094 0.7204416 1.850711 0.63283145 -1.0658588 0.99303997 14.451411 1.5375065803527832 0.500604510307312
Pedestrian 0.0 0 1.2484157085418701 670.43212890625 147.2332763671875 704.286865234375 231.37338256835938 0.74238896 1.7182714 0.49413493 1.6815611 1.0405385 14.84854 1.3611828088760376 0.3183198869228363
Pedestrian 0.0 0 1.1225141286849976 444.21295166015625 139.15533447265625 494.675048828125 239.81065368652344 1.0553049 1.7507962 0.48914984 -2.520563 1.0332935 12.86249 0.9290039539337158 0.2879541218280792
Pedestrian 0.0 0 1.3262007236480713 637.220458984375 137.4299774169922 678.724609375 229.83116149902344 0.76633704 1.8457882 0.6842808 1.0399723 0.98705816 14.555317 1.397529125213623 0.20795559883117676
Pedestrian 0.0 0 0.7217437028884888 585.1760864257812 141.9949951171875 637.0010986328125 237.9585418701172 0.848927 1.7839441 0.54650146 0.07176211 1.069781 13.62521 0.7270104885101318 0.20300157368183136
Pedestrian 0.0 0 1.714883804321289 411.97705078125 146.31561279296875 433.099609375 204.1334228515625 0.7399505 1.763219 0.5362801 -5.6928515 0.72228605 21.954382 1.4611680507659912 0.17394804954528809
Pedestrian 0.0 0 1.4917672872543335 526.9959106445312 138.42713928222656 552.3853759765625 206.53346252441406 0.78668606 1.8545943 0.6417929 -1.8601662 0.710494 19.69135 1.397580623626709 0.16097618639469147
