Pedestrian 0.0 0 1.4614057540893555 0.0 175.57168579101562 48.77394485473633 289.6645202636719 0.6512813 1.8021946 0.7152413 -9.817054 1.8492088 11.900998 0.7716691493988037 0.14089062809944153
Car 0.0 0 -1.8733186721801758 755.8382568359375 182.84268188476562 943.4981689453125 303.1305236816406 3.3702722 1.379962 1.527026 3.1317906 1.5455757 10.245035 -1.5766510963439941 0.9983863830566406
Car 0.0 0 2.078643560409546 67.32081604003906 196.51612854003906 305.5749206542969 321.33428955078125 3.465357 1.4121428 1.4715651 -5.965016 1.81576 10.556582 1.5643177032470703 0.9979068040847778
Car 0.0 0 -2.770430564880371 299.3746337890625 176.75857543945312 407.20867919921875 215.71914672851562 4.568316 1.8182483 1.7849255 -12.367491 2.0122643 34.82351 -3.1116838455200195 0.9955193996429443
Car 0.0 0 -2.193788766860962 839.1829833984375 184.0908660888672 1242.0 375.0 3.5008008 1.487077 1.53088 2.903217 1.5902474 4.794 -1.6492663621902466 0.9952238202095032
Car 0.0 0 2.5075814723968506 0.0 192.7278594970703 108.3055419921875 375.0 3.8491318 1.6199031 1.6206731 -6.115704 1.825402 5.452857 1.664948582649231 0.9566424489021301
Car 0.0 0 -3.4377079010009766 789.40966796875 166.18905639648438 881.7017822265625 198.44093322753906 3.9710667 1.5326242 1.6762377 10.890734 1.2162609 35.132084 -3.1371078491210938 0.9175201654434204
Car 0.0 0 1.0656031370162964 261.01446533203125 180.08819580078125 318.4902038574219 204.78628540039062 3.6704388 1.4139608 1.6356255 -19.622938 1.8740695 44.094078 0.6468946933746338 0.3781929612159729
Car 0.0 0 0.4271535277366638 142.40985107421875 186.56163024902344 241.18453979492188 218.9413604736328 3.7844934 1.4795699 1.6431801 -20.151905 2.160474 34.817688 -0.09751957654953003 0.3554576337337494
Car 0.0 0 1.354743242263794 907.3939819335938 159.01229858398438 957.4623413085938 192.4608612060547 3.8721216 1.5594213 1.4532285 15.835819 0.9144586 35.678776 1.7724661827087402 0.13918757438659668
