Pedestrian 0.0 0 1.2457172870635986 757.2237548828125 152.9534912109375 810.7841186523438 268.06781005859375 0.7697668 1.7418029 0.5967978 2.8093386 1.3111686 11.274294 1.4899249076843262 0.9321999549865723
Pedestrian 0.0 0 -2.4629831314086914 1151.38037109375 160.7548370361328 1238.0 374.0 0.6349065 1.5719175 0.6221639 3.4429214 1.4730414 3.833739 -1.7312418222427368 0.4089953601360321
Pedestrian 0.0 0 2.617274284362793 26.623172760009766 146.10804748535156 109.59361267089844 300.2928771972656 0.62059003 1.8738692 0.6190809 -6.8210707 1.4450779 9.134765 1.9758784770965576 0.3567921817302704
Pedestrian 0.0 0 -2.0975236892700195 540.686279296875 164.5587158203125 554.6578369140625 195.53343200683594 0.60380095 1.8157861 0.602841 -3.181669 0.8234355 42.52679 -2.1722002029418945 0.33199527859687805
Pedestrian 0.0 0 -0.2746960520744324 577.3538818359375 164.21255493164062 591.0357055664062 196.94541931152344 0.65042645 1.8964398 0.6393792 -1.0090598 0.89564145 42.01672 -0.29870709776878357 0.2915133237838745
Pedestrian 0.0 0 -0.02283872663974762 421.7747802734375 171.54518127441406 445.8123779296875 228.270751953125 0.73014194 1.7744755 0.5749156 -5.3600535 1.4641793 22.837954 -0.25336578488349915 0.21735771000385284
Pedestrian 0.0 0 1.6848948001861572 474.5641174316406 164.24842834472656 493.3889465332031 213.43292236328125 0.69935215 1.7394817 0.59214616 -4.2310386 1.1304128 25.766022 1.5221372842788696 0.11713121831417084
Cyclist 0.0 0 3.3325400352478027 353.31182861328125 156.1658935546875 425.5518798828125 247.4708251953125 1.3192089 1.7947092 0.5229442 -4.285355 1.2979861 14.441577 3.044079303741455 0.15263324975967407
Car 0.0 0 1.7312228679656982 381.2973327636719 172.0983428955078 554.2274169921875 316.3348693847656 4.1021595 1.579396 1.6453907 -1.6440449 1.4778033 9.917416 1.5669432878494263 0.99619460105896
Car 0.0 0 -0.31260746717453003 521.672119140625 162.7823944091797 592.7025756835938 183.971923828125 5.0150967 1.531723 1.695535 -3.2789655 0.17929433 53.62811 -0.37367409467697144 0.38879773020744324
