Pedestrian 0.0 0 1.7771551609039307 471.20916748046875 175.15061950683594 505.7900390625 240.41432189941406 1.6690047 1.7227907 0.61714894 -3.3876774 1.789346 19.949133 1.608944058418274 0.16592475771903992
Cyclist 0.0 0 1.7719249725341797 473.6806945800781 178.94107055664062 507.0125732421875 242.6686553955078 1.6815567 1.6771706 0.5907058 -3.3455021 1.8534514 19.999762 1.6061824560165405 0.9866906404495239
Car 0.0 0 -1.7352043390274048 630.671630859375 178.77511596679688 685.924560546875 217.8618621826172 4.230179 1.427159 1.5401804 1.8342311 1.6849561 29.185976 -1.672440528869629 0.9983429908752441
Car 0.0 0 2.4321532249450684 984.2506103515625 177.0758056640625 1242.0 326.66162109375 3.6926353 1.4734328 1.5555974 6.3386254 1.5256058 8.002653 3.1020374298095703 0.9969283938407898
Car 0.0 0 3.728950262069702 0.0 190.41033935546875 270.3157958984375 317.1300964355469 4.1152954 1.4642544 1.5659846 -6.937642 1.7160254 9.453698 3.09586238861084 0.996533989906311
Car 0.0 0 2.5000877380371094 846.7422485351562 175.4839324951172 1174.2626953125 289.0214538574219 4.120544 1.5141612 1.6701792 5.8238897 1.5580039 10.799835 2.994645833969116 0.9773245453834534
Car 0.0 0 2.7315964698791504 779.2302856445312 182.48495483398438 1029.156494140625 267.6516418457031 4.0905156 1.4844809 1.540602 5.374312 1.6776344 13.602406 3.1078717708587646 0.976382315158844
Car 0.0 0 2.298715829849243 1070.2698974609375 177.29949951171875 1242.0 375.0 4.0437245 1.4886383 1.6589587 6.0666227 1.5289171 5.6101513 3.1231863498687744 0.9682554602622986
Car 0.0 0 -2.610363483428955 52.11862564086914 175.61268615722656 327.0461730957031 285.2292785644531 3.6498117 1.7032808 1.660339 -6.9494905 1.7531537 12.0997505 -3.131709098815918 0.9584931135177612
Car 0.0 0 2.795518636703491 778.916259765625 175.02581787109375 973.3344116210938 251.354736328125 3.708482 1.588109 1.4844267 5.6771903 1.6382613 15.796162 3.1405458450317383 0.9464758634567261
Car 0.0 0 0.3122228980064392 356.0015563964844 183.65492248535156 472.2804260253906 226.62936401367188 3.7311916 1.4660478 1.5692066 -7.025484 1.867557 25.92305 0.047567129135131836 0.811042308807373
