Car 0.0 0 -1.8297839164733887 758.6203002929688 188.07371520996094 898.8699340820312 278.18731689453125 3.9268503 1.440179 1.6310349 4.0550594 1.7813665 14.176283 -1.551178216934204 0.9993665814399719
Car 0.0 0 1.7575161457061768 491.8058166503906 184.5646209716797 547.81982421875 226.60411071777344 3.8198004 1.5777828 1.6391251 -3.735368 2.0989125 30.126064 1.6341545581817627 0.9992842078208923
Car 0.0 0 -1.7795917987823486 730.7088012695312 183.5298309326172 814.6734619140625 245.57984924316406 3.361654 1.5100309 1.5650048 4.324208 1.8286511 19.821854 -1.5648033618927002 0.997999370098114
Car 0.0 0 -1.6798559427261353 689.5971069335938 181.2804718017578 732.5855102539062 213.6869659423828 4.09558 1.4589088 1.6531028 4.8920617 1.8995303 35.62619 -1.5433928966522217 0.9924094676971436
Car 0.0 0 -1.6775285005569458 713.4531860351562 182.4659881591797 774.366455078125 228.8406219482422 3.9043689 1.433386 1.6595335 4.5366035 1.7953854 25.137693 -1.498980164527893 0.9920788407325745
Car 0.0 0 2.4877748489379883 0.0 207.16920471191406 119.988525390625 375.0 4.1243925 1.5189799 1.7154804 -4.7075515 1.7862861 3.5404952 1.561814785003662 0.9814649224281311
Car 0.0 0 1.6090810298919678 576.5154418945312 180.9549102783203 597.2930908203125 201.63784790039062 3.8754232 1.5326165 1.4934902 -1.8195319 2.193954 56.92754 1.577129602432251 0.9471200108528137
Car 0.0 0 -2.0155386924743652 843.1046142578125 164.56646728515625 1242.0 375.0 4.3420224 1.7523926 1.7894785 3.9581945 1.6899416 7.664103 -1.5388107299804688 0.945342481136322
Car 0.0 0 -1.6361665725708008 701.7923583984375 180.95921325683594 744.3572998046875 219.68850708007812 3.7525885 1.4930383 1.5255342 4.6910987 1.8584402 30.558529 -1.4838438034057617 0.8918850421905518
Car 0.0 0 1.7523016929626465 517.404541015625 185.63446044921875 565.32275390625 219.66432189941406 3.7997327 1.517585 1.6971163 -3.3661783 2.1837304 35.618515 1.6580750942230225 0.6175132989883423
