Car 0.0 0 -1.0612223148345947 121.03644561767578 184.83018493652344 300.4394836425781 263.44500732421875 3.9292285 1.4560554 1.6045593 -8.249079 1.450046 15.286644 -1.5560663938522339 0.9995352029800415
Car 0.0 0 -1.6621274948120117 656.4760131835938 178.19052124023438 699.833251953125 211.9063720703125 3.768916 1.4311862 1.5948901 3.0816672 1.1341101 32.39779 -1.5672931671142578 0.995644211769104
Car 0.0 0 -1.4105329513549805 468.2782287597656 177.07427978515625 524.240966796875 216.83189392089844 3.343123 1.4241034 1.5966696 -4.227535 1.133612 27.422722 -1.5634905099868774 0.9954264760017395
Car 0.0 0 -1.562147855758667 594.01171875 175.13865661621094 627.3807373046875 205.5955810546875 3.5735188 1.4917006 1.634816 0.13335523 0.9992851 37.000576 -1.5585436820983887 0.9932885766029358
Car 0.0 0 -1.2960399389266968 337.02459716796875 181.12925720214844 463.94000244140625 263.1435241699219 3.4661858 1.4863763 1.6079159 -4.151759 1.4134473 14.757837 -1.5702775716781616 0.9927299618721008
Car 0.0 0 1.6881409883499146 512.9228515625 176.231689453125 550.1709594726562 204.84559631347656 3.5888836 1.4560081 1.5697566 -4.05273 0.9999908 38.378777 1.582932710647583 0.9653127193450928
Car 0.0 0 -1.2729332447052002 298.369384765625 164.83714294433594 393.4858703613281 223.86962890625 4.243156 1.7483332 1.7365402 -8.439984 1.1459243 23.446716 -1.618457317352295 0.3660117983818054
Car 0.0 0 -1.3876357078552246 446.26458740234375 173.0748748779297 485.5781555175781 202.3765869140625 3.403409 1.5232077 1.5033777 -7.693034 0.8932156 39.07496 -1.5820283889770508 0.22489112615585327
Car 0.0 0 -1.5277940034866333 585.5423583984375 178.10850524902344 612.5089721679688 201.69154357910156 3.6818595 1.4102648 1.5276333 -0.53544194 0.9863864 44.84759 -1.539732575416565 0.18841157853603363
Car 0.0 0 -1.6316437721252441 668.6702270507812 177.5526885986328 693.2014770507812 199.4035186767578 4.029484 1.44655 1.4350461 4.996526 0.94038177 49.626816 -1.5312999486923218 0.12799009680747986
