Pedestrian 0.0 0 3.347632646560669 323.52020263671875 173.24493408203125 406.26776123046875 316.09417724609375 0.87698823 1.7357886 0.67522204 -3.1432893 1.7413198 9.156433 3.0169501304626465 0.5448941588401794
Cyclist 0.0 0 1.9432309865951538 311.6108093261719 179.69488525390625 403.769287109375 327.0999755859375 1.5764878 1.6736128 0.55906606 -3.1741457 1.7674682 9.061178 1.6062874794006348 0.9339923858642578
Car 0.0 0 -1.720908284187317 641.8562622070312 176.79336547851562 717.3804321289062 231.50323486328125 4.2078094 1.4310565 1.5803998 1.9039421 1.5596035 21.328232 -1.6318756341934204 0.9992857575416565
Car 0.0 0 3.4562125205993652 245.1065673828125 184.6072540283203 424.4501037597656 246.1300048828125 3.939969 1.4465214 1.4984792 -6.85872 1.7558638 18.1247 3.0944483280181885 0.9935044050216675
Car 0.0 0 -1.6257364749908447 620.411865234375 175.929931640625 654.8150634765625 205.11224365234375 3.5963264 1.3924276 1.5399247 1.3215567 1.5566344 36.61971 -1.5896635055541992 0.9871944785118103
Car 0.0 0 -0.7446677088737488 994.3004150390625 175.8345489501953 1242.0 375.0 4.234281 1.5136095 1.6378883 5.488985 1.5407559 5.5984 0.03086233139038086 0.9765452742576599
Car 0.0 0 -0.5869495868682861 923.1832275390625 162.69168090820312 1242.0 321.95916748046875 3.5980148 1.6080909 1.632502 5.6287465 1.505842 8.13188 0.01851058006286621 0.9704119563102722
Car 0.0 0 3.5707263946533203 173.45298767089844 183.522216796875 377.7129211425781 258.2351989746094 3.694744 1.510161 1.5480442 -7.162977 1.7524221 15.580877 3.1398115158081055 0.964203953742981
Car 0.0 0 0.3718297481536865 311.7890930175781 176.64732360839844 441.8248291015625 228.26126098632812 3.6812112 1.595917 1.5786933 -7.5277634 1.7237012 23.337334 0.05980348587036133 0.9502866864204407
Car 0.0 0 -2.978195905685425 464.1202697753906 173.2036895751953 520.6295776367188 196.30941772460938 3.6184816 1.5604427 1.6079968 -8.077609 1.5852104 49.55794 -3.139768362045288 0.8951565623283386
Car 0.0 0 -2.1927318572998047 440.0887756347656 176.3500213623047 502.6388244628906 205.04925537109375 3.593869 1.5110188 1.6366657 -7.7993255 1.7153285 40.261242 -2.384079694747925 0.4190120995044708
