Car 0.0 0 -1.7626874446868896 700.6386108398438 185.888671875 808.00244140625 258.6510925292969 4.1610427 1.3891144 1.612277 3.1177266 1.7271689 16.604969 -1.5770896673202515 0.9991689920425415
Car 0.0 0 1.6499664783477783 543.5989379882812 179.35032653808594 588.1104736328125 215.86805725097656 3.9212933 1.4713212 1.6501063 -1.9229907 1.7753246 31.747066 1.5894681215286255 0.9974345564842224
Car 0.0 0 -1.654853343963623 660.5450439453125 179.2179412841797 701.242919921875 211.76287841796875 4.001009 1.4599075 1.6309236 3.359789 1.7881193 35.159534 -1.5595842599868774 0.9970627427101135
Car 0.0 0 -1.9281752109527588 770.2486572265625 194.03733825683594 1111.58349609375 375.0 4.049242 1.3943256 1.6051102 2.790455 1.6673082 7.25074 -1.5607960224151611 0.9970470070838928
Car 0.0 0 0.6336703300476074 0.0 177.71746826171875 320.5235595703125 335.248291015625 4.204954 1.6526575 1.6399599 -5.8945327 1.7162246 8.49797 0.027225494384765625 0.9929450154304504
Car 0.0 0 0.5289139151573181 0.0 179.53619384765625 320.53955078125 295.7020263671875 3.9676342 1.6401597 1.5854042 -6.814054 1.7512059 11.114992 -0.02104644477367401 0.9902780652046204
Car 0.0 0 0.43844467401504517 267.0237121582031 187.57005310058594 460.3947448730469 255.46633911132812 3.9275315 1.4268727 1.5159408 -5.6284904 1.7846481 16.551466 0.11065244674682617 0.9899988770484924
Car 0.0 0 -2.8500843048095703 351.91143798828125 180.0771026611328 482.24468994140625 231.9642791748047 3.675387 1.5628345 1.6217784 -6.08523 1.8005418 22.839117 -3.110474109649658 0.9858424067497253
Car 0.0 0 0.5592480897903442 195.91998291015625 187.4997100830078 437.78399658203125 272.9503173828125 4.070282 1.4610193 1.6302179 -5.6192675 1.7667836 13.886938 0.1747446060180664 0.9854265451431274
Car 0.0 0 0.3534213602542877 293.3824157714844 182.4367218017578 456.6134033203125 239.8656005859375 4.095255 1.5288013 1.5473025 -6.5964227 1.810749 20.345066 0.039888620376586914 0.929334282875061
