Pedestrian 0.0 0 -0.04039408266544342 621.42236328125 164.8449249267578 643.239013671875 197.230224609375 1.2577739 1.8886815 0.55378526 1.593873 0.97706604 41.507668 -0.00201345793902874 0.2502223551273346
Cyclist 0.0 0 -1.148212194442749 358.53607177734375 177.72695922851562 386.9551086425781 216.1238555908203 1.8455852 1.6745645 0.5032397 -10.440461 1.5550982 31.774946 -1.4656744003295898 0.8798825144767761
Cyclist 0.0 0 -3.159545660018921 618.9470825195312 165.3865203857422 644.1076049804688 196.86338806152344 1.4658308 1.8355278 0.59768516 1.5465881 0.9555818 41.538464 -3.1223301887512207 0.5509682297706604
Cyclist 0.0 0 -2.294917345046997 1073.558837890625 35.731101989746094 1224.0 370.0 1.7593958 1.8500466 0.55786604 2.6982222 1.4426863 2.8803897 -1.5421621799468994 0.1086629331111908
Car 0.0 0 1.6831365823745728 506.70074462890625 175.2657928466797 547.9607543945312 207.44798278808594 3.3959405 1.4448172 1.5705246 -3.641367 1.2112911 33.43894 1.5746679306030273 0.9953323006629944
Car 0.0 0 2.518714666366577 1008.9937744140625 130.5569610595703 1223.227783203125 198.4348602294922 4.654502 1.789658 1.7456839 13.944505 0.4744532 19.515547 3.1391279697418213 0.9286799430847168
Car 0.0 0 -1.5624239444732666 622.0548706054688 170.39060974121094 648.0576782226562 196.88595581054688 3.239687 1.5515867 1.5227493 1.837035 0.9609462 43.056908 -1.5197845697402954 0.6217689514160156
Car 0.0 0 2.8416287899017334 437.8929443359375 176.67318725585938 502.08367919921875 202.1129913330078 3.623502 1.5456738 1.7384386 -8.510781 1.3145225 44.571934 2.6529550552368164 0.44109171628952026
Car 0.0 0 -0.44994592666625977 843.8427734375 155.1253204345703 950.0936279296875 190.95115661621094 3.9496174 1.5217798 1.7236643 12.730562 0.4454143 31.007877 -0.06037025526165962 0.13721877336502075
Car 0.0 0 -2.8328616619110107 430.1507568359375 176.28233337402344 500.189208984375 203.51553344726562 3.7616038 1.583797 1.6989157 -8.315766 1.339887 42.17273 -3.027547597885132 0.12223600596189499
