Pedestrian 0.0 0 -1.9665781259536743 897.251708984375 135.93922424316406 990.1349487304688 303.2406005859375 0.9655347 1.8560559 0.660921 3.953857 1.3519547 8.462652 -1.5295028686523438 0.9860745072364807
Pedestrian 0.0 0 0.7283664345741272 461.581787109375 160.2568359375 559.2755737304688 321.514404296875 0.91117334 1.6950411 0.61068666 -1.0692834 1.4731072 8.056603 0.5964162349700928 0.9156727194786072
Pedestrian 0.0 0 -1.554163932800293 516.1205444335938 162.266357421875 559.7505493164062 281.6519775390625 0.9800043 1.6415305 0.5990517 -0.9565881 1.378393 10.385484 -1.6460130214691162 0.9052318334579468
Pedestrian 0.0 0 -1.4576979875564575 507.73931884765625 161.0998077392578 536.8508911132812 238.03140258789062 1.1146148 1.7946236 0.57840675 -1.9308774 1.3199426 17.312254 -1.5687713623046875 0.8080275058746338
Pedestrian 0.0 0 1.6927287578582764 600.1509399414062 159.71339416503906 618.5896606445312 216.9044189453125 0.6130499 1.6811478 0.4810294 0.21192634 1.041855 21.448542 1.7026091814041138 0.45581361651420593
Pedestrian 0.0 0 -3.7404611110687256 1129.172607421875 126.55521392822266 1238.0 304.077880859375 0.8506629 1.7836963 0.6445788 6.175734 1.2329938 7.5723567 -3.056302309036255 0.4321843385696411
Pedestrian 0.0 0 2.583738088607788 721.4970092773438 166.80410766601562 752.2974853515625 234.71749877929688 0.48810777 1.5677018 0.5636996 3.1544425 1.229672 16.930796 2.767940044403076 0.23875083029270172
Cyclist 0.0 0 -3.438730239868164 881.5075073242188 139.7694549560547 1000.2125854492188 300.53643798828125 1.1252445 1.8072054 0.6348418 3.9205787 1.3394585 8.463411 -3.0049216747283936 0.13262657821178436
Cyclist 0.0 0 -1.479278326034546 508.59033203125 159.91378784179688 538.3860473632812 237.7788848876953 1.2192283 1.8130478 0.6094504 -1.903444 1.3116298 17.338385 -1.5886225700378418 0.12480227649211884
Car 0.0 0 1.9023635387420654 0.0 141.52655029296875 423.3192138671875 374.0 4.497649 1.6756316 1.7607316 -2.6791441 1.488537 5.71512 1.464000940322876 0.8946468830108643
Car 0.0 0 1.8025834560394287 384.64093017578125 157.73638916015625 476.4790344238281 225.20338439941406 4.2225094 1.7773231 1.6799021 -4.8986106 1.1524724 21.034662 1.5737788677215576 0.8764155507087708
