Car 0.0 0 -0.39786046743392944 838.16015625 179.52833557128906 1082.2366943359375 263.5990295410156 3.862661 1.4830203 1.6121447 6.474846 1.618822 13.75284 0.04215598106384277 0.9990205764770508
Car 0.0 0 -1.6639479398727417 635.5653686523438 179.69236755371094 676.450927734375 212.38507080078125 4.2437177 1.4438132 1.5722656 2.1280618 1.7953634 34.90656 -1.6030588150024414 0.9990204572677612
Car 0.0 0 3.517106771469116 165.13169860839844 186.8335418701172 388.1807861328125 263.6146545410156 3.9561193 1.4885931 1.6266073 -6.9488425 1.8019266 15.23533 3.089191198348999 0.9988706707954407
Car 0.0 0 -2.5733559131622314 0.0 183.6785430908203 313.22357177734375 304.8402099609375 3.7424695 1.6355122 1.5891539 -6.653121 1.8086855 10.699827 -3.1296486854553223 0.9982389211654663
Car 0.0 0 2.459474563598633 958.7636108398438 179.8024139404297 1242.0 315.68927001953125 3.7016244 1.4344022 1.5378227 6.2974725 1.5254419 8.5575695 3.0938873291015625 0.9980668425559998
Car 0.0 0 0.24473890662193298 383.2175598144531 181.9232940673828 491.0543212890625 220.21136474609375 3.9622548 1.4796593 1.5786217 -6.9507246 1.8556654 29.073978 0.010073184967041016 0.996483325958252
Car 0.0 0 -0.48761504888534546 864.8552856445312 181.3812713623047 1178.6060791015625 283.7637023925781 4.0513525 1.4785435 1.5238613 6.248984 1.6223787 11.343576 0.01590585708618164 0.9961634874343872
Car 0.0 0 0.6928330063819885 0.0 194.4053497314453 261.4750671386719 342.3717346191406 4.1308165 1.4840515 1.5904126 -6.525386 1.7590224 8.337072 0.028733253479003906 0.992027223110199
Car 0.0 0 -0.9284961819648743 1078.747802734375 170.57550048828125 1242.0 375.0 3.7739859 1.5028886 1.6108665 6.25613 1.4872162 6.1206617 -0.13215307891368866 0.9917293190956116
Car 0.0 0 2.8075265884399414 733.6129150390625 181.8357391357422 903.7588500976562 240.82760620117188 4.0989385 1.4857471 1.5422454 5.4668083 1.7378335 19.330027 3.0831432342529297 0.9724374413490295
Car 0.0 0 -2.7538318634033203 238.74966430664062 177.4430389404297 413.79095458984375 250.8907470703125 3.6541 1.7135522 1.6936779 -6.9562693 1.8327999 17.815298 -3.1260924339294434 0.9571519494056702
Car 0.0 0 3.9734253883361816 0.0 193.79171752929688 67.88236236572266 375.0 3.5932713 1.5433421 1.6462545 -6.887285 1.739299 5.853102 3.1070313453674316 0.9430004954338074
