Pedestrian 0.0 0 1.8553909063339233 293.4233703613281 165.7134246826172 342.06732177734375 281.9132995605469 0.6016411 1.7762339 0.5652544 -4.642274 1.6674407 11.355105 1.4672982692718506 0.3580016791820526
Pedestrian 0.0 0 0.7521409392356873 0.0 121.88250732421875 107.57650756835938 340.4544982910156 0.7662363 1.8827792 0.68504345 -5.267536 1.4440688 6.58368 0.07734513282775879 0.2428339421749115
Car 0.0 0 -1.878735065460205 750.1729736328125 190.2154998779297 988.3678588867188 336.78338623046875 4.0865073 1.3791913 1.6029812 2.956715 1.6529202 9.314748 -1.5713715553283691 0.9980294108390808
Car 0.0 0 0.2670772671699524 369.3235778808594 182.37232971191406 497.36077880859375 225.26983642578125 4.1405993 1.448967 1.5889606 -6.2468996 1.7982814 25.598389 0.02772068977355957 0.995759904384613
Car 0.0 0 -1.6988554000854492 654.1114501953125 176.43994140625 711.2008666992188 219.28842163085938 4.2523975 1.5434562 1.6947567 2.7447271 1.6961672 28.500448 -1.6028467416763306 0.9952795505523682
Car 0.0 0 0.20960384607315063 422.73046875 174.92889404296875 510.90924072265625 211.5407257080078 3.685416 1.6198344 1.5999526 -6.5096536 1.7170106 32.83971 0.013915538787841797 0.9904449582099915
Car 0.0 0 3.409130334854126 349.5610046386719 178.61727905273438 473.3653259277344 228.87196350097656 3.5715535 1.5560483 1.549547 -6.388656 1.748658 23.291258 3.141420364379883 0.9904370903968811
Car 0.0 0 3.317692279815674 435.5267333984375 173.2947998046875 526.221923828125 209.14553833007812 4.116223 1.7036492 1.7057985 -6.27743 1.7260101 35.160248 3.1410160064697266 0.8009907007217407
Car 0.0 0 0.46006500720977783 397.0442199707031 180.12347412109375 500.5347900390625 220.64291381835938 3.631344 1.4886631 1.5331264 -6.299825 1.7840326 28.103405 0.23954463005065918 0.7697268128395081
Car 0.0 0 1.8595643043518066 587.8655395507812 175.12718200683594 614.660888671875 192.77566528320312 3.6541517 1.4848739 1.362407 -0.7567768 1.690313 63.149017 1.847580909729004 0.5684489607810974
Car 0.0 0 0.6224773526191711 0.0 159.38990783691406 152.58154296875 375.0 4.141613 1.7634482 1.8364683 -7.0926437 1.6592948 6.8700037 -0.17886483669281006 0.4517333209514618
Car 0.0 0 2.7479655742645264 454.8247985839844 176.87847900390625 533.8302001953125 205.75376892089844 4.112194 1.5620801 1.761787 -6.6491427 1.8034062 41.370144 2.5886051654815674 0.3681705892086029
Car 0.0 0 -1.54323148727417 645.5845947265625 179.7028350830078 676.9138793945312 207.2993927001953 3.7238038 1.4075156 1.6189831 2.8221617 1.8029782 39.689785 -1.472245454788208 0.34643134474754333
