Pedestrian 0.0 0 1.210963487625122 725.63232421875 138.27041625976562 774.4209594726562 244.63427734375 0.85106003 1.7935209 0.5707349 2.4837625 1.0830892 12.383336 1.4089099168777466 0.9763721823692322
Pedestrian 0.0 0 3.2082462310791016 522.40380859375 130.90394592285156 568.1376953125 218.74562072753906 0.9971658 1.9574604 0.6734959 -1.3886043 0.8538769 16.097237 3.1221957206726074 0.9595852494239807
Pedestrian 0.0 0 -1.7530978918075562 468.87237548828125 128.70289611816406 505.5471496582031 217.0576171875 0.9507994 1.9312227 0.6545006 -2.716038 0.80067813 16.008268 -1.9211621284484863 0.9048821926116943
Pedestrian 0.0 0 0.9591343998908997 549.45703125 138.64910888671875 612.1231079101562 254.65882873535156 0.9175891 1.8058194 0.6036165 -0.4491444 1.1560215 11.548891 0.9202632904052734 0.9031152725219727
Pedestrian 0.0 0 -1.6487369537353516 436.2372741699219 129.4300537109375 468.37078857421875 216.6666259765625 1.057609 1.8395689 0.6039704 -3.3979483 0.76427114 15.498255 -1.864569067955017 0.7215195298194885
Pedestrian 0.0 0 1.7418665885925293 276.03179931640625 132.9991455078125 315.58209228515625 241.93014526367188 0.65798503 1.7227594 0.49004743 -5.090274 0.9731823 11.555524 1.32693612575531 0.5218836665153503
Pedestrian 0.0 0 1.6686210632324219 513.3216552734375 137.2520294189453 540.7731323242188 215.38523864746094 0.77984416 1.8200624 0.57976425 -1.8901886 0.8142351 16.859167 1.5569709539413452 0.5205248594284058
Pedestrian 0.0 0 2.1361355781555176 244.65289306640625 121.20245361328125 301.1709899902344 236.3020782470703 0.62871474 1.9071794 0.6363909 -5.7014937 0.92628103 12.061932 1.6945778131484985 0.515842616558075
Pedestrian 0.0 0 1.4690972566604614 649.060791015625 141.22010803222656 674.5084838867188 206.3096160888672 0.9180652 1.8652657 0.6509659 1.6230911 0.7411951 20.723452 1.5472592115402222 0.3622654378414154
Pedestrian 0.0 0 -2.328585624694824 353.588134765625 142.9806365966797 386.0591735839844 200.95623779296875 0.745918 1.7592051 0.6080544 -7.3137 0.62228125 21.893538 -2.6509878635406494 0.3389464318752289
Pedestrian 0.0 0 -1.5471876859664917 551.3377685546875 150.88046264648438 565.6126708984375 194.8084716796875 1.0070807 1.7713583 0.5630865 -1.9275178 0.57846946 29.02126 -1.6135077476501465 0.27437910437583923
Pedestrian 0.0 0 0.024656355381011963 298.3880615234375 141.9464874267578 338.4621276855469 236.96665954589844 0.66980577 1.6965467 0.5120481 -5.296261 1.0098315 12.977317 -0.3628275990486145 0.1259339600801468
Cyclist 0.0 0 1.735565423965454 525.6807250976562 131.6501007080078 562.0575561523438 218.8756103515625 1.0000495 1.9219763 0.67325854 -1.4197102 0.8472045 16.098927 1.647606372833252 0.10121162235736847
