Pedestrian 0.0 0 1.1466765403747559 605.1204833984375 149.52903747558594 682.358154296875 299.29962158203125 1.0653749 1.838134 0.62230355 0.48845392 1.4470942 9.422888 1.1984671354293823 0.9403788447380066
Pedestrian 0.0 0 -2.018423318862915 657.8893432617188 154.9024658203125 736.4533081054688 294.28436279296875 1.0508431 1.7656336 0.6559597 1.2257831 1.4300418 9.699161 -1.8927093744277954 0.8994367122650146
Pedestrian 0.0 0 2.108536958694458 249.51414489746094 167.4085235595703 324.03546142578125 313.778564453125 0.7052758 1.7308757 0.5638397 -3.9197652 1.5655843 8.876241 1.6926887035369873 0.8282027244567871
Pedestrian 0.0 0 -1.0127156972885132 703.997802734375 160.3175811767578 734.1253051757812 223.30807495117188 0.762917 1.8341097 0.5682301 3.476073 1.2184702 21.387474 -0.8515961170196533 0.21086785197257996
Pedestrian 0.0 0 2.1678991317749023 28.92177963256836 187.65255737304688 117.91441345214844 314.0755310058594 0.7057821 1.5662181 0.64420867 -6.859456 1.6503224 9.2971325 1.5322495698928833 0.20058850944042206
Pedestrian 0.0 0 0.3777111768722534 440.0444641113281 173.1793975830078 467.0320129394531 225.11676025390625 0.728679 1.7092302 0.55812746 -4.957639 1.4364923 23.975262 0.17380356788635254 0.1823645830154419
Pedestrian 0.0 0 -3.2097220420837402 717.2793579101562 164.31736755371094 747.4767456054688 231.81076049804688 0.7485816 1.7637532 0.6123808 3.4456208 1.3159037 19.114586 -3.0313758850097656 0.14885148406028748
Pedestrian 0.0 0 3.4429678916931152 309.5557861328125 156.08384704589844 393.3868103027344 313.5920104980469 0.8042524 1.8639913 0.7145667 -3.1125984 1.564555 8.869911 3.1054768562316895 0.12648236751556396
Pedestrian 0.0 0 2.881833553314209 458.108154296875 162.11392211914062 518.46923828125 253.70301818847656 1.0799985 1.7630587 0.5546409 -2.2928858 1.3911378 14.298029 2.7228236198425293 0.11148762702941895
Pedestrian 0.0 0 1.3294484615325928 652.5396728515625 162.23883056640625 682.6185302734375 223.7504425048828 1.1806828 1.7632565 0.61713696 1.9139588 1.212267 21.218891 1.4194056987762451 0.10362690687179565
Cyclist 0.0 0 1.8475313186645508 337.48980712890625 156.53729248046875 427.8988952636719 319.33831787109375 1.7908725 1.7846984 0.59079707 -2.6624892 1.5124016 8.772685 1.5528687238693237 0.9905847907066345
Cyclist 0.0 0 1.88437819480896 460.6519775390625 163.87255859375 518.4310302734375 257.2186279296875 1.6954141 1.7481765 0.65159845 -2.2412229 1.4193124 14.33881 1.7293280363082886 0.9418196678161621
Cyclist 0.0 0 1.7046425342559814 460.86590576171875 165.95326232910156 495.5974426269531 238.09791564941406 1.8495139 1.7425505 0.6339721 -3.1468108 1.3682367 18.283474 1.5342000722885132 0.8889375925064087
Car 0.0 0 1.6975154876708984 488.9776306152344 173.4527130126953 526.6738891601562 201.0918731689453 4.468465 1.5856371 1.7103523 -5.599462 1.1247594 43.443233 1.5693308115005493 0.13941051065921783
Car 0.0 0 1.7391884326934814 499.4061279296875 173.551513671875 527.0343627929688 192.04185485839844 4.258192 1.4736753 1.5785148 -7.229528 0.84069985 59.41257 1.6181002855300903 0.11357075721025467
