Car 0.0 0 -2.055755615234375 799.6571044921875 193.99676513671875 1242.0 375.0 4.114412 1.455388 1.626219 2.763771 1.676425 5.45822 -1.5870407819747925 0.9987902045249939
Car 0.0 0 -1.751340627670288 697.7387084960938 175.44227600097656 814.0180053710938 265.1929016113281 3.7094965 1.5824753 1.6346205 2.7690318 1.642195 14.686068 -1.5649802684783936 0.9985814094543457
Car 0.0 0 -1.6857218742370605 656.4209594726562 178.08486938476562 706.0078125 217.2053985595703 3.554495 1.4188768 1.5335212 2.704101 1.6384172 28.438595 -1.5909212827682495 0.9978508949279785
Car 0.0 0 0.2731069028377533 346.79595947265625 177.4726104736328 486.6830749511719 227.0643310546875 4.151903 1.5604223 1.6381896 -6.3180847 1.7179348 23.703358 0.012615203857421875 0.9960169196128845
Car 0.0 0 0.4658207893371582 144.49456787109375 180.39724731445312 399.5943298339844 270.7636413574219 3.9553046 1.5372378 1.6099948 -6.144912 1.6856023 13.285565 0.032599687576293945 0.9949997663497925
Car 0.0 0 3.4766242504119873 213.21185302734375 182.767822265625 425.6066589355469 254.96885681152344 4.0765347 1.4831334 1.4788517 -6.3226933 1.713027 15.87472 3.097595453262329 0.9949829578399658
Car 0.0 0 0.27051812410354614 375.36370849609375 178.04617309570312 493.9720153808594 222.10202026367188 3.8752744 1.5204092 1.5202048 -6.284731 1.7131922 25.915016 0.032598257064819336 0.9866510629653931
Car 0.0 0 3.3006513118743896 432.152099609375 177.58285522460938 523.9939575195312 207.95541381835938 4.2522326 1.4503531 1.6204172 -6.488578 1.6894817 35.573982 3.1202378273010254 0.801896870136261
Car 0.0 0 -2.7672510147094727 241.03469848632812 167.03787231445312 431.72979736328125 243.01914978027344 4.1918874 1.8341292 1.6974415 -6.878993 1.6940905 18.294 -3.126919746398926 0.7873017191886902
Car 0.0 0 -1.5075478553771973 629.884033203125 171.4965057373047 651.0596313476562 191.78131103515625 3.8094935 1.6868893 1.5816945 2.6221347 1.5743566 61.977947 -1.4652655124664307 0.7360957860946655
