Car 0.0 0 3.431967258453369 289.98583984375 183.8191375732422 457.0771484375 240.09117126464844 4.042906 1.4425561 1.5874301 -6.3958497 1.7545937 19.66452 3.1175107955932617 0.998776376247406
Car 0.0 0 -1.6882174015045166 664.6475219726562 178.50465393066406 723.9171752929688 225.02891540527344 3.6435466 1.4314001 1.561634 2.7387183 1.6376913 24.466656 -1.5767446756362915 0.9987599849700928
Car 0.0 0 3.5964319705963135 65.67659759521484 183.39215087890625 370.33807373046875 283.34014892578125 4.1942115 1.5147368 1.5223234 -6.365809 1.701729 11.942061 3.106689214706421 0.9976462721824646
Car 0.0 0 -1.8423900604248047 726.491943359375 171.76580810546875 911.2533569335938 306.3739929199219 3.6280987 1.640804 1.621335 2.7904735 1.6278973 10.618115 -1.5853981971740723 0.9962617754936218
Car 0.0 0 0.6595128178596497 0.0 180.25439453125 322.7723388671875 316.8225402832031 4.264931 1.571197 1.6182975 -6.227806 1.6774929 9.364439 0.0726313591003418 0.9880840182304382
Car 0.0 0 -1.6221580505371094 630.3909912109375 175.69198608398438 653.1380004882812 194.31719970703125 3.9614017 1.4402673 1.6316818 2.5151694 1.6780994 58.386013 -1.579106330871582 0.979225754737854
Car 0.0 0 0.2994963824748993 349.82305908203125 178.53765869140625 486.2413330078125 231.20974731445312 3.7306411 1.5310439 1.5465646 -5.8347015 1.711408 22.00121 0.04026460647583008 0.9761256575584412
Car 0.0 0 0.46122822165489197 121.39312744140625 167.59356689453125 371.414794921875 266.1458740234375 4.097368 1.8372884 1.7082242 -7.112114 1.7395769 14.303255 -0.00020687934011220932 0.9753895998001099
Car 0.0 0 3.2871406078338623 411.88836669921875 179.48428344726562 512.4505615234375 213.5459442138672 4.1376724 1.434011 1.51161 -6.4513726 1.7326154 31.583447 3.0856480598449707 0.9689812064170837
Car 0.0 0 2.379805088043213 0.0 182.29598999023438 130.97303771972656 375.0 3.7858844 1.5927044 1.5972047 -4.440224 1.6664656 3.660895 1.4985018968582153 0.9595972299575806
Car 0.0 0 3.493453025817871 202.60189819335938 180.87774658203125 401.36279296875 250.74960327148438 3.9662716 1.53292 1.676561 -7.167936 1.7324185 16.97307 3.0938611030578613 0.9248249530792236
Car 0.0 0 0.2319566309452057 433.81781005859375 175.12835693359375 516.2412109375 210.2068328857422 3.580297 1.6186478 1.5947417 -6.4123616 1.7298653 34.286537 0.04706978797912598 0.860107958316803
Car 0.0 0 -2.60318660736084 0.0 0.0 1242.0 375.0 3.8881836 1.4975989 1.6345309 2.593814 1.6615435 1.4989567 -1.5563989877700806 0.847476601600647
