Pedestrian 0.0 0 -0.21606002748012543 760.2572631835938 156.68251037597656 816.0613403320312 260.6456298828125 0.8026748 1.7029206 0.5755452 2.9274828 1.4383886 12.112244 0.021088123321533203 0.619567334651947
Pedestrian 0.0 0 2.6691343784332275 731.2907104492188 157.58998107910156 776.6805419921875 243.3156280517578 0.7203981 1.7255905 0.6102796 2.919813 1.4186956 14.913817 2.8624680042266846 0.5498806238174438
Pedestrian 0.0 0 1.9011571407318115 692.9749755859375 161.00668334960938 722.9699096679688 242.4566650390625 0.62194365 1.7417603 0.47693533 2.1007009 1.4887702 15.811613 2.0332417488098145 0.4902341961860657
Pedestrian 0.0 0 -0.4398123621940613 973.1425170898438 151.69476318359375 1023.8705444335938 235.6754913330078 0.7573623 1.6990544 0.5538193 7.9582095 1.2713294 14.890884 0.05100226402282715 0.15243031084537506
Pedestrian 0.0 0 2.9034829139709473 701.4173583984375 159.19778442382812 745.2904663085938 252.3974151611328 0.71904063 1.7574142 0.5752648 2.128229 1.5002646 13.920479 3.0551929473876953 0.1130511611700058
Car 0.0 0 -1.524820327758789 594.0333862304688 169.85934448242188 621.8191528320312 194.03231811523438 4.2013016 1.4998515 1.6165619 -0.1262679 1.3144015 46.89993 -1.527512550354004 0.9968041181564331
Car 0.0 0 -1.174059510231018 56.26725769042969 174.395263671875 438.72821044921875 375.0 3.6785657 1.5827237 1.5757953 -2.772463 1.6006663 6.379976 -1.583997130393982 0.9955097436904907
Car 0.0 0 1.790514349937439 436.0723876953125 176.6699676513672 473.9744873046875 199.65963745117188 3.9208982 1.4061061 1.5855526 -10.021514 1.6641173 46.74847 1.5793395042419434 0.9853976964950562
Car 0.0 0 1.8553521633148193 401.6684265136719 176.78343200683594 446.18756103515625 201.53549194335938 4.814805 1.6171768 1.7253189 -12.939934 1.90499 50.34647 1.6037795543670654 0.20109906792640686
Car 0.0 0 1.7454097270965576 512.2921142578125 177.64630126953125 536.7621459960938 196.37030029296875 3.5938284 1.5121882 1.4555347 -7.2245026 1.9301996 61.04488 1.627610206604004 0.11705780774354935
