Car 0.0 0 -1.77436101436615 701.0657348632812 178.47618103027344 846.9869384765625 276.5110778808594 4.3760934 1.439221 1.6379563 2.6893396 1.5581704 13.028954 -1.5708072185516357 0.9994612336158752
Car 0.0 0 3.7564992904663086 0.0 182.4344024658203 283.33740234375 310.7386779785156 4.1252522 1.5670813 1.590732 -6.880761 1.707198 9.726023 3.140784978866577 0.99843829870224
Car 0.0 0 -0.22750115394592285 789.2503051757812 172.822021484375 970.0967407226562 235.50274658203125 3.9582317 1.4771345 1.690567 6.57425 1.4767394 18.079504 0.12126421928405762 0.9836123585700989
Car 0.0 0 3.5082857608795166 182.9163360595703 182.10284423828125 433.84954833984375 259.01556396484375 4.298735 1.4119096 1.6193942 -5.884353 1.6067464 14.309413 3.1181423664093018 0.9785505533218384
Car 0.0 0 3.885326385498047 0.0 183.54689025878906 127.24128723144531 364.4302978515625 3.3846433 1.5824195 1.6217778 -7.172333 1.7035775 7.280386 3.1074044704437256 0.9773030281066895
Car 0.0 0 0.2752196788787842 397.0304870605469 173.8179473876953 501.74188232421875 216.29058837890625 3.5406067 1.5417019 1.6084425 -6.0324183 1.5795166 27.13192 0.0564417839050293 0.967965841293335
Car 0.0 0 -1.486085057258606 630.5697631835938 173.64208984375 655.9578857421875 193.41543579101562 3.9717612 1.4833839 1.653047 2.6061275 1.547581 56.368896 -1.4398845434188843 0.9661504626274109
Car 0.0 0 2.8693718910217285 711.9305419921875 172.58082580566406 802.9502563476562 206.9752655029297 3.7066948 1.4960607 1.5609688 6.519248 1.4845362 32.295746 3.068556070327759 0.9611315131187439
Car 0.0 0 -2.627239227294922 370.9754333496094 170.5935516357422 489.0648498535156 220.345703125 3.611059 1.6247644 1.6231207 -6.2124777 1.5513027 24.82304 -2.8724725246429443 0.9590840935707092
Car 0.0 0 0.37736111879348755 429.7511291503906 172.23193359375 530.3408813476562 209.39524841308594 4.0404806 1.5731587 1.6256055 -5.7291617 1.5471841 31.736343 0.198760986328125 0.925552487373352
Car 0.0 0 3.984525203704834 0.0 198.26461791992188 144.35897827148438 375.0 4.065583 1.460818 1.5475576 -5.7324724 1.661121 4.848785 3.1158061027526855 0.7020538449287415
