Car 0.0 0 1.8564869165420532 334.3741760253906 186.16552734375 401.0679626464844 225.27877807617188 3.304682 1.3616742 1.4849967 -8.904973 1.4004132 26.781208 1.5354790687561035 0.9979521632194519
Car 0.0 0 2.1745903491973877 0.0 201.69277954101562 210.28802490234375 322.98175048828125 3.5646577 1.3896925 1.545594 -7.5975666 1.6732697 10.520014 1.5491191148757935 0.9979403614997864
Car 0.0 0 1.76688551902771 410.6041259765625 183.55014038085938 488.9873352050781 230.6884307861328 4.2294626 1.4090495 1.7159013 -5.1149387 1.3603944 23.613335 1.5535688400268555 0.9970276951789856
Car 0.0 0 -1.5897610187530518 571.92724609375 178.82102966308594 603.232421875 206.878173828125 3.4448924 1.4521515 1.6217499 -1.1591233 1.1223148 38.961887 -1.6195024251937866 0.9954115748405457
Car 0.0 0 2.0825793743133545 161.98094177246094 182.59356689453125 274.0648193359375 228.82534790039062 3.982348 1.4043019 1.5029836 -12.812296 1.3257852 23.836441 1.5893769264221191 0.9790027141571045
Car 0.0 0 1.9475183486938477 247.40821838378906 185.63221740722656 361.5776062011719 245.49598693847656 3.6700227 1.4508404 1.5741535 -8.038648 1.4642237 19.292854 1.5527290105819702 0.950019896030426
Car 0.0 0 1.8579968214035034 380.27679443359375 179.4169158935547 416.34033203125 202.14166259765625 3.109445 1.3984535 1.383192 -13.328055 1.0427343 45.791203 1.5747605562210083 0.8859876394271851
Car 0.0 0 -1.188897967338562 99.6562728881836 164.79425048828125 416.215576171875 376.0 4.090424 1.7892652 1.670522 -3.5290744 1.6196988 8.074409 -1.6009466648101807 0.665467381477356
Car 0.0 0 -1.3513391017913818 414.734619140625 181.2489471435547 456.1876220703125 210.27281188964844 3.3362434 1.4101826 1.3603657 -8.7564335 1.218582 36.601658 -1.586161494255066 0.16076239943504333
Car 0.0 0 2.3883402347564697 0.0 185.55209350585938 162.2439422607422 256.2088928222656 3.950714 1.407674 1.3106489 -12.33071 1.417443 16.395971 1.7435237169265747 0.1538282036781311
