Pedestrian 0.0 0 -1.6154086589813232 498.12213134765625 154.32115173339844 550.154052734375 302.92303466796875 1.0319202 1.8181323 0.61974955 -1.0686479 1.4869412 9.344554 -1.7292745113372803 0.9586563110351562
Pedestrian 0.0 0 -3.220482110977173 867.5100708007812 155.84439086914062 981.169677734375 374.0 0.7114386 1.7269092 0.59594846 2.2968068 1.5533847 5.2925963 -2.811041831970215 0.9133625030517578
Pedestrian 0.0 0 0.7455114722251892 560.302490234375 158.20518493652344 633.2342529296875 271.57568359375 0.9150571 1.7656355 0.77164894 -0.120202 1.4041406 11.777808 0.7353060245513916 0.8982356190681458
Pedestrian 0.0 0 -0.16184210777282715 802.7466430664062 151.31671142578125 881.5420532226562 342.5007629394531 0.6200916 1.7332523 0.59254104 2.2277246 1.460993 6.849682 0.15259814262390137 0.8854783773422241
Pedestrian 0.0 0 1.2591112852096558 711.1666870117188 159.8902130126953 775.5289916992188 294.84979248046875 0.8365802 1.7702034 0.6376197 1.8888885 1.488087 9.873611 1.448134183883667 0.8358942866325378
Pedestrian 0.0 0 0.6833177804946899 627.6318359375 159.2329864501953 726.2645874023438 316.93621826171875 0.98759663 1.8060824 0.6934976 0.87332517 1.5524212 8.818056 0.782034158706665 0.7852440476417542
Pedestrian 0.0 0 -1.6514092683792114 612.0892333984375 160.0101776123047 628.8843383789062 209.71847534179688 0.9679529 1.8111128 0.5449079 0.680954 1.0291805 26.66804 -1.6258803606033325 0.7732396125793457
Pedestrian 0.0 0 -1.6380560398101807 556.108154296875 157.7660369873047 578.4227905273438 212.9502716064453 0.945823 1.8198652 0.68644506 -1.1822883 1.0382545 24.196108 -1.6868799924850464 0.6121635437011719
Pedestrian 0.0 0 0.358707457780838 618.1520385742188 161.82513427734375 716.4295043945312 327.4079895019531 0.8965214 1.6734219 0.61317253 0.6658358 1.4759489 7.7266517 0.4446690082550049 0.5038570761680603
Pedestrian 0.0 0 0.7932429313659668 609.9127807617188 160.01937866210938 672.104248046875 264.0832824707031 0.90437603 1.7705861 0.6584362 0.6576544 1.4063876 12.776151 0.844672679901123 0.4781167507171631
Pedestrian 0.0 0 -2.654454231262207 477.74139404296875 158.95863342285156 555.8969116210938 260.8459167480469 1.2340257 1.763012 0.6627554 -1.5627939 1.3742446 12.9578905 -2.774480104446411 0.19744214415550232
Pedestrian 0.0 0 -1.757363200187683 637.4946899414062 159.74935913085938 654.5656127929688 204.1531982421875 0.7619279 1.7992822 0.5672774 1.8118447 0.9189223 29.518372 -1.6960598230361938 0.14896076917648315
Cyclist 0.0 0 -2.6847922801971436 290.3289794921875 155.38455200195312 424.0003662109375 290.7588195800781 1.5138198 1.7025152 0.7082183 -3.2462265 1.3754139 9.478434 -3.0147571563720703 0.14728283882141113
Cyclist 0.0 0 -2.3937268257141113 13.434640884399414 141.20298767089844 278.9533386230469 374.0 1.5285376 1.7027445 0.64257467 -3.183678 1.4494665 4.9904227 -2.961589813232422 0.12634415924549103
Car 0.0 0 1.7309060096740723 460.3047790527344 168.53993225097656 544.9210205078125 231.89710998535156 4.1559772 1.5246395 1.6088294 -2.5774443 1.213962 19.383167 1.5987082719802856 0.9962185025215149
