Car 0.0 0 1.7515978813171387 461.1515197753906 181.37411499023438 516.0017700195312 217.0492706298828 4.056007 1.4239981 1.6088778 -5.0547094 1.2717903 30.731827 1.5885794162750244 0.999195396900177
Car 0.0 0 -1.3588883876800537 409.2502746582031 186.9684600830078 488.59710693359375 239.56304931640625 3.2899194 1.3786556 1.5596046 -4.5046244 1.4340346 20.596928 -1.5742019414901733 0.9989796280860901
Car 0.0 0 -1.5664328336715698 579.6123657226562 179.93801879882812 610.0094604492188 207.92678833007812 3.506483 1.4491961 1.5741442 -0.72599936 1.1770611 38.981247 -1.5850549936294556 0.9975897073745728
Car 0.0 0 -1.1874194145202637 147.86900329589844 194.6886749267578 401.058349609375 336.755126953125 3.8817565 1.443226 1.6383237 -4.1234345 1.5957204 9.521441 -1.5961041450500488 0.9865919947624207
Car 0.0 0 -1.3154884576797485 362.1908264160156 179.83444213867188 425.06329345703125 219.46295166015625 3.5965443 1.5055851 1.583878 -8.635795 1.3022696 29.130692 -1.6036852598190308 0.9857774376869202
Car 0.0 0 2.233304500579834 0.0 195.6724395751953 152.7716064453125 330.7130432128906 4.1057096 1.4016052 1.5753958 -8.320318 1.576515 9.861228 1.5324556827545166 0.9817746877670288
Car 0.0 0 1.7114109992980957 505.36639404296875 179.5466766357422 540.9813842773438 206.23464965820312 4.033491 1.4225957 1.4355494 -4.7266903 1.1215416 40.34806 1.5947946310043335 0.9801359176635742
Car 0.0 0 2.004810094833374 210.08314514160156 189.0646209716797 342.2681884765625 250.10411071777344 4.115058 1.3843869 1.5027169 -8.44892 1.4963033 18.623804 1.5789146423339844 0.6302695870399475
Car 0.0 0 0.7374296188354492 0.0 196.40599060058594 270.4576721191406 376.0 4.126296 1.6084476 1.6504116 -5.424893 1.7200826 6.2270384 0.020765304565429688 0.46738898754119873
Car 0.0 0 -1.0444262027740479 348.1757507324219 179.200927734375 409.3152160644531 206.4957275390625 3.5370588 1.390999 1.5564822 -12.238162 1.085606 38.525894 -1.3520057201385498 0.26963934302330017
