Car 0.0 0 -2.064149856567383 846.918212890625 182.61770629882812 1242.0 375.0 3.7823987 1.5357256 1.5857395 3.0964444 1.6353151 5.4194913 -1.545060396194458 0.9991598129272461
Car 0.0 0 -1.7616716623306274 689.9871215820312 187.11370849609375 775.0142822265625 248.1424560546875 3.3715467 1.3924755 1.5683261 3.0745685 1.8015103 18.96752 -1.6009728908538818 0.9987279772758484
Car 0.0 0 -2.6902267932891846 157.43858337402344 183.76254272460938 390.7431335449219 271.65228271484375 3.7534416 1.5600315 1.5475875 -6.3655963 1.7815619 13.816099 -3.121974229812622 0.9987164735794067
Car 0.0 0 3.7193193435668945 0.0 193.44015502929688 274.2283020019531 326.8002014160156 3.6405964 1.4966025 1.5763519 -6.5321817 1.7845116 9.217659 3.1028051376342773 0.9975268244743347
Car 0.0 0 -2.840583324432373 360.65625 183.7560272216797 474.24346923828125 234.1928253173828 3.2584605 1.5579679 1.5620556 -6.260629 1.9261954 23.49771 -3.1009700298309326 0.9973897337913513
Car 0.0 0 3.44683837890625 283.7669982910156 179.44581604003906 460.5959777832031 247.06723022460938 4.0781884 1.6636354 1.539561 -6.114131 1.8420454 18.694881 3.1307549476623535 0.9909428954124451
Car 0.0 0 3.6271965503692627 56.11341094970703 188.54574584960938 374.2293701171875 294.94732666015625 4.21482 1.5436022 1.5450132 -6.16511 1.8109035 11.484457 3.1345269680023193 0.9845573902130127
Car 0.0 0 3.4894580841064453 236.69178771972656 187.11105346679688 439.26605224609375 256.9627685546875 3.996203 1.4729608 1.5878057 -6.103217 1.8126144 16.356327 3.1323182582855225 0.9816099405288696
Car 0.0 0 -0.2730069160461426 744.877685546875 181.99835205078125 866.1502685546875 224.32093811035156 3.9691792 1.4692934 1.5926028 6.9972696 1.8124027 26.221619 -0.012232300825417042 0.9684919118881226
Car 0.0 0 -2.9445366859436035 489.3562927246094 178.4203338623047 552.2053833007812 203.87481689453125 3.8694363 1.632217 1.6714563 -5.895215 2.0078642 47.667942 -3.06758451461792 0.8905595541000366
Car 0.0 0 0.3542298674583435 468.199951171875 182.3268280029297 536.2152709960938 210.1085968017578 3.6316278 1.5622029 1.6110705 -6.366777 2.1360488 42.520077 0.2055983543395996 0.8771248459815979
