Pedestrian 0.0 0 3.6766815185546875 39.285011291503906 192.81031799316406 123.76448059082031 335.3057556152344 0.5492921 1.5771441 0.63639116 -6.206273 1.8200728 8.42361 3.041700601577759 0.23874303698539734
Car 0.0 0 2.0871686935424805 0.0 189.66224670410156 354.21868896484375 375.0 4.051104 1.6666236 1.6220051 -4.2815514 1.8912072 7.594732 1.5738279819488525 0.9991880059242249
Car 0.0 0 -1.8813285827636719 738.9434814453125 175.95457458496094 944.3408203125 307.6563720703125 4.182193 1.5457896 1.5882682 3.081831 1.6011323 10.679165 -1.6003782749176025 0.9984022974967957
Car 0.0 0 -2.1308705806732178 847.232177734375 179.0115203857422 1242.0 375.0 3.714904 1.5334083 1.6120081 2.9136176 1.5897545 4.696647 -1.5756139755249023 0.9944121241569519
Car 0.0 0 1.5054905414581299 493.2320861816406 185.0623779296875 526.8915405273438 213.19883728027344 4.248669 1.4914734 1.6780875 -5.958263 2.2481835 42.448517 1.366037130355835 0.9723897576332092
Car 0.0 0 -0.025167934596538544 636.10107421875 178.7743377685547 717.8639526367188 208.242919921875 4.2964263 1.5322613 1.7492431 3.5465593 1.8604329 38.935673 0.06566905975341797 0.6905730366706848
Car 0.0 0 -1.6398814916610718 611.736328125 179.0469970703125 638.0917358398438 203.56182861328125 3.4925058 1.4929613 1.4583458 0.9010958 1.908756 46.619003 -1.6205549240112305 0.3831726908683777
Car 0.0 0 -1.680538296699524 663.578369140625 172.65309143066406 723.4939575195312 226.75465393066406 3.7769141 1.76801 1.6780723 2.8259003 1.7618023 25.46583 -1.5700221061706543 0.22682903707027435
Car 0.0 0 -3.0186991691589355 0.0 0.0 1242.0 375.0 4.114881 1.5409427 1.5894651 2.729081 1.5686032 0.37722617 -1.5852571725845337 0.1377059370279312
Car 0.0 0 1.8427042961120605 507.0253601074219 180.42845153808594 537.0645141601562 199.44338989257812 3.9996014 1.4642133 1.4306974 -7.2140975 2.109029 59.303387 1.7216517925262451 0.10645148903131485
