Car 0.0 0 -1.707017421722412 678.7654418945312 177.00241088867188 739.946044921875 221.2880401611328 3.3613088 1.3976911 1.623133 3.2952197 1.5501523 24.7689 -1.5747554302215576 0.9987717270851135
Car 0.0 0 -1.860553503036499 741.8743896484375 183.18673706054688 963.36865234375 326.1683349609375 4.116272 1.4546794 1.5901178 2.8906748 1.6233693 9.693748 -1.570749044418335 0.998427152633667
Car 0.0 0 -1.6510684490203857 674.8762817382812 172.65557861328125 723.172119140625 214.03900146484375 3.620332 1.5995026 1.6759735 3.5647454 1.592192 29.726797 -1.5317214727401733 0.9930358529090881
Car 0.0 0 0.5605629682540894 94.9859848022461 183.98890686035156 367.48651123046875 282.1121520996094 3.8888037 1.5238724 1.5955056 -6.4282007 1.7299156 12.3723955 0.0813901424407959 0.9927690029144287
Car 0.0 0 3.3477089405059814 401.27789306640625 178.89430236816406 508.3970947265625 217.8311004638672 3.8935878 1.4799404 1.5676278 -6.1047616 1.7252371 28.462212 3.1364235877990723 0.9886828064918518
Car 0.0 0 3.717275381088257 0.0 191.7857666015625 306.2083740234375 312.7135925292969 4.1109166 1.4454008 1.6058187 -6.54148 1.7228429 9.720614 3.1249358654022217 0.9881919026374817
Car 0.0 0 0.39561033248901367 349.79400634765625 177.14544677734375 499.02655029296875 233.56166076660156 3.9954782 1.5927466 1.6977137 -5.5630918 1.72869 21.666525 0.14427971839904785 0.9880889058113098
Car 0.0 0 0.7225576043128967 0.0 192.27113342285156 262.030029296875 369.19464111328125 4.202281 1.4946691 1.6503752 -6.004264 1.7114631 7.162718 0.024915218353271484 0.9871943593025208
Car 0.0 0 3.2411723136901855 452.4103088378906 179.12049865722656 541.0842895507812 209.43605041503906 4.250028 1.4638907 1.5981735 -5.653499 1.7860467 36.133842 3.085970640182495 0.9315019249916077
Car 0.0 0 -2.8718037605285645 472.3883972167969 175.4964599609375 545.16259765625 206.20428466796875 3.5592082 1.592208 1.6027882 -5.425015 1.737737 38.611336 -3.0113930702209473 0.9125922322273254
Car 0.0 0 -2.966808795928955 540.3125610351562 170.61383056640625 586.4013061523438 188.18701171875 4.056063 1.6133723 1.7103745 -4.3503237 1.4080625 67.31384 -3.031346559524536 0.809414803981781
