Pedestrian 0.0 0 1.1976563930511475 560.0245361328125 134.9539031982422 603.6821899414062 231.9935302734375 0.79051507 1.8152574 0.59626365 -0.49892664 0.96489275 13.702617 1.1612614393234253 0.9951693415641785
Pedestrian 0.0 0 1.4643739461898804 608.2201538085938 140.48373413085938 639.7982177734375 231.0998077392578 0.7715157 1.724162 0.53634435 0.3220816 0.96440256 13.854829 1.4876166582107544 0.9399411082267761
Pedestrian 0.0 0 0.7364512085914612 513.2081909179688 138.35186767578125 565.7381591796875 223.40487670898438 0.9813784 1.7963226 0.62100947 -1.4762114 0.9077731 15.47029 0.6413168907165527 0.8808594942092896
Pedestrian 0.0 0 0.6919223070144653 499.0564880371094 141.26119995117188 537.1382446289062 218.9153289794922 0.7572858 1.8378736 0.52348065 -2.1466107 0.91079575 17.153286 0.5674266815185547 0.7779706716537476
Pedestrian 0.0 0 -0.10077682137489319 826.6638793945312 140.36761474609375 945.8229370117188 370.0 0.7909587 1.7949427 0.6647951 2.1024573 1.508009 5.504471 0.26407694816589355 0.7170845866203308
Pedestrian 0.0 0 -2.493089437484741 422.65887451171875 132.26101684570312 475.6691589355469 220.91395568847656 0.9483196 1.8361505 0.5795232 -3.367532 0.83866405 15.099954 -2.712514638900757 0.6765378713607788
Pedestrian 0.0 0 1.3513259887695312 682.547607421875 143.84268188476562 710.1121826171875 208.0134735107422 0.94223976 1.9458529 0.6563557 2.7934093 0.8358511 21.934402 1.4779969453811646 0.641177237033844
Pedestrian 0.0 0 -1.9106496572494507 453.5307312011719 142.4575653076172 496.5146484375 224.24388122558594 1.0882227 1.7681764 0.62088126 -2.974573 0.94733644 15.907479 -2.0955069065093994 0.6252457499504089
Pedestrian 0.0 0 0.1277559995651245 790.1167602539062 143.27154541015625 885.7875366210938 365.1604309082031 0.735419 1.8252493 0.6001924 2.0127294 1.5207154 6.239273 0.4398069381713867 0.5326038002967834
Pedestrian 0.0 0 -0.2516501545906067 874.4637451171875 140.90870666503906 971.9208984375 329.1009826660156 0.76802504 1.8073373 0.6056622 3.1422265 1.4288121 7.146293 0.16260552406311035 0.5194430351257324
Pedestrian 0.0 0 0.7026901245117188 542.213623046875 146.38726806640625 588.5474243164062 223.09873962402344 0.8881534 1.6927725 0.58071506 -0.9429017 0.94163 16.09615 0.6441776752471924 0.5071173310279846
Pedestrian 0.0 0 0.9119343161582947 475.9501953125 139.82003784179688 527.193359375 222.07376098632812 0.9341956 1.8449436 0.7684942 -2.4484828 0.9341078 16.454685 0.7642166614532471 0.4006052017211914
Pedestrian 0.0 0 0.8077389597892761 896.43994140625 146.4686279296875 1026.0189208984375 364.80975341796875 0.8165645 1.7620575 0.61741006 3.038313 1.4891243 6.183421 1.2644542455673218 0.3602575361728668
Pedestrian 0.0 0 2.1792891025543213 405.08648681640625 142.44403076171875 429.0717468261719 196.50047302246094 0.6194389 1.7917352 0.52093524 -6.3558245 0.53188616 23.81055 1.9184379577636719 0.23288972675800323
Pedestrian 0.0 0 0.4726244807243347 460.19366455078125 143.66629028320312 493.76202392578125 214.76455688476562 0.6434275 1.7673337 0.585423 -3.2825243 0.853331 17.943445 0.2916879653930664 0.19224749505519867
Pedestrian 0.0 0 1.4092888832092285 513.8256225585938 136.82928466796875 537.5923461914062 201.16627502441406 0.83016104 1.9710274 0.61215055 -2.520289 0.634689 22.138756 1.2959362268447876 0.15136152505874634
Car 0.0 0 -1.2363407611846924 319.72235107421875 151.96595764160156 386.3153381347656 189.51824951171875 3.6256185 1.6151379 1.766366 -11.418736 0.38935405 32.22363 -1.57689368724823 0.7671269178390503
Car 0.0 0 -2.8299317359924316 0.0 0.0 1224.0 370.0 3.673118 1.4964539 1.5995574 2.7292829 1.6986629 0.9818827 -1.6044772863388062 0.15541554987430573
