Car 0.0 0 -1.5736042261123657 579.765869140625 177.41136169433594 640.9347534179688 232.62779235839844 3.4951522 1.4744911 1.6335849 0.02132035 1.2672168 20.941479 -1.572586178779602 0.999370276927948
Car 0.0 0 -1.371600866317749 419.77618408203125 178.86582946777344 504.24945068359375 237.26199340820312 3.7031112 1.4692167 1.5876706 -3.9781995 1.3105885 19.935568 -1.5685664415359497 0.9987541437149048
Car 0.0 0 -1.4312617778778076 479.3257751464844 175.85740661621094 525.0693359375 212.35342407226562 3.6339815 1.5284079 1.5198592 -4.665069 1.137626 31.922228 -1.5763731002807617 0.9923313856124878
Car 0.0 0 -1.354286551475525 384.5694885253906 179.80950927734375 434.7691955566406 213.21249389648438 3.2778313 1.3945569 1.4639052 -8.7080965 1.1699833 31.682644 -1.6225168704986572 0.8542874455451965
Car 0.0 0 2.009068250656128 276.1121520996094 181.09962463378906 391.3770751953125 233.52554321289062 4.513785 1.4778516 1.6047547 -8.472937 1.3629535 22.573582 1.6499929428100586 0.7267014384269714
Car 0.0 0 -1.517896056175232 573.1593627929688 178.50230407714844 614.586181640625 215.32131958007812 3.6198342 1.4462254 1.5444506 -0.5657828 1.1836594 30.067566 -1.5367108583450317 0.7222008109092712
Car 0.0 0 1.7680938243865967 440.00225830078125 174.8627471923828 477.47442626953125 199.23110961914062 4.053481 1.4709178 1.5550749 -9.387552 0.84712726 45.419426 1.5642778873443604 0.32135578989982605
Car 0.0 0 -1.2739646434783936 447.53851318359375 165.61407470703125 480.471435546875 185.72259521484375 4.560808 1.7568698 1.6670946 -12.988659 0.045419086 65.15455 -1.4707366228103638 0.1638949066400528
Car 0.0 0 2.1970763206481934 286.93206787109375 173.85931396484375 380.01654052734375 213.60723876953125 4.546409 1.6650574 1.5606878 -12.310379 1.1904657 32.507515 1.8350716829299927 0.10533822327852249
Car 0.0 0 -2.988715410232544 499.5577087402344 175.77169799804688 551.9268188476562 194.72569274902344 3.818353 1.4414473 1.6327053 -6.328226 0.72436434 55.556103 -3.1021335124969482 0.10053082555532455
