Car 0.0 0 -1.6739310026168823 649.7241821289062 180.8345184326172 695.7302856445312 216.47686767578125 3.975433 1.4253017 1.6016759 2.6572077 1.7990243 31.7509 -1.590436339378357 0.9990691542625427
Car 0.0 0 -1.7349717617034912 667.4402465820312 179.7469940185547 750.6084594726562 239.85113525390625 4.216394 1.5059843 1.6645691 2.6747408 1.7245581 20.702888 -1.6064870357513428 0.9988825917243958
Car 0.0 0 3.4467601776123047 299.1021423339844 185.1435089111328 460.28167724609375 240.57754516601562 4.0663996 1.4756972 1.4374799 -6.4309874 1.833322 20.249464 3.139246702194214 0.9973100423812866
Car 0.0 0 0.4293910264968872 203.91534423828125 185.3360137939453 404.263916015625 260.6599426269531 3.6573427 1.5045491 1.5412232 -6.5284543 1.7875786 15.510494 0.03099346160888672 0.997215986251831
Car 0.0 0 -1.7103753089904785 635.5377807617188 179.47372436523438 669.4349975585938 206.00418090820312 3.792674 1.494797 1.522593 2.4899983 1.9128962 43.57768 -1.653298020362854 0.9560972452163696
Car 0.0 0 0.43723732233047485 271.9676208496094 183.2240753173828 447.0228576660156 250.16204833984375 3.8138654 1.5435839 1.5271991 -6.192806 1.8148584 17.889908 0.10398578643798828 0.9388009309768677
Car 0.0 0 3.3620588779449463 368.5798034667969 175.50811767578125 486.4718933105469 223.84873962402344 4.074687 1.7693301 1.6587542 -6.897527 1.8736823 27.385998 3.1153273582458496 0.926958441734314
Car 0.0 0 3.3947057723999023 349.7413635253906 180.8121337890625 476.09991455078125 226.3496551513672 3.9604113 1.5134146 1.6332811 -6.830767 1.8000576 25.112473 3.129124402999878 0.9145447611808777
Car 0.0 0 0.31814461946487427 326.9105529785156 182.17819213867188 467.2760314941406 231.75807189941406 3.9778163 1.494001 1.602133 -6.7408853 1.8018789 22.92946 0.032216548919677734 0.7049113512039185
Car 0.0 0 2.32700252532959 0.0 200.4714813232422 120.38668060302734 375.0 4.0095234 1.4364536 1.5882758 -7.697623 1.8236387 8.095635 1.5668004751205444 0.6881192326545715
Car 0.0 0 3.282850503921509 429.9501953125 179.53619384765625 511.3382568359375 215.26217651367188 3.5962691 1.634614 1.6971022 -6.6106 1.9612873 34.296608 3.092437744140625 0.6440620422363281
Car 0.0 0 -2.651188373565674 0.0 0.0 1242.0 375.0 3.933938 1.4991771 1.6148688 2.9137874 1.5952283 1.5249398 -1.562547206878662 0.5848031640052795
Car 0.0 0 0.6425378322601318 128.0013427734375 191.08645629882812 388.0124816894531 285.81536865234375 3.919098 1.44707 1.5831951 -6.130925 1.7950891 12.608383 0.18994426727294922 0.46199795603752136
