Cyclist 0.0 0 -1.0475380420684814 517.1644897460938 181.40028381347656 535.3139038085938 209.09573364257812 1.5103372 1.7852566 0.5087893 -5.5715413 2.361129 47.792095 -1.1635929346084595 0.1322338879108429
Car 0.0 0 1.7515631914138794 458.25933837890625 185.89097595214844 502.492431640625 219.77310180664062 3.4681096 1.510418 1.5284519 -6.3157983 2.178851 35.235497 1.5742013454437256 0.9996969699859619
Car 0.0 0 2.045264959335327 147.92144775390625 197.0167236328125 355.49566650390625 305.7085876464844 3.88515 1.4748468 1.6217995 -6.0468774 1.9638827 12.625597 1.5986084938049316 0.9985353946685791
Car 0.0 0 -1.6677536964416504 644.5870361328125 176.4929962158203 682.220703125 206.65223693847656 3.8776357 1.5249543 1.6460876 2.7941782 1.7314562 38.912415 -1.5960699319839478 0.9979888200759888
Car 0.0 0 -1.8145477771759033 783.3740234375 180.67071533203125 1020.5548095703125 347.6041259765625 3.4493654 1.4594431 1.6284775 2.9984324 1.5689628 8.27382 -1.4668692350387573 0.996976375579834
Car 0.0 0 1.773531198501587 478.5784606933594 184.84573364257812 522.2966918945312 213.00314331054688 3.9288542 1.4567598 1.7029727 -6.209246 2.172623 41.04246 1.623381495475769 0.9779289364814758
Car 0.0 0 -2.552212953567505 1026.0047607421875 181.8914031982422 1242.0 375.0 3.786774 1.5334709 1.5761929 2.9855564 1.5827571 2.0081193 -1.5735235214233398 0.9452409744262695
Car 0.0 0 -2.2637479305267334 479.68072509765625 183.55030822753906 531.1029052734375 207.18032836914062 3.5996118 1.4828482 1.4637078 -7.100971 2.229712 48.606144 -2.408813714981079 0.7459362149238586
Car 0.0 0 1.757723331451416 464.66680908203125 179.4824676513672 496.7185974121094 202.03025817871094 4.2110295 1.550017 1.561363 -9.471328 2.0562792 52.95398 1.580735206604004 0.3533569872379303
Car 0.0 0 -2.151449680328369 595.6880493164062 176.8164520263672 637.9130249023438 195.94618225097656 4.0867925 1.5425174 1.5987061 0.5169695 1.8909001 61.21984 -2.14300537109375 0.2446124404668808
Car 0.0 0 -2.5685486793518066 126.25904846191406 200.18507385253906 206.7810821533203 229.40182495117188 3.767389 1.6065221 1.5246822 -25.79736 3.2275467 41.979088 -3.1195826530456543 0.17244873940944672
