Pedestrian 0.0 0 -0.9418156743049622 656.0707397460938 162.54827880859375 681.9180297851562 222.95980834960938 0.5720431 1.8823259 0.5949035 1.8263085 1.5615743 22.88995 -0.8621978759765625 0.6797212362289429
Pedestrian 0.0 0 2.7400062084198 682.9408569335938 162.9507293701172 717.365478515625 222.31546020507812 0.8629531 1.7648679 0.614274 2.6812487 1.4708092 21.862286 2.862039566040039 0.41882485151290894
Pedestrian 0.0 0 -0.13487990200519562 694.6698608398438 163.496337890625 732.2363891601562 230.52944946289062 0.90769523 1.7563992 0.671935 2.7022507 1.5115681 19.241028 0.004649639129638672 0.383705735206604
Pedestrian 0.0 0 -2.503039598464966 91.5573959350586 184.46279907226562 132.5380859375 241.4884490966797 0.9005646 1.7814507 0.5890543 -15.894067 2.1564424 22.97302 -3.1082801818847656 0.1552589386701584
Pedestrian 0.0 0 1.3321948051452637 852.3056640625 156.93850708007812 878.8923950195312 214.5140380859375 0.8210748 1.7172198 0.58318037 7.723863 1.2428904 21.955008 1.670475959777832 0.12704946100711823
Cyclist 0.0 0 -3.1743104457855225 687.1236572265625 160.4114532470703 737.3090209960938 231.7555389404297 1.2996008 1.8603452 0.68169934 2.6607523 1.5362556 19.218822 -3.0367398262023926 0.4257461726665497
Car 0.0 0 2.070960521697998 137.29490661621094 193.32086181640625 260.3647766113281 249.6015625 3.8878653 1.4634069 1.6040404 -12.494935 2.1471667 22.135109 1.5570645332336426 0.9980654120445251
Car 0.0 0 -1.3558977842330933 376.872314453125 176.14682006835938 510.7618103027344 278.1964111328125 3.733901 1.5768558 1.5894916 -2.904511 1.6457043 13.13607 -1.573506236076355 0.9954249262809753
Car 0.0 0 -1.5727474689483643 586.6090087890625 173.33067321777344 614.1859130859375 198.26470947265625 4.374132 1.5473756 1.7149986 -0.66454965 1.5802783 47.059696 -1.5868679285049438 0.9820758104324341
Car 0.0 0 2.0648882389068604 384.6825866699219 180.63401794433594 428.36822509765625 201.35630798339844 4.689599 1.6850096 1.6437277 -17.721224 2.3911831 62.98879 1.7906379699707031 0.27114346623420715
Car 0.0 0 1.8610284328460693 704.5255126953125 164.473388671875 737.8759765625 185.7390899658203 3.7883084 1.6269116 1.599551 8.830614 0.9861183 57.251892 2.014063835144043 0.1216326653957367
Car 0.0 0 1.4685393571853638 464.43084716796875 179.0797119140625 498.9388732910156 205.7875213623047 4.189974 1.4891543 1.6205978 -7.813938 1.8842492 43.508606 1.2908384799957275 0.12068498879671097
