Car 0.0 0 -1.8781545162200928 766.4099731445312 185.63111877441406 979.4228515625 320.2065734863281 3.5479186 1.4263117 1.6287674 3.242983 1.6312921 9.76796 -1.5576025247573853 0.999238133430481
Car 0.0 0 -1.7923076152801514 721.3561401367188 179.56422424316406 845.0399780273438 266.2821960449219 3.7916765 1.5283816 1.6446202 3.364926 1.6850051 14.903918 -1.570255994796753 0.9987760186195374
Car 0.0 0 -1.7059420347213745 678.801513671875 182.26763916015625 729.6665649414062 221.98052978515625 3.5753627 1.4169515 1.5021467 3.6024134 1.811105 28.38661 -1.5797114372253418 0.9969915151596069
Car 0.0 0 3.560526132583618 135.5391082763672 184.96502685546875 397.02215576171875 272.15338134765625 4.065641 1.4785447 1.5586087 -6.2308183 1.7156069 13.280064 3.1218323707580566 0.995662271976471
Car 0.0 0 3.317355155944824 395.9459228515625 184.07398986816406 514.7560424804688 226.08511352539062 3.9378595 1.4260705 1.6158961 -5.5093403 1.841776 25.832436 3.1072311401367188 0.993998646736145
Car 0.0 0 3.4622583389282227 272.5000915527344 181.2048797607422 451.39837646484375 243.49777221679688 4.117369 1.5376222 1.6430944 -6.4325013 1.7661018 18.869839 3.1337239742279053 0.9937000274658203
Car 0.0 0 0.8024100661277771 0.0 188.45848083496094 265.0796203613281 375.0 4.2902317 1.5705519 1.6873182 -5.711863 1.7347704 6.5506625 0.08530902862548828 0.9917210340499878
Car 0.0 0 -2.86788272857666 369.1982421875 179.6651153564453 491.2137145996094 230.54827880859375 3.5501642 1.5734546 1.5315783 -5.8037834 1.8019602 23.347298 -3.1115291118621826 0.9828852415084839
Car 0.0 0 0.31905415654182434 327.1789245605469 186.46640014648438 490.096923828125 241.3585968017578 4.3027744 1.5017197 1.5989884 -5.8540316 1.9169704 21.086683 0.04825615882873535 0.9454154372215271
Car 0.0 0 -1.558936357498169 541.3389282226562 179.31369018554688 562.3065185546875 199.61769104003906 3.461858 1.4038756 1.479465 -4.264655 1.8928313 52.795177 -1.6395387649536133 0.9086158871650696
Car 0.0 0 0.23160256445407867 421.4493713378906 177.6320037841797 525.6073608398438 220.99131774902344 3.7396607 1.6390926 1.706865 -5.362264 1.8338463 28.416548 0.045093536376953125 0.8024312257766724
