Pedestrian 0.0 0 3.547804832458496 193.12110900878906 158.87539672851562 323.7939453125 364.81719970703125 0.9464704 1.8287767 0.5819785 -3.215747 1.6292499 6.686868 3.0995497703552246 0.9465718865394592
Pedestrian 0.0 0 2.373654842376709 1005.4945678710938 154.23341369628906 1085.5997314453125 303.5158996582031 0.6723529 1.6974053 0.4600202 5.1777906 1.3887233 8.462673 2.922733783721924 0.8837094306945801
Pedestrian 0.0 0 -2.0409095287323 897.8783569335938 163.9860382080078 940.3292236328125 230.45838928222656 1.0428025 1.703937 0.6160658 8.333814 1.2561651 18.948782 -1.6265640258789062 0.5322352647781372
Pedestrian 0.0 0 -3.117422103881836 804.3883666992188 170.40512084960938 845.3090209960938 249.46463012695312 0.84754914 1.7003496 0.5397225 4.891868 1.4629568 15.837424 -2.817838191986084 0.5121669769287109
Pedestrian 0.0 0 -1.466552495956421 992.9186401367188 160.73463439941406 1024.2706298828125 229.57127380371094 0.6216778 1.6428114 0.60677665 9.927775 1.1484371 17.569878 -0.9522316455841064 0.4638510048389435
Pedestrian 0.0 0 2.830808639526367 499.7104187011719 182.7918701171875 519.7190551757812 226.34107971191406 0.6189321 1.6647142 0.58989584 -3.5810258 1.7165815 27.87834 2.7030563354492188 0.3115178346633911
Pedestrian 0.0 0 -1.9769470691680908 775.6842651367188 170.5211944580078 814.3319702148438 246.0507354736328 0.9514562 1.6939698 0.527429 4.431385 1.448954 16.617079 -1.716335415840149 0.30184081196784973
Pedestrian 0.0 0 1.3414092063903809 752.4475708007812 157.49818420410156 842.5185546875 374.0 0.7208844 1.6949135 0.55397636 1.5301322 1.5121634 5.8759217 1.5961586236953735 0.26701369881629944
Pedestrian 0.0 0 1.3021278381347656 1156.9288330078125 105.67603302001953 1238.0 307.2366027832031 0.80205345 1.8990443 0.6037214 6.0519257 1.1860278 7.2553077 1.9973406791687012 0.16838917136192322
Pedestrian 0.0 0 1.3656882047653198 821.707275390625 153.70811462402344 908.400146484375 366.3938293457031 0.7221687 1.6062223 0.51499665 2.0599418 1.3977327 5.814845 1.7061492204666138 0.11965685337781906
Car 0.0 0 1.6248986721038818 553.2207641601562 174.87557983398438 595.5549926757812 213.97866821289062 4.1132135 1.7276279 1.771334 -1.2234176 1.4359021 33.80656 1.5887256860733032 0.9704474806785583
Car 0.0 0 1.505782961845398 619.186767578125 176.43084716796875 645.3797607421875 194.87083435058594 4.4180813 1.3735824 1.7393268 2.375022 0.99656457 55.733685 1.5483709573745728 0.9443016052246094
Car 0.0 0 1.972440481185913 48.14053726196289 182.99427795410156 315.3434753417969 342.7740478515625 3.7507584 1.5935868 1.5232488 -5.0271072 1.6179488 9.140561 1.4696142673492432 0.11896701902151108
Car 0.0 0 1.3038231134414673 943.76806640625 162.58245849609375 1003.0424194335938 195.96469116210938 3.8930728 1.5399172 1.5970197 18.136797 0.6681807 35.20383 1.7795517444610596 0.10685275495052338
