Pedestrian 0.0 0 2.1019997596740723 40.2861442565918 173.22723388671875 279.79949951171875 375.0 1.8067302 1.6997606 0.5729984 -3.0610678 1.7032046 5.056288 1.5576202869415283 0.15879876911640167
Cyclist 0.0 0 2.1019997596740723 40.2861442565918 173.22723388671875 279.79949951171875 375.0 1.8067302 1.6997606 0.5729984 -3.0610678 1.7032046 5.056288 1.5576202869415283 0.9935384392738342
Car 0.0 0 0.4188108742237091 292.8250732421875 178.43272399902344 433.8868713378906 235.51133728027344 3.4440684 1.5367763 1.6264925 -7.0181828 1.7037147 20.57738 0.09011983871459961 0.9982750415802002
Car 0.0 0 -1.6700055599212646 633.51025390625 173.5894012451172 673.4395141601562 206.4242401123047 3.7278845 1.4369521 1.4798273 1.9317368 1.4734389 33.55189 -1.6124944686889648 0.9973925352096558
Car 0.0 0 -1.726166844367981 658.0913696289062 175.67434692382812 748.1699829101562 242.40438842773438 4.1416864 1.4869771 1.6125147 2.1930923 1.5672834 18.351871 -1.6072285175323486 0.9971563816070557
Car 0.0 0 0.5142161846160889 98.69474792480469 187.6888427734375 359.38330078125 279.15771484375 3.8166785 1.4837496 1.5921355 -6.7001386 1.7658029 12.839293 0.03324460983276367 0.9956555366516113
Car 0.0 0 3.1942825317382812 453.9478454589844 177.0941619873047 519.3457641601562 201.69447326660156 3.8838444 1.4650232 1.6608953 -7.572648 1.7323668 44.379295 3.025275468826294 0.9864194989204407
Car 0.0 0 0.43516767024993896 199.01272583007812 184.77198791503906 411.2547302246094 261.33721923828125 3.898423 1.5162164 1.4930813 -6.443256 1.7838937 15.36119 0.03800702095031738 0.9458761811256409
Car 0.0 0 -0.9029369950294495 1079.815185546875 115.09192657470703 1242.0 375.0 4.3889318 1.8606603 1.6541876 5.8728676 1.5372392 4.9368186 -0.031160764396190643 0.46852168440818787
Car 0.0 0 3.227703094482422 420.8894348144531 175.748046875 501.70965576171875 208.15679931640625 3.902076 1.5943623 1.6703436 -7.550226 1.746325 36.73872 3.0250136852264404 0.3215256333351135
Car 0.0 0 -2.8786251544952393 469.57354736328125 171.3570098876953 531.3884887695312 197.03668212890625 3.674813 1.6383281 1.6929289 -7.1499553 1.54318 47.077335 -3.0293500423431396 0.2107432335615158
