Car 0.0 0 -1.926877498626709 768.1304931640625 193.80186462402344 1059.28125 375.0 3.5830472 1.4328911 1.59318 2.8341238 1.7095256 7.7186146 -1.5749800205230713 0.9985357522964478
Car 0.0 0 0.42105966806411743 178.52027893066406 181.11947631835938 410.9035339355469 255.51065063476562 4.1948957 1.4526875 1.4950013 -6.504833 1.6341556 15.033278 0.012688875198364258 0.9984048008918762
Car 0.0 0 -1.6732914447784424 637.3338623046875 176.62908935546875 672.4663696289062 203.70822143554688 4.1437936 1.462806 1.5989397 2.508942 1.6921775 41.664997 -1.6131470203399658 0.9983545541763306
Car 0.0 0 -2.748307943344116 246.1604766845703 174.55599975585938 432.0524597167969 245.30633544921875 3.925941 1.6316973 1.5816066 -6.543023 1.6754701 17.540775 -3.105339765548706 0.9968956708908081
Car 0.0 0 0.30196070671081543 321.8199462890625 178.42230224609375 460.8301696777344 231.2571563720703 3.7696526 1.5455129 1.5964278 -6.6667237 1.7226565 22.090147 0.008856773376464844 0.9956900477409363
Car 0.0 0 0.5857282876968384 0.0 174.74380493164062 335.42279052734375 304.2505187988281 4.157923 1.6653016 1.6136309 -6.3098984 1.6945821 10.170449 0.030432939529418945 0.9948357343673706
Car 0.0 0 3.635158061981201 73.88060760498047 172.36949157714844 352.69329833984375 271.8249206542969 3.9803112 1.6320994 1.6735048 -6.8624825 1.6245062 12.679696 3.139082193374634 0.9929693341255188
Car 0.0 0 2.787644863128662 776.2503662109375 180.07188415527344 953.1378173828125 241.40164184570312 3.8776255 1.4527551 1.5893364 6.256669 1.6427853 18.121738 3.120088577270508 0.9927926063537598
Car 0.0 0 2.869612693786621 709.8214721679688 179.4945068359375 832.7264404296875 221.77613830566406 4.063234 1.4580833 1.5352563 5.7202888 1.7061716 26.035318 3.0858888626098633 0.9922510981559753
Car 0.0 0 0.8525382280349731 0.0 201.40431213378906 158.1863250732422 375.0 4.0570736 1.4607013 1.5980113 -5.884086 1.7025498 5.275674 0.01267552375793457 0.991705060005188
Car 0.0 0 -0.45463311672210693 842.875732421875 172.3761444091797 1108.80712890625 266.47052001953125 3.8447583 1.557435 1.7244444 6.2825246 1.5498836 12.80511 0.0014874935150146484 0.9844042658805847
Car 0.0 0 0.18548113107681274 446.1134948730469 176.4162139892578 524.5133056640625 209.3797607421875 3.6080918 1.5921608 1.5881203 -6.1910195 1.7735486 35.84529 0.014453411102294922 0.9798671007156372
Car 0.0 0 3.794400215148926 0.0 186.34234619140625 248.986328125 346.5714416503906 3.9686835 1.4933933 1.5896852 -6.308036 1.654242 7.724578 3.109607696533203 0.978496789932251
