Pedestrian 0.0 0 -1.8817325830459595 643.8919677734375 159.623291015625 680.2698364257812 229.39736938476562 0.78832716 1.768427 0.7343426 1.5363245 1.2151417 18.670792 -1.7996326684951782 0.9795593023300171
Pedestrian 0.0 0 2.2650513648986816 0.0 149.8959503173828 145.81402587890625 374.0 0.70670265 1.8111835 0.68951076 -3.3204634 1.641695 4.2457957 1.6013462543487549 0.9585506916046143
Pedestrian 0.0 0 1.9510339498519897 209.4194793701172 169.77964782714844 306.176025390625 350.62847900390625 0.8101593 1.6327553 0.58304065 -3.3264852 1.5283198 6.9068274 1.502195954322815 0.9500359892845154
Pedestrian 0.0 0 0.8843894004821777 83.63040161132812 162.5137939453125 189.60275268554688 326.58734130859375 0.7398842 1.6929094 0.6478684 -5.1019516 1.4983735 7.8297114 0.30688023567199707 0.8049318194389343
Pedestrian 0.0 0 -1.5445919036865234 382.27178955078125 169.1624298095703 402.64276123046875 221.42237854003906 0.8346966 1.7293916 0.64077055 -7.0742364 1.3222013 24.253801 -1.8283940553665161 0.7372714877128601
Pedestrian 0.0 0 -1.2039777040481567 83.49889373779297 162.76695251464844 151.2741241455078 294.0384216308594 0.76193655 1.7854555 0.5647451 -6.901119 1.5319861 10.202549 -1.7986962795257568 0.34087201952934265
Pedestrian 0.0 0 1.6599516868591309 430.6490478515625 161.55892944335938 468.0267028808594 258.2279357910156 1.5210844 1.7614968 0.57761234 -2.957747 1.399399 13.876655 1.449948787689209 0.20900104939937592
Pedestrian 0.0 0 1.4684315919876099 498.76080322265625 166.83177185058594 516.5474853515625 215.5963897705078 1.0470593 1.787152 0.5541166 -3.5379038 1.2506258 26.896698 1.3376456499099731 0.19505880773067474
Pedestrian 0.0 0 -0.14879253506660461 423.5985412597656 173.3551025390625 436.16363525390625 198.70555114746094 0.7467643 1.713609 0.6386955 -11.690369 1.1637038 48.9903 -0.38303813338279724 0.13289080560207367
Pedestrian 0.0 0 2.3267478942871094 0.0 156.6344451904297 74.96601104736328 360.780029296875 0.63141316 1.8331633 0.6658664 -5.5919404 1.6112584 6.784986 1.6374456882476807 0.13187099993228912
Pedestrian 0.0 0 1.6274333000183105 516.4984741210938 166.8712615966797 533.4993896484375 213.41436767578125 0.7322385 1.733567 0.59964913 -2.9032302 1.1897328 27.13348 1.5208407640457153 0.12743932008743286
Pedestrian 0.0 0 1.156591534614563 808.2057495117188 147.5054931640625 848.9352416992188 236.004150390625 0.53425246 1.7977326 0.6432716 4.6645293 1.1084211 14.890412 1.460166096687317 0.12064198404550552
Cyclist 0.0 0 1.6940840482711792 427.5849609375 166.45469665527344 468.6173095703125 262.0165100097656 1.6084903 1.7373916 0.58649313 -2.9801807 1.4651233 13.884238 1.4826472997665405 0.9551859498023987
Car 0.0 0 1.8308897018432617 214.1062774658203 180.38046264648438 399.7502746582031 298.78741455078125 4.365019 1.5020478 1.5842803 -4.412693 1.4891806 11.366202 1.4605714082717896 0.9913486838340759
Car 0.0 0 3.1791248321533203 0.0 184.30606079101562 287.7803039550781 374.0 3.4335222 1.610972 1.7091242 -4.995339 1.6450787 6.7065816 2.538933515548706 0.6194813251495361
Car 0.0 0 1.833420991897583 398.602783203125 174.5857696533203 440.4212341308594 197.84323120117188 4.3192177 1.515792 1.7025585 -12.333029 1.065855 48.987446 1.5867875814437866 0.41736364364624023
