Pedestrian 0.0 0 -1.729729413986206 817.8350219726562 166.55584716796875 859.3117065429688 256.9142150878906 0.85485023 1.7062912 0.64154917 4.4001284 1.5877174 14.091447 -1.427067518234253 0.9430835843086243
Pedestrian 0.0 0 -1.4073199033737183 531.6177978515625 172.20130920410156 554.4224243164062 222.0596466064453 1.0824447 1.6998103 0.6260221 -2.3719618 1.6779159 25.158134 -1.50132417678833 0.6837015748023987
Cyclist 0.0 0 -3.0077431201934814 522.319091796875 174.32066345214844 563.061279296875 223.69918823242188 1.3467423 1.697884 0.6046403 -2.3836308 1.7500495 25.155493 -3.102216958999634 0.19744586944580078
Car 0.0 0 2.233473539352417 0.0 206.7371063232422 286.13427734375 375.0 3.9324546 1.3985083 1.599471 -3.7091403 1.7031599 4.4894423 1.5429648160934448 0.9985522627830505
Car 0.0 0 1.5705219507217407 339.7361755371094 190.2078857421875 424.775634765625 262.9752197265625 3.997513 1.358186 1.6577834 -5.2973437 1.8108951 16.649 1.2624727487564087 0.9982777833938599
Car 0.0 0 0.5104104280471802 179.32875061035156 183.8907470703125 311.480224609375 226.35935974121094 4.173586 1.5290687 1.7252655 -13.83077 1.9634988 27.422997 0.0432894229888916 0.997452437877655
Car 0.0 0 2.651747703552246 620.697509765625 176.29884338378906 715.2846069335938 207.2577667236328 4.7573094 1.5442486 1.6546406 3.036261 1.734555 38.075348 2.731322765350342 0.9929672479629517
Car 0.0 0 2.5204548835754395 488.8184814453125 179.11297607421875 575.13720703125 212.43206787109375 3.9503226 1.488953 1.6096932 -3.7674003 1.8084903 34.876602 2.412851333618164 0.5363863706588745
Car 0.0 0 2.7011189460754395 847.1250610351562 171.89862060546875 921.3380126953125 197.06863403320312 4.0031734 1.5344207 1.6451597 17.022657 1.476536 44.960934 3.0630507469177246 0.13610917329788208
Car 0.0 0 -2.708395004272461 0.0 0.0 1242.0 375.0 3.7152662 1.5073222 1.5433182 3.073629 1.6449103 1.3658526 -1.5557674169540405 0.12552346289157867
