Pedestrian 0.0 0 -1.0701744556427002 212.1017303466797 171.40621948242188 288.5253601074219 328.17034912109375 0.7159373 1.7646074 0.52749395 -4.2678866 1.7486682 8.486092 -1.536161184310913 0.17867006361484528
Pedestrian 0.0 0 -1.5362199544906616 371.6995849609375 172.1884002685547 410.197509765625 270.8246765136719 0.608866 1.751596 0.6550439 -4.0467257 1.7401342 13.189559 -1.8339152336120605 0.17540985345840454
Car 0.0 0 -1.7804760932922363 691.065673828125 180.21139526367188 808.89208984375 265.7505798339844 3.9743025 1.5239602 1.596794 2.7404752 1.6999413 15.209343 -1.6022052764892578 0.999710738658905
Car 0.0 0 -1.6539833545684814 615.9428100585938 179.24392700195312 640.5211181640625 199.4352264404297 3.4530923 1.3941891 1.5075884 1.2755928 1.8769909 52.705765 -1.6297858953475952 0.9825713038444519
Car 0.0 0 0.27741575241088867 330.2333068847656 186.0244140625 478.7459411621094 241.27017211914062 4.0047383 1.568844 1.6097691 -6.1398253 1.979728 21.680058 0.0014407634735107422 0.9013510942459106
Car 0.0 0 3.3493692874908447 401.2772216796875 180.83082580566406 495.7463073730469 213.97512817382812 4.053711 1.4894577 1.626117 -7.519129 1.8712521 33.662468 3.129608392715454 0.7453919053077698
Car 0.0 0 0.4165652394294739 206.9619903564453 185.975830078125 387.348388671875 259.14959716796875 3.504993 1.5889333 1.5860438 -7.22312 1.9089748 16.765753 0.009770393371582031 0.515643835067749
Car 0.0 0 2.9673526287078857 469.274658203125 181.1571807861328 528.252685546875 206.38815307617188 3.6173465 1.5926865 1.7619272 -7.4247394 2.1605127 47.89298 2.813549280166626 0.3945840001106262
Car 0.0 0 -2.2701544761657715 682.18310546875 178.36856079101562 743.2716674804688 207.41778564453125 3.5146365 1.5053269 1.4142 5.6069856 1.8253586 39.959633 -2.1307482719421387 0.3910411298274994
Car 0.0 0 -2.79801082611084 391.0937194824219 180.66201782226562 486.00042724609375 217.0480499267578 3.7045157 1.5188583 1.643985 -7.503852 1.8719802 31.575272 -3.03133225440979 0.35242968797683716
Car 0.0 0 1.9543261528015137 285.5281982421875 173.70925903320312 370.0906066894531 222.59918212890625 3.7410538 1.7545756 1.7635535 -10.822876 1.7901664 27.83945 1.58354651927948 0.24430115520954132
Car 0.0 0 -2.7527830600738525 275.8916931152344 180.4901580810547 428.0989685058594 246.6880340576172 3.4375622 1.6539538 1.6345505 -6.8113647 1.8662696 19.128395 -3.09486985206604 0.2412557750940323
Car 0.0 0 0.18251365423202515 417.6183776855469 175.25802612304688 507.48919677734375 211.6691131591797 4.1496706 1.7676934 1.777758 -7.3528166 1.8913493 36.076275 -0.01854562759399414 0.23158855736255646
Car 0.0 0 -0.05818098783493042 528.0010986328125 178.68284606933594 576.4373779296875 197.0453643798828 4.077443 1.539606 1.7176799 -5.033752 2.052789 62.34613 -0.1387450397014618 0.11817900836467743
