Pedestrian 0.0 0 2.490447998046875 248.77572631835938 170.9796905517578 303.2381591796875 240.60726928710938 1.0695537 1.7558864 0.7261784 -8.756922 1.7089776 18.835518 2.055259943008423 0.11477828770875931
Car 0.0 0 -1.7188924551010132 672.1135864257812 179.3064727783203 773.0030517578125 261.49102783203125 3.6893122 1.5244678 1.5768461 2.2424006 1.6801672 15.51978 -1.5753989219665527 0.9960149526596069
Car 0.0 0 -1.4756269454956055 502.79608154296875 177.39559936523438 554.0916137695312 219.8797149658203 4.399537 1.5782055 1.6702452 -3.2964487 1.7781122 29.48715 -1.5869574546813965 0.9943208694458008
Car 0.0 0 -1.1637483835220337 0.0 187.7255401611328 396.1011657714844 375.0 4.2779226 1.4783757 1.6121529 -3.38698 1.6630404 6.7576776 -1.628359317779541 0.9912086725234985
Car 0.0 0 3.575571060180664 195.36135864257812 182.79527282714844 347.7658386230469 241.256591796875 3.3373308 1.4724108 1.5374222 -8.976814 1.7481081 19.207302 3.1383707523345947 0.985798180103302
Car 0.0 0 -1.7187328338623047 639.2241821289062 178.01852416992188 695.4949951171875 221.83360290527344 3.823132 1.5690286 1.6354607 2.132568 1.7857883 28.264992 -1.6434264183044434 0.981364905834198
Car 0.0 0 -1.6277785301208496 631.2848510742188 181.5869598388672 664.9712524414062 215.49917602539062 3.4462328 1.4811949 1.3874426 1.7245203 1.915573 34.12944 -1.5772926807403564 0.8234182596206665
Car 0.0 0 1.7588980197906494 509.3199157714844 182.7952423095703 551.9976196289062 211.94784545898438 4.25901 1.4031007 1.4873847 -4.19753 1.9625449 38.39415 1.65000319480896 0.3283008933067322
Car 0.0 0 -1.6486867666244507 620.6468505859375 175.38865661621094 651.8963623046875 205.55577087402344 3.6195617 1.7823721 1.654027 1.5597451 1.9465277 44.781612 -1.6138708591461182 0.17050801217556
Car 0.0 0 -1.4315588474273682 529.0455322265625 178.0904998779297 565.185791015625 206.93853759765625 3.5354915 1.6194311 1.6710606 -3.7355235 1.9447746 42.967903 -1.5182783603668213 0.16077081859111786
Car 0.0 0 -0.9659205079078674 0.0 207.9114532470703 496.7147216796875 375.0 3.1705384 1.5187901 1.582908 -1.4935278 1.7081633 2.282574 -1.5453248023986816 0.15793438255786896
