Pedestrian 0.0 0 -2.2048499584198 1156.4853515625 142.69468688964844 1242.0 338.7241516113281 0.9515573 1.7259116 0.5834187 5.7640586 1.4607365 6.8438797 -1.5048893690109253 0.3598012626171112
Car 0.0 0 -1.9685200452804565 793.0892333984375 179.20738220214844 1189.1368408203125 375.0 4.2547917 1.4056026 1.634078 3.0496843 1.4863409 6.987397 -1.5569870471954346 0.9998254179954529
Car 0.0 0 -1.835071086883545 728.56298828125 171.57554626464844 871.6522827148438 274.0108642578125 3.2624488 1.4939876 1.4867871 2.9944134 1.4756994 12.168541 -1.5937868356704712 0.9992363452911377
Car 0.0 0 -1.7241690158843994 648.5684204101562 167.9611358642578 716.1636962890625 220.45547485351562 3.706659 1.5775697 1.6302919 2.2352626 1.4308867 23.57911 -1.6296530961990356 0.9963818788528442
Car 0.0 0 1.9393285512924194 135.76980590820312 161.6617431640625 417.7638854980469 347.16015625 3.4887989 1.6186193 1.6387904 -3.434566 1.521316 8.0645485 1.536708950996399 0.9960950016975403
Car 0.0 0 -1.7173775434494019 681.6697998046875 171.47369384765625 761.1925048828125 237.52012634277344 3.3514411 1.5641965 1.5463985 2.7572231 1.5318643 18.761873 -1.5714631080627441 0.9933843016624451
Car 0.0 0 1.7065880298614502 450.277099609375 164.2185821533203 516.4200439453125 217.3177490234375 3.901055 1.6392875 1.6730541 -4.2117715 1.3730512 24.252193 1.534637451171875 0.991634726524353
Car 0.0 0 -1.6670571565628052 634.7980346679688 166.8152618408203 685.0559692382812 209.15509033203125 3.9727023 1.6089424 1.654357 1.9262785 1.3798239 29.42714 -1.6016911268234253 0.9089035391807556
Car 0.0 0 1.7231756448745728 470.164794921875 168.7408905029297 524.9677124023438 207.33895874023438 4.314642 1.4910424 1.6149117 -4.6391454 1.3325112 30.028288 1.5698950290679932 0.8681841492652893
Car 0.0 0 1.6987345218658447 494.57489013671875 164.36305236816406 533.6265258789062 197.29945373535156 4.7128553 1.6945237 1.5291477 -5.2192993 1.2580364 39.478256 1.5672898292541504 0.42157334089279175
