Pedestrian 0.0 0 -1.026793122291565 1189.183349609375 135.99029541015625 1242.0 257.2802429199219 0.6366691 1.7492031 0.5572192 9.114108 1.2179248 10.768578 -0.32441526651382446 0.18352748453617096
Pedestrian 0.0 0 -2.7069203853607178 379.9925842285156 174.19129943847656 417.81488037109375 245.9066925048828 0.79467046 1.8419281 0.5444215 -5.564048 1.877871 18.869154 -2.993669033050537 0.16995137929916382
Car 0.0 0 -1.3277955055236816 349.7515563964844 188.66220092773438 497.6622619628906 292.3076171875 3.6227877 1.4300164 1.5908523 -3.0474877 1.7399788 12.316866 -1.5703482627868652 0.999045193195343
Car 0.0 0 2.151350975036621 0.0 148.26564025878906 358.03509521484375 375.0 4.1092687 1.7851042 1.6532736 -3.0840263 1.7061665 4.4030175 1.5403332710266113 0.9975799322128296
Car 0.0 0 1.6616131067276 540.6222534179688 177.46014404296875 572.7063598632812 202.8802032470703 4.301933 1.5861429 1.7455748 -3.5291855 1.9065723 47.96992 1.58817458152771 0.996502161026001
Car 0.0 0 1.5209991931915283 638.3931884765625 181.35516357421875 684.0398559570312 220.53053283691406 3.8379614 1.4374094 1.6410875 1.9728534 1.8051258 29.243752 1.5883594751358032 0.9944894313812256
Car 0.0 0 -0.5431497693061829 976.02734375 160.74900817871094 1242.0 257.2027282714844 4.440876 1.44779 1.4768999 8.529136 1.2664496 11.751297 0.08468508720397949 0.2845342755317688
Car 0.0 0 -1.5870532989501953 631.2863159179688 174.52175903320312 658.7188110351562 201.5933837890625 3.8047454 1.683589 1.7142843 2.2154384 1.7971253 47.035194 -1.5399863719940186 0.1722705066204071
Car 0.0 0 -1.0163843631744385 1110.9237060546875 168.09030151367188 1242.0 375.0 4.3362646 1.6423656 1.607289 4.7405033 1.6283878 2.9903522 -0.008353760465979576 0.15808294713497162
Car 0.0 0 1.5413315296173096 568.7320556640625 178.3758087158203 589.3668823242188 197.9630126953125 4.4699836 1.4296023 1.4685134 -2.4687068 1.8777659 56.229614 1.4974557161331177 0.12555213272571564
