Pedestrian 0.0 0 1.5858323574066162 506.1913757324219 160.4438934326172 532.8325805664062 243.6148223876953 0.7413601 1.7608936 0.56158304 -1.8119671 1.316325 15.602965 1.4702205657958984 0.9814980030059814
Pedestrian 0.0 0 -0.4335903525352478 835.4160766601562 140.69268798828125 987.0269775390625 373.08953857421875 0.9463633 1.7579702 0.60427415 2.400052 1.4506798 5.751254 -0.03825175017118454 0.9746555685997009
Pedestrian 0.0 0 -1.6406431198120117 573.2955322265625 157.4571075439453 600.1401977539062 228.02577209472656 0.8056496 1.7809094 0.6360259 -0.41992018 1.1753315 18.556149 -1.6632689237594604 0.8859251141548157
Pedestrian 0.0 0 -2.327270746231079 968.93359375 125.05110931396484 1096.1385498046875 319.0394287109375 0.9952261 1.9230366 0.6597017 4.5236597 1.3648186 7.6767983 -1.7947828769683838 0.8428100347518921
Pedestrian 0.0 0 1.477454423904419 472.21966552734375 162.4364471435547 485.8446960449219 203.41986083984375 0.6137699 1.8183411 0.5470579 -5.508301 0.9734828 32.23566 1.3082129955291748 0.4999246597290039
Pedestrian 0.0 0 1.655360460281372 614.9623413085938 158.57713317871094 639.0501708984375 227.2953643798828 0.7554135 1.8229647 0.59257245 0.66723335 1.2160305 19.463621 1.6896281242370605 0.49064141511917114
Pedestrian 0.0 0 1.395133137702942 627.9486083984375 159.07431030273438 655.0233764648438 228.98219299316406 0.54079086 1.7512171 0.60187155 0.9828072 1.1906296 18.29694 1.4487959146499634 0.3509269654750824
Pedestrian 0.0 0 1.7339096069335938 384.6239929199219 170.170166015625 429.0436096191406 280.1500244140625 0.8019063 1.5980054 0.5282952 -2.9737945 1.4346954 10.86102 1.4666553735733032 0.3171553611755371
Pedestrian 0.0 0 1.4325435161590576 675.2918701171875 154.85903930664062 696.27197265625 217.56466674804688 1.015513 1.887206 0.5039724 2.5639396 1.0865347 22.129986 1.5478874444961548 0.2630153000354767
Pedestrian 0.0 0 -0.05212286114692688 698.5762939453125 143.51768493652344 804.5220947265625 302.13983154296875 1.2917304 1.9518523 0.5891341 1.8561474 1.4858177 9.222216 0.14649271965026855 0.24978007376194
Pedestrian 0.0 0 -1.6985658407211304 693.6888427734375 156.3451385498047 715.2962646484375 214.33657836914062 1.0786157 1.755214 0.52726233 3.161601 0.99497765 22.281805 -1.5576151609420776 0.20244702696800232
Pedestrian 0.0 0 2.1581902503967285 649.1483154296875 161.42909240722656 685.2966918945312 224.5989532470703 0.9300265 1.7311416 0.6003612 1.8273705 1.1822628 20.233513 2.248260021209717 0.200238898396492
Cyclist 0.0 0 -0.12877525389194489 696.13916015625 143.82362365722656 812.2197875976562 301.2967224121094 1.3912381 1.9478198 0.580492 1.8878589 1.4831308 9.222924 0.07312774658203125 0.11097093671560287
Car 0.0 0 1.6576831340789795 544.5064086914062 169.37274169921875 571.7033081054688 194.4198760986328 3.7347956 1.6516305 1.5451895 -2.9242318 0.85263354 49.253082 1.5983811616897583 0.9982331991195679
Car 0.0 0 -1.607290506362915 672.917724609375 187.44802856445312 836.8385009765625 328.45538330078125 4.039587 1.4066483 1.6701517 1.847164 1.503951 9.467308 -1.414601445198059 0.3126353621482849
Car 0.0 0 0.8831418752670288 0.0 201.7053680419922 376.2158203125 374.0 3.6087594 1.4525748 1.5789429 -3.672683 1.6297052 5.0302825 0.2524893283843994 0.2060852199792862
Car 0.0 0 -2.826887607574463 0.0 0.0 1238.0 374.0 3.7314563 1.5070179 1.5976795 2.75652 1.6898637 0.890908 -1.5686943531036377 0.14241720736026764
