Pedestrian 0.0 0 2.527894973754883 0.0 152.5660400390625 92.87366485595703 322.3075256347656 1.1098942 2.0464754 0.6539057 -7.52023 1.802233 9.31981 1.8489559888839722 0.2659680247306824
Pedestrian 0.0 0 2.2075421810150146 741.7555541992188 149.1669921875 783.681884765625 232.07606506347656 0.6429353 1.7690753 0.6457123 3.30398 1.2640109 15.848017 2.4130773544311523 0.12832865118980408
Cyclist 0.0 0 0.3394939601421356 272.1199951171875 181.73414611816406 326.3569030761719 234.700439453125 1.5464138 1.7333412 0.61791587 -10.40898 2.0346818 24.091925 -0.06833517551422119 0.13484309613704681
Car 0.0 0 -1.9116238355636597 292.5442199707031 187.58441162109375 392.1639099121094 246.308837890625 3.4801362 1.3986871 1.4840807 -7.4885964 1.8422546 19.898457 -2.27156925201416 0.9994632601737976
Car 0.0 0 0.4376199245452881 251.34347534179688 187.01962280273438 381.4249572753906 228.92044067382812 4.4071636 1.5399498 1.6523125 -11.410173 2.1102655 28.089447 0.0517728328704834 0.7729406952857971
Car 0.0 0 -1.2015087604522705 281.8835144042969 186.1572265625 364.0387268066406 230.02200317382812 3.5099952 1.3777744 1.5301133 -10.0850725 1.8805943 25.489042 -1.5782707929611206 0.7462060451507568
Car 0.0 0 1.4221974611282349 0.0 181.39820861816406 123.94636535644531 366.1187438964844 3.5187433 1.6704876 1.6299089 -7.255157 1.791902 8.453011 0.7129087448120117 0.270742267370224
Car 0.0 0 -1.3730915784835815 215.54885864257812 187.54330444335938 263.65582275390625 220.75839233398438 3.5540364 1.6616758 1.6932274 -20.378262 2.5108583 39.751 -1.8468061685562134 0.24816052615642548
Car 0.0 0 2.605391025543213 0.0 188.1741180419922 125.58967590332031 242.84176635742188 3.5961387 1.5459933 1.4941858 -18.077936 2.0854447 23.440266 1.948438048362732 0.16298015415668488
Car 0.0 0 0.8832727074623108 0.0 193.13455200195312 124.70927429199219 297.13885498046875 3.2548566 1.5044206 1.5685005 -10.129194 1.869388 11.908601 0.17844319343566895 0.12262833118438721
