Car 0.0 0 1.7375104427337646 456.6722717285156 187.1000213623047 528.4932861328125 234.65414428710938 4.396139 1.4244651 1.7573105 -4.026427 1.9647086 25.136642 1.5786781311035156 0.9996041655540466
Car 0.0 0 2.1073272228240967 4.097368240356445 193.67996215820312 293.1757507324219 328.6449890136719 4.2050476 1.5278376 1.7175503 -6.6184235 1.904511 10.925666 1.562677025794983 0.999373733997345
Car 0.0 0 1.7002631425857544 502.453857421875 183.11952209472656 543.77783203125 217.65933227539062 3.5586214 1.5703894 1.5822053 -4.280742 2.1034453 35.65214 1.5807654857635498 0.9979947805404663
Car 0.0 0 -1.6606882810592651 627.2935180664062 180.638427734375 659.8493041992188 206.3795623779297 4.1191773 1.433024 1.5888784 1.9463767 1.9255745 43.52518 -1.615999698638916 0.9964367151260376
Car 0.0 0 1.8870397806167603 329.91552734375 193.64633178710938 423.8994140625 249.28065490722656 4.007478 1.3986825 1.5025356 -6.910764 2.0808413 21.648043 1.5780329704284668 0.765846848487854
Car 0.0 0 2.9440815448760986 703.75 163.00418090820312 793.3995971679688 196.90843200683594 4.558591 1.8113017 1.7273026 7.4854116 1.2854427 39.430912 3.131685256958008 0.4983522593975067
Car 0.0 0 2.839646577835083 714.7108154296875 169.5247039794922 810.2936401367188 202.89271545410156 4.3944263 1.6312104 1.72516 7.600416 1.4688143 36.33868 3.0458292961120605 0.19070732593536377
Car 0.0 0 2.0521349906921387 1194.0810546875 87.59254455566406 1242.0 375.0 4.3304543 1.6371757 1.672788 5.214787 1.3870225 3.0590675 3.0924124717712402 0.13483889400959015
Car 0.0 0 -2.7818942070007324 0.0 0.0 1242.0 375.0 3.7995393 1.5074841 1.6178858 2.4160824 1.5721403 0.8949649 -1.5658469200134277 0.10439367592334747
Car 0.0 0 3.6300792694091797 148.887451171875 183.48472595214844 245.48715209960938 218.16949462890625 3.477541 1.5096486 1.5697339 -18.724785 2.0049725 32.75393 3.110743284225464 0.10402031987905502
