Car 0.0 0 -1.4280128479003906 441.1348876953125 180.73924255371094 507.4699401855469 227.10391235351562 3.471859 1.4476713 1.717931 -4.45455 1.3090315 24.209723 -1.6099759340286255 0.9992886781692505
Car 0.0 0 -1.6489524841308594 542.8544311523438 179.4578399658203 614.5977783203125 241.04896545410156 3.7522128 1.5429035 1.677442 -0.9385721 1.3997964 19.970203 -1.6959165334701538 0.9984796643257141
Car 0.0 0 -1.30098557472229 249.681640625 183.98089599609375 355.7371826171875 240.05300903320312 4.7027044 1.4557462 1.6532423 -8.817281 1.4248197 21.09582 -1.6968811750411987 0.9960744380950928
Car 0.0 0 -1.1517817974090576 74.3912124633789 191.0142059326172 295.617431640625 294.7012939453125 4.2870736 1.4340918 1.6336536 -7.002997 1.5530937 12.397495 -1.665971279144287 0.9915971159934998
Car 0.0 0 -1.354934573173523 346.478515625 183.28506469726562 404.5792541503906 215.73004150390625 4.163818 1.3729376 1.6493037 -10.469233 1.2923726 32.566105 -1.6659761667251587 0.9847500324249268
Car 0.0 0 -1.3982313871383667 436.03173828125 181.2671661376953 487.5915832519531 215.88050842285156 3.8472996 1.4862852 1.6700367 -6.6262007 1.3178684 32.808914 -1.5975141525268555 0.908344030380249
Car 0.0 0 2.0212671756744385 133.43161010742188 183.5428009033203 263.1622619628906 238.7709197998047 4.46381 1.5084555 1.6412184 -12.318522 1.4638946 21.908741 1.5090560913085938 0.8943353295326233
Car 0.0 0 -1.412875771522522 413.31134033203125 178.69662475585938 441.02899169921875 198.4976806640625 3.3824139 1.50053 1.5924371 -14.107675 1.007645 56.225906 -1.658711314201355 0.7884336113929749
Car 0.0 0 -1.2765079736709595 227.14889526367188 170.83766174316406 299.14703369140625 212.50328063964844 4.094844 1.6725612 1.6816882 -14.792308 1.096523 31.00343 -1.721683382987976 0.7669119834899902
Car 0.0 0 -0.7499517202377319 0.0 214.52503967285156 88.01836395263672 376.0 4.1982718 1.3686954 1.6349887 -6.371984 1.6837599 5.5721345 -1.6022160053253174 0.727929949760437
Car 0.0 0 -0.8980328440666199 0.0 181.06336975097656 98.67498016357422 284.005859375 3.6918392 1.6397616 1.6319134 -11.555871 1.5747503 13.325105 -1.6124426126480103 0.7040753364562988
