Pedestrian 0.0 0 1.6251856088638306 703.8456420898438 169.47201538085938 720.0550537109375 212.08168029785156 0.83624166 1.7856945 0.63997114 4.302052 1.6443198 30.707464 1.7643775939941406 0.5935783982276917
Pedestrian 0.0 0 -1.5818886756896973 530.185546875 170.3893280029297 544.5733032226562 208.96421813964844 1.2019945 1.7575912 0.6492593 -3.4175725 1.645651 33.506443 -1.6835346221923828 0.16829082369804382
Pedestrian 0.0 0 1.5954591035842896 492.7288818359375 170.4623565673828 521.6661987304688 238.6797637939453 1.3281724 1.7875687 0.7491937 -2.8278618 1.725256 19.60816 1.45222806930542 0.16761966049671173
Cyclist 0.0 0 1.6483726501464844 490.87164306640625 172.640380859375 522.91552734375 240.5527801513672 1.8654696 1.7503349 0.7207364 -2.8205004 1.7451869 19.548132 1.5050766468048096 0.8155950307846069
Cyclist 0.0 0 1.640246033668518 524.515625 169.82672119140625 540.780517578125 209.8087921142578 1.7700582 1.7914461 0.6259956 -3.5913937 1.6561627 33.22298 1.5325645208358765 0.8109859824180603
Car 0.0 0 -2.0354628562927246 798.2039794921875 182.16525268554688 1242.0 375.0 3.3971908 1.5358807 1.5784014 2.5884202 1.6271785 5.3355765 -1.5837862491607666 0.9981423616409302
Car 0.0 0 2.104806900024414 10.772608757019043 180.4029083251953 336.1284484863281 361.47528076171875 3.8541212 1.6964757 1.607582 -4.9881144 1.8099288 8.863274 1.5922013521194458 0.9980679154396057
Car 0.0 0 1.811294436454773 414.2841796875 182.7865447998047 491.0877685546875 230.8401641845703 3.7727458 1.4580036 1.7033392 -5.3072276 1.8231611 24.588305 1.5987120866775513 0.9832146167755127
Car 0.0 0 1.8745026588439941 503.3706359863281 177.31959533691406 550.226806640625 206.82505798339844 4.231835 1.6661217 1.6247641 -5.004064 1.9504399 43.647667 1.7603542804718018 0.9182204008102417
Car 0.0 0 -1.535663366317749 639.9091186523438 175.9225311279297 666.829833984375 202.2084197998047 3.1184216 1.5739402 1.5773308 2.712819 1.773488 45.208214 -1.4757280349731445 0.37693142890930176
Car 0.0 0 1.748057246208191 444.76251220703125 180.1606903076172 531.2904052734375 242.88002014160156 3.8424046 1.5102634 1.6757336 -3.2730298 1.7302514 19.753798 1.5838578939437866 0.18532411754131317
