Car 0.0 0 -1.3187566995620728 367.6585693359375 180.80548095703125 432.0500183105469 219.5161590576172 3.9158537 1.4618169 1.5770034 -8.371788 1.2964071 29.121264 -1.5986882448196411 0.9983136653900146
Car 0.0 0 -0.8750582933425903 0.0 202.49913024902344 309.33477783203125 376.0 3.8870957 1.503263 1.613946 -3.2154155 1.6419321 3.764275 -1.5819813013076782 0.9981271624565125
Car 0.0 0 -1.5446711778640747 558.6005249023438 179.7467041015625 609.0027465820312 225.9281768798828 4.395143 1.5058503 1.6435391 -0.8369444 1.3286529 25.639002 -1.5773030519485474 0.99737548828125
Car 0.0 0 -1.131561517715454 197.1625213623047 182.2725067138672 346.82452392578125 253.7509765625 4.1214924 1.4921507 1.5987452 -7.808433 1.431841 17.07155 -1.5605477094650269 0.9958834052085876
Car 0.0 0 -1.2601335048675537 330.6927185058594 179.32369995117188 385.51019287109375 209.0407257080078 3.9349182 1.4478168 1.5360028 -12.807605 1.1618894 37.00322 -1.593348741531372 0.9888336658477783
Car 0.0 0 -1.1001875400543213 168.651123046875 180.85623168945312 285.9756164550781 232.5642547607422 4.504096 1.5796897 1.6156693 -12.67575 1.4476384 24.218647 -1.5823700428009033 0.9857012033462524
Car 0.0 0 -1.4022785425186157 435.8160705566406 181.9204559326172 524.2372436523438 243.8260955810547 4.0394874 1.4667623 1.6416616 -3.3063407 1.3898175 19.050905 -1.5741198062896729 0.9842196106910706
Car 0.0 0 2.394784450531006 0.0 201.5880889892578 53.5622444152832 292.9587097167969 3.4463446 1.3563808 1.4955685 -12.281261 1.6956913 13.073387 1.6406179666519165 0.7763256430625916
Car 0.0 0 2.0014851093292236 266.5645751953125 184.07843017578125 338.973876953125 219.6992950439453 3.5857854 1.4299465 1.481185 -12.960045 1.3854238 30.668522 1.601662039756775 0.6501446962356567
Car 0.0 0 -1.457377552986145 488.92315673828125 178.9210205078125 534.9370727539062 213.74295043945312 3.7506266 1.4763635 1.6399491 -4.2888155 1.2106161 32.36396 -1.5891281366348267 0.5781341195106506
