Car 0.0 0 1.9394701719284058 239.88560485839844 196.2970428466797 397.5542297363281 279.6035461425781 4.1227026 1.3902953 1.6928027 -5.989225 1.953897 15.267248 1.5656259059906006 0.999184787273407
Car 0.0 0 1.8433328866958618 378.93560791015625 187.31753540039062 466.1849670410156 242.6166534423828 4.0995126 1.5101923 1.6224307 -5.859673 2.0100708 22.849937 1.5923008918762207 0.9983439445495605
Car 0.0 0 2.1401021480560303 0.0 204.3715057373047 278.6640319824219 359.2547912597656 3.6179001 1.4389437 1.5475247 -5.906313 1.9223794 9.246831 1.5716838836669922 0.9973963499069214
Car 0.0 0 -1.7579905986785889 704.0235595703125 174.31175231933594 808.040283203125 251.0426788330078 3.9557018 1.5932859 1.6590761 3.2559838 1.6320629 17.034126 -1.5691239833831787 0.997369647026062
Car 0.0 0 -1.7193059921264648 680.2862548828125 174.3082275390625 751.5199584960938 231.47547912597656 3.8913558 1.6329949 1.6315321 3.1846666 1.6829654 22.660341 -1.5796812772750854 0.996957540512085
Car 0.0 0 1.816707968711853 434.48046875 186.55258178710938 493.7851257324219 226.64967346191406 3.5174115 1.4389659 1.5177804 -5.8162465 2.0222487 28.90865 1.6181646585464478 0.9925574064254761
Car 0.0 0 2.3942296504974365 1048.7236328125 137.6197052001953 1242.0 241.80294799804688 4.083992 1.482205 1.5427159 9.208181 0.98128784 11.148968 3.084578275680542 0.9861365556716919
Car 0.0 0 2.4995906352996826 993.96630859375 147.35084533691406 1242.0 232.1790008544922 3.7359712 1.5195421 1.5167556 9.527683 1.0630573 13.747316 3.105642080307007 0.9750303030014038
Car 0.0 0 -1.732488989830017 661.7374267578125 178.3594512939453 711.9826049804688 215.43798828125 4.1309032 1.5485343 1.6170952 3.391475 1.8157903 32.867146 -1.629665493965149 0.7767677903175354
Car 0.0 0 2.2755372524261475 913.9207763671875 158.32798767089844 1089.077392578125 234.0203094482422 3.647481 1.5717694 1.4789021 8.809359 1.2704912 16.33102 2.7702250480651855 0.7495681643486023
