Pedestrian 0.0 0 -2.730978488922119 574.3587646484375 179.843017578125 600.2113037109375 220.95355224609375 0.8789484 1.6216992 0.5754543 -0.58281446 1.557344 28.76707 -2.7512354850769043 0.9358828663825989
Pedestrian 0.0 0 1.8176695108413696 408.61285400390625 172.25502014160156 453.36474609375 267.7911376953125 0.8202087 1.747113 0.64283264 -3.2426252 1.5793118 13.547822 1.58274245262146 0.89057856798172
Pedestrian 0.0 0 -0.0014252327382564545 624.0050048828125 179.8846893310547 645.1904907226562 220.95364379882812 0.8742032 1.6954844 0.53103894 1.3648455 1.629784 29.937569 0.04413294792175293 0.8642895221710205
Pedestrian 0.0 0 0.44651299715042114 508.8587646484375 183.58335876464844 547.91455078125 238.43167114257812 0.99866956 1.6178575 0.63220435 -2.2303448 1.6832285 21.68726 0.34403204917907715 0.7738555669784546
Pedestrian 0.0 0 1.1351624727249146 927.8792724609375 159.92967224121094 1022.2601928710938 320.0225830078125 0.86658907 1.7210764 0.6413078 4.170996 1.4905432 8.164592 1.6074634790420532 0.6357254385948181
Pedestrian 0.0 0 -0.490959495306015 678.3247680664062 181.09996032714844 707.0928955078125 232.1231231689453 0.7872014 1.8015805 0.70268995 3.2564573 1.7885147 25.82996 -0.3655482828617096 0.33407288789749146
Pedestrian 0.0 0 0.5121651887893677 319.1922912597656 159.32525634765625 413.5171203613281 321.8992919921875 0.7975578 1.7528273 0.6580473 -2.6969082 1.5151036 8.141435 0.19228434562683105 0.18634790182113647
Pedestrian 0.0 0 2.5477991104125977 0.0 178.7697296142578 110.69325256347656 368.2873229980469 0.6423424 1.6016046 0.58781797 -4.9937925 1.5799177 6.465198 1.8901082277297974 0.18611174821853638
Pedestrian 0.0 0 2.3952486515045166 632.9827880859375 177.68199157714844 649.123779296875 205.3668212890625 0.6871133 1.5754884 0.62291604 2.2800999 1.3590084 41.335423 2.4503536224365234 0.14381512999534607
Cyclist 0.0 0 1.7478539943695068 511.7257385253906 180.84584045410156 539.5601196289062 238.91258239746094 1.4159806 1.6928025 0.5978239 -2.301247 1.674866 21.666264 1.6420373916625977 0.7446269989013672
Cyclist 0.0 0 2.9732837677001953 361.1309509277344 190.57008361816406 458.773193359375 298.6330261230469 1.3658412 1.5620863 0.61124814 -2.9865077 1.709919 11.039396 2.709076404571533 0.10891882330179214
Cyclist 0.0 0 -3.0502381324768066 573.2998046875 179.86224365234375 601.9000854492188 220.4206085205078 1.0931954 1.6011286 0.5989049 -0.56549376 1.5374821 28.693007 -3.069943904876709 0.10609965771436691
Car 0.0 0 -1.7246792316436768 706.61767578125 167.3516082763672 821.404541015625 268.92303466796875 3.9014516 1.7869004 1.6500092 3.113597 1.5392689 14.628454 -1.5149635076522827 0.37499815225601196
Car 0.0 0 1.6727581024169922 490.1968994140625 187.365478515625 553.5045776367188 247.4027862548828 3.7579572 1.6141587 1.5107523 -2.3344223 1.806705 21.561127 1.5649082660675049 0.1404353380203247
Car 0.0 0 1.8597843647003174 527.2965087890625 184.00082397460938 589.6405639648438 228.44163513183594 3.4994707 1.5818427 1.4579637 -1.6065905 1.6855972 27.645666 1.8017359972000122 0.11546660214662552
