Car 0.0 0 -1.7426791191101074 718.36474609375 181.379638671875 803.9384765625 240.2542724609375 3.9094017 1.4134132 1.6312456 3.9976122 1.6719 19.867315 -1.5441150665283203 0.9996380805969238
Car 0.0 0 1.6179527044296265 556.7899780273438 171.17015075683594 592.1727294921875 203.9683837890625 3.9678843 1.6294484 1.6689932 -1.850398 1.5461515 37.82934 1.5690772533416748 0.9967535138130188
Car 0.0 0 2.1673688888549805 0.0 209.63088989257812 365.0031433105469 375.0 3.661204 1.4392943 1.5186123 -2.9705913 1.76124 4.4685745 1.58067786693573 0.9938029050827026
Car 0.0 0 -1.747313380241394 678.8895263671875 175.76991271972656 722.8967895507812 208.69674682617188 3.708853 1.5652937 1.5731176 4.509051 1.7209337 36.527523 -1.6244921684265137 0.9848366379737854
Car 0.0 0 -1.7576395273208618 705.3125 178.2364044189453 767.7518920898438 223.90744018554688 3.4039624 1.4596022 1.5245622 4.298024 1.6605828 25.176435 -1.5885534286499023 0.9741036891937256
Car 0.0 0 -1.8447821140289307 756.823974609375 186.5121307373047 903.7877197265625 275.7017517089844 3.8765984 1.4000105 1.6577364 3.983876 1.6995896 13.861507 -1.5649194717407227 0.9334271550178528
Car 0.0 0 -2.0502583980560303 828.3264770507812 173.56129455566406 1186.504638671875 375.0 3.4036384 1.5972509 1.6232147 3.4867413 1.606344 7.184878 -1.5984488725662231 0.8958002924919128
Car 0.0 0 1.6994866132736206 496.0179138183594 180.69932556152344 564.7398071289062 236.7602081298828 3.6844668 1.496879 1.585195 -2.3480952 1.7527776 21.641256 1.5914084911346436 0.8811911344528198
Car 0.0 0 1.6847738027572632 446.25433349609375 165.7947540283203 545.8206787109375 252.4821319580078 4.1008253 1.6802403 1.7151816 -2.444022 1.5437706 16.063387 1.533783197402954 0.8223789930343628
Car 0.0 0 -1.7011711597442627 674.58642578125 174.6524658203125 711.062744140625 203.19097900390625 3.8142757 1.5856062 1.6309475 4.7682486 1.6960695 42.249737 -1.5887880325317383 0.7170425057411194
