Car 0.0 0 -1.811822533607483 708.6217041015625 174.41452026367188 849.3980712890625 279.6222839355469 3.433128 1.5730237 1.5646479 2.7285056 1.6043401 12.574247 -1.5981435775756836 0.9992455244064331
Car 0.0 0 -1.6868237257003784 659.7523193359375 176.5642852783203 713.9707641601562 219.78627014160156 3.8778746 1.4543428 1.5279452 2.7135293 1.6013167 26.560017 -1.5850110054016113 0.9989168643951416
Car 0.0 0 0.5336500406265259 55.71268844604492 182.15379333496094 372.92706298828125 292.4508361816406 4.1253967 1.5723763 1.6065956 -6.1011505 1.7300035 11.315785 0.03915834426879883 0.998612642288208
Car 0.0 0 3.538996934890747 156.24240112304688 185.98287963867188 405.0502014160156 268.5644836425781 4.06136 1.4596364 1.5461963 -6.226616 1.7268238 13.837165 3.116149425506592 0.996926486492157
Car 0.0 0 0.24721893668174744 364.9610595703125 178.3710479736328 493.975830078125 223.75967407226562 3.8766983 1.4430456 1.6208584 -5.966872 1.6328094 23.952019 0.003070831298828125 0.9963515996932983
Car 0.0 0 3.419440746307373 327.37823486328125 178.60858154296875 474.0494384765625 231.33631896972656 3.933819 1.5103649 1.6326348 -6.2484674 1.6901041 21.6669 3.1386711597442627 0.9958798885345459
Car 0.0 0 -2.21035099029541 856.0442504882812 198.76119995117188 1242.0 375.0 3.883249 1.4005116 1.6246086 2.7585032 1.6092238 3.8447928 -1.587999701499939 0.9871641397476196
Car 0.0 0 -2.3669369220733643 0.0 178.40293884277344 256.8609313964844 375.0 3.5629563 1.683835 1.6837257 -5.555588 1.7439802 6.7764263 -3.053659200668335 0.9854229688644409
Car 0.0 0 -3.305239200592041 706.9903564453125 165.5831298828125 809.80712890625 204.1451873779297 4.1804338 1.636648 1.674538 6.380326 1.3284166 31.532661 -3.1055943965911865 0.9018051624298096
Car 0.0 0 3.3685779571533203 357.5223693847656 178.48049926757812 478.43597412109375 220.4923858642578 4.0266237 1.4790198 1.6641406 -7.0309725 1.6933054 26.534998 3.109560489654541 0.8690041303634644
