Pedestrian 0.0 0 -2.520066261291504 440.27960205078125 173.36392211914062 486.6911926269531 255.22808837890625 0.74473286 1.6947187 0.6296623 -2.9737673 1.5275257 15.309392 -2.7119216918945312 0.828894853591919
Pedestrian 0.0 0 1.645167589187622 519.6126708984375 178.18324279785156 541.1892700195312 232.2132110595703 1.1194303 1.6509811 0.59404916 -2.2451038 1.5507487 22.514353 1.5457773208618164 0.7972173690795898
Pedestrian 0.0 0 -2.165485382080078 892.3687744140625 160.25152587890625 980.82421875 303.8614501953125 0.8557666 1.7061509 0.63088256 4.1334405 1.4550538 9.005261 -1.7351700067520142 0.7256408333778381
Pedestrian 0.0 0 -1.6759521961212158 584.2655639648438 175.83084106445312 599.9305419921875 215.97816467285156 0.8269278 1.667184 0.57493883 -0.41330406 1.4327459 30.272049 -1.6896042823791504 0.6996540427207947
Pedestrian 0.0 0 0.03336971625685692 623.4878540039062 178.56459045410156 645.051025390625 217.46240234375 0.90539896 1.6489556 0.5547279 1.3948249 1.5254905 30.761131 0.07868242263793945 0.6333359479904175
Pedestrian 0.0 0 -1.9158320426940918 667.86865234375 176.7857208251953 683.8361206054688 204.5873565673828 1.0303929 1.569563 0.594493 4.2558346 1.304215 41.12299 -1.8127087354660034 0.2755267024040222
Pedestrian 0.0 0 1.767000675201416 149.9967803955078 194.7157440185547 209.29421997070312 340.9089660644531 0.56104964 1.613302 0.49585545 -4.928377 1.7743999 8.333997 1.2329597473144531 0.22600096464157104
Pedestrian 0.0 0 1.5266778469085693 636.7498168945312 177.34756469726562 646.3109130859375 206.40135192871094 0.6293811 1.6890191 0.5310087 2.3480322 1.4484003 42.074978 1.5824259519577026 0.1555246263742447
Pedestrian 0.0 0 1.6032471656799316 343.63592529296875 147.7666015625 405.1767578125 304.8627014160156 0.93227595 1.891309 0.7150159 -2.9342177 1.486529 9.191592 1.2942442893981934 0.1435021609067917
Cyclist 0.0 0 1.6509488821029663 519.539794921875 178.09815979003906 541.5523681640625 232.60455322265625 1.157795 1.6636136 0.5982363 -2.23935 1.560902 22.506481 1.5517772436141968 0.3322468101978302
Cyclist 0.0 0 1.6406657695770264 625.7492065429688 177.547607421875 640.9649047851562 216.66896057128906 1.0867996 1.6444896 0.5784276 1.3577172 1.4793255 30.765793 1.6847678422927856 0.12182546406984329
Car 0.0 0 1.8301678895950317 533.4603881835938 181.17808532714844 596.3025512695312 223.89047241210938 4.027255 1.5984353 1.5518445 -1.4148948 1.5874217 29.011164 1.7814358472824097 0.735413670539856
Car 0.0 0 1.6148735284805298 608.0517578125 168.01747131347656 627.6109008789062 188.28858947753906 4.15494 1.8288245 1.6424897 1.5929755 0.6128434 66.932625 1.6386687755584717 0.22762787342071533
Car 0.0 0 -2.849782943725586 0.0 0.0 1238.0 374.0 3.8660796 1.5491558 1.624358 2.9895124 1.633952 0.86277807 -1.5599535703659058 0.13919836282730103
