Car 0.0 0 -1.3473283052444458 409.2109375 178.53640747070312 460.037841796875 212.03506469726562 3.7429416 1.5190381 1.5797307 -8.270278 1.217289 34.47443 -1.5827749967575073 0.9994603991508484
Car 0.0 0 -1.5529398918151855 561.8588256835938 179.09414672851562 615.53271484375 227.35116577148438 3.7883291 1.4915129 1.6591762 -0.6486638 1.3034412 24.115967 -1.5798311233520508 0.9965380430221558
Car 0.0 0 -1.4302396774291992 468.48486328125 182.90652465820312 536.29736328125 233.68960571289062 4.17805 1.4748571 1.5677933 -3.3098438 1.4089247 22.964493 -1.5733827352523804 0.9956958293914795
Car 0.0 0 -1.2336857318878174 207.03018188476562 185.61924743652344 458.8346252441406 339.86883544921875 3.957612 1.4984281 1.6309146 -3.1368318 1.5057075 8.969117 -1.5701261758804321 0.9915870428085327
Car 0.0 0 -0.8931924700737 0.0 185.9102783203125 192.23089599609375 331.62054443359375 4.1262555 1.536044 1.5807651 -7.636245 1.5485166 9.664038 -1.5619114637374878 0.9732348322868347
Car 0.0 0 1.7200921773910522 504.35711669921875 177.0896759033203 547.1415405273438 209.1991729736328 3.4617035 1.5182573 1.618131 -4.0595775 1.1351599 35.745438 1.607007622718811 0.917094886302948
Car 0.0 0 1.841444969177246 374.8622741699219 178.56283569335938 419.0097351074219 203.88226318359375 4.0644965 1.4593776 1.5316384 -12.713589 1.077047 43.47278 1.556929588317871 0.8217011094093323
Car 0.0 0 -1.450103998184204 458.7562561035156 176.51995849609375 491.44012451171875 201.45399475097656 3.8377118 1.5819514 1.6787653 -8.757431 1.0313779 47.571095 -1.6321570873260498 0.6565828919410706
Car 0.0 0 2.1416099071502686 51.46528244018555 194.58839416503906 206.95921325683594 257.1314392089844 3.7233913 1.3899077 1.5346255 -12.095871 1.6553957 18.401724 1.5601041316986084 0.27138084173202515
Car 0.0 0 1.9135615825653076 281.48370361328125 184.8722686767578 383.9799499511719 243.66429138183594 3.8878071 1.5356823 1.534183 -7.8369617 1.5278431 20.731037 1.552136778831482 0.2644086480140686
Car 0.0 0 -1.2023789882659912 254.6125946044922 178.80775451660156 333.3413391113281 222.91989135742188 3.965146 1.6593844 1.591607 -12.609394 1.4194661 29.051311 -1.6118805408477783 0.2309572696685791
