Pedestrian 0.0 0 -3.019624710083008 671.1813354492188 163.64454650878906 755.8748168945312 322.27313232421875 0.87634915 1.7041564 0.70100564 1.2403846 1.5136927 8.170046 -2.8689544200897217 0.9932830333709717
Pedestrian 0.0 0 1.4551856517791748 492.4605407714844 157.2720947265625 537.3117065429688 262.73431396484375 0.848612 1.842075 0.7115247 -1.6225613 1.4201701 13.040875 1.3314006328582764 0.9721577167510986
Pedestrian 0.0 0 -0.19262319803237915 782.9546508789062 157.31553649902344 887.6768798828125 363.66986083984375 0.76846105 1.7257324 0.6388335 1.9964404 1.5248662 6.364914 0.11132121086120605 0.971270740032196
Pedestrian 0.0 0 0.9165989756584167 929.81884765625 147.63697814941406 1087.6065673828125 374.0 0.73026055 1.7063746 0.65815395 2.7905447 1.4879199 5.0719047 1.419593095779419 0.9275091290473938
Pedestrian 0.0 0 -0.9815505743026733 0.0 167.27871704101562 169.40919494628906 374.0 0.88692456 1.6494225 0.5901618 -2.4795227 1.597993 3.1337614 -1.6509203910827637 0.81340092420578
Pedestrian 0.0 0 -1.5157657861709595 246.44137573242188 163.09432983398438 277.9808044433594 248.15744018554688 0.6603317 1.7147963 0.55790114 -7.0616646 1.3449979 14.889517 -1.9586191177368164 0.7029271721839905
Pedestrian 0.0 0 0.10670304298400879 838.7810668945312 164.1754150390625 921.0885620117188 336.4028015136719 0.7474053 1.6932572 0.5435617 2.8530202 1.5242997 7.4715743 0.4714655876159668 0.6894546747207642
Pedestrian 0.0 0 -2.0562894344329834 870.9237670898438 169.96315002441406 956.7306518554688 312.0106506347656 0.95046014 1.6177953 0.56740427 3.6999645 1.4877511 8.675544 -1.6531641483306885 0.6558398604393005
Pedestrian 0.0 0 -0.05445936322212219 669.320556640625 171.24171447753906 716.5408935546875 272.6366271972656 0.77478975 1.711866 0.69058824 1.5382112 1.5399574 12.495971 0.06802105903625488 0.637394905090332
Pedestrian 0.0 0 -3.1489765644073486 1015.4304809570312 147.19097900390625 1214.4383544921875 374.0 0.7376241 1.7517473 0.6491046 2.4388995 1.606698 3.5400157 -2.5457041263580322 0.5035812854766846
Pedestrian 0.0 0 -1.9732944965362549 807.0445556640625 154.04183959960938 866.6285400390625 267.5003662109375 0.8791119 1.7754146 0.6246053 3.776578 1.347044 11.703935 -1.6611660718917847 0.43431299924850464
Pedestrian 0.0 0 -1.699384331703186 685.9508666992188 161.4136505126953 706.6445922851562 218.4217071533203 0.66299707 1.9174005 0.6179608 3.2055519 1.2428983 24.489735 -1.569230556488037 0.3205720782279968
Pedestrian 0.0 0 -0.19309723377227783 743.0471801757812 163.17047119140625 807.2763061523438 282.1433410644531 0.8490365 1.7595366 0.5961325 2.5874696 1.4897628 10.935614 0.03923940658569336 0.29494708776474
Pedestrian 0.0 0 2.9260268211364746 712.2296752929688 159.9932098388672 738.0365600585938 216.1614990234375 0.76764566 1.9145911 0.59322834 4.2418685 1.1825699 24.797052 3.0954504013061523 0.19027918577194214
Pedestrian 0.0 0 0.5572933554649353 614.027099609375 163.05215454101562 628.6480712890625 188.3524169921875 0.91049665 1.840976 0.5684648 1.4786446 0.49921772 52.755516 0.5853142738342285 0.14744411408901215
Cyclist 0.0 0 -1.0324347019195557 313.2093200683594 173.10231018066406 443.5113220214844 341.46624755859375 1.4507401 1.5867121 0.6585895 -2.3372316 1.5089443 7.5497665 -1.3326541185379028 0.486336886882782
Car 0.0 0 1.7319878339767456 527.3223266601562 174.66259765625 603.829345703125 229.4829864501953 4.26527 1.4920006 1.6432755 -1.0066906 1.3070704 21.76051 1.6857584714889526 0.9979681372642517
