Pedestrian 0.0 0 -1.5160212516784668 405.9324035644531 173.33575439453125 447.0830383300781 269.2845153808594 0.8915655 1.5851312 0.64363086 -3.038603 1.4515407 12.362375 -1.757037878036499 0.9804003238677979
Pedestrian 0.0 0 -1.812290906906128 669.5973510742188 162.89389038085938 717.5764770507812 265.5934143066406 0.97638685 1.7294991 0.61550575 1.5623499 1.4174491 12.615516 -1.6890747547149658 0.9715023636817932
Pedestrian 0.0 0 1.178513526916504 710.3734130859375 166.2629852294922 765.8817749023438 267.8038330078125 0.9375801 1.7252563 0.653978 2.3663275 1.4676499 12.728761 1.3623192310333252 0.7937301993370056
Pedestrian 0.0 0 -1.955079436302185 748.8660278320312 167.53860473632812 776.2283935546875 218.53627014160156 0.8139945 1.710132 0.65311825 5.474067 1.2430373 24.540758 -1.7356120347976685 0.38884493708610535
Pedestrian 0.0 0 -0.5305941700935364 601.531005859375 166.49256896972656 637.72802734375 216.5207977294922 1.1451046 1.7832607 0.6531688 0.6409404 1.249374 26.165705 -0.5061036348342896 0.20436102151870728
Pedestrian 0.0 0 0.15550456941127777 513.0018920898438 169.48141479492188 536.208984375 214.67495727539062 0.8263261 1.7450682 0.5493125 -3.012961 1.2820102 28.028948 0.04842114448547363 0.15984869003295898
Pedestrian 0.0 0 -3.1868019104003906 1109.0089111328125 137.1484832763672 1238.0 374.0 0.72682285 1.6592246 0.65820724 3.2493296 1.4411769 4.0324497 -2.5085372924804688 0.1002117246389389
Cyclist 0.0 0 -1.0872180461883545 599.2860107421875 168.0974578857422 634.7108154296875 217.56248474121094 1.6452572 1.7496573 0.6014022 0.561907 1.2766457 26.27148 -1.0658328533172607 0.9317609071731567
Cyclist 0.0 0 -1.3899941444396973 553.3642578125 160.55274963378906 587.5565185546875 232.4563446044922 1.8690536 1.8617773 0.6078095 -0.85396135 1.3205707 19.564316 -1.4336153268814087 0.9022051692008972
Cyclist 0.0 0 2.150063991546631 349.60833740234375 153.89175415039062 413.5964660644531 235.4423065185547 1.7589675 1.8626499 0.6167426 -5.3065805 1.2332768 17.335035 1.8530030250549316 0.13786770403385162
