Cyclist 0.0 0 2.012911558151245 251.54489135742188 176.1095428466797 370.66900634765625 350.8935546875 1.6400731 1.6687933 0.53134733 -3.2000349 1.7078857 7.7497272 1.6213151216506958 0.8715016841888428
Car 0.0 0 -1.7061083316802979 649.0111083984375 179.11679077148438 725.285400390625 234.901123046875 4.0728188 1.3746321 1.5684757 2.0177453 1.5691602 20.304146 -1.6070575714111328 0.9995396137237549
Car 0.0 0 -1.614151954650879 626.3446044921875 174.0621337890625 660.6412353515625 204.84356689453125 3.3384821 1.4344196 1.5295619 1.5664734 1.4968886 35.421993 -1.5699576139450073 0.9802661538124084
Car 0.0 0 0.4646734297275543 146.5101776123047 179.463623046875 380.52252197265625 265.17657470703125 3.9321156 1.6147202 1.6999155 -6.941517 1.7571929 14.619408 0.02137589454650879 0.9716758728027344
Car 0.0 0 3.4835245609283447 226.7672882080078 183.03646850585938 418.86956787109375 248.98439025878906 3.9244037 1.4592272 1.5786213 -6.7353992 1.7127471 17.081581 3.1079349517822266 0.9680595993995667
Car 0.0 0 0.32867223024368286 306.0473327636719 177.72496032714844 437.6298522949219 228.92539978027344 3.5752137 1.5239781 1.5469055 -7.377636 1.6810393 22.417177 0.010730743408203125 0.8603204488754272
Car 0.0 0 -0.69480299949646 967.8594360351562 161.31785583496094 1242.0 342.0227355957031 3.9407296 1.5891848 1.5931486 5.8595023 1.4880896 7.1564455 -0.00871964730322361 0.7302942276000977
Car 0.0 0 -2.961423873901367 459.307373046875 175.71795654296875 523.3301391601562 199.4542236328125 3.819196 1.4868797 1.6370442 -7.6049433 1.6742127 46.252254 -3.1243889331817627 0.4541134536266327
Car 0.0 0 -1.6180118322372437 621.3289794921875 169.74618530273438 653.8095092773438 200.69789123535156 3.800028 1.6528435 1.6321186 1.4674399 1.4872422 40.436718 -1.581737995147705 0.3111323118209839
Car 0.0 0 1.969318151473999 0.0 170.8577117919922 70.04991149902344 228.69374084472656 3.152791 1.4053953 1.3349737 -15.8997135 1.3572445 19.232239 1.2784944772720337 0.1158398911356926
