Cyclist 0.0 0 -2.5018692016601562 1220.869140625 68.55674743652344 1242.0 375.0 1.5579082 1.8269064 0.46768636 3.336536 1.5222282 2.9020052 -1.6469306945800781 0.1471518576145172
Car 0.0 0 -1.4038279056549072 429.70654296875 185.312255859375 498.36199951171875 232.70672607421875 3.7753215 1.388492 1.6348385 -4.820606 1.8372127 24.052896 -1.6016242504119873 0.9974486231803894
Car 0.0 0 -1.77792227268219 670.4178466796875 178.4029998779297 790.44775390625 263.55419921875 3.5979137 1.4869186 1.6612486 2.25397 1.6143472 14.678576 -1.62555730342865 0.9945514798164368
Car 0.0 0 -1.7105425596237183 643.9323120117188 177.97918701171875 714.1053466796875 236.6408233642578 3.222823 1.5314443 1.5580287 1.8635596 1.6910682 20.770586 -1.621061086654663 0.9899362325668335
Car 0.0 0 -1.7004497051239014 622.523193359375 179.80990600585938 680.4785766601562 226.75674438476562 3.6520007 1.5007497 1.5686334 1.3519099 1.7651012 25.500679 -1.6474846601486206 0.9862470626831055
Car 0.0 0 -1.6460288763046265 596.3252563476562 179.77886962890625 630.327880859375 210.31546020507812 3.692233 1.512056 1.5309627 0.09901187 1.8999723 38.482162 -1.643455982208252 0.9528710842132568
Car 0.0 0 3.333890914916992 419.3998718261719 177.34393310546875 510.43865966796875 215.9958953857422 3.665037 1.6390997 1.6510438 -6.3473425 1.841475 31.62557 3.135819673538208 0.894250214099884
Car 0.0 0 -1.633018970489502 575.212158203125 175.9341278076172 595.894775390625 194.6410369873047 3.8310518 1.5874084 1.589455 -2.2108476 1.8688579 63.861153 -1.6676247119903564 0.538270890712738
Car 0.0 0 1.9801675081253052 196.3482666015625 199.23463439941406 364.6573791503906 285.4864807128906 4.149692 1.3905513 1.6324135 -6.6521587 2.0149913 14.984893 1.5623775720596313 0.44139808416366577
Car 0.0 0 -1.001681923866272 0.0 175.13438415527344 243.73162841796875 375.0 4.3170033 1.7232271 1.724953 -4.9688225 1.7502674 6.201958 -1.6771358251571655 0.2702738046646118
Car 0.0 0 2.1022887229919434 0.0 162.03257751464844 382.9502868652344 375.0 4.5716076 1.858295 1.689145 -3.1648684 1.8170632 5.0772395 1.5448808670043945 0.21348534524440765
Car 0.0 0 -1.0266962051391602 1230.30078125 106.916748046875 1242.0 375.0 4.035987 1.58063 1.6327435 5.3531685 1.3745861 3.1084502 0.01801156997680664 0.15438340604305267
Car 0.0 0 -2.784705877304077 0.0 0.0 1242.0 375.0 3.8721623 1.4852953 1.6334238 2.4194257 1.6070906 0.9080635 -1.5729624032974243 0.15314586460590363
