Car 0.0 0 -1.659309983253479 640.8837890625 173.87448120117188 679.3853759765625 204.20404052734375 4.441997 1.5111045 1.632933 2.6833296 0.94718444 38.047085 -1.5888999700546265 0.9999502897262573
Car 0.0 0 -1.7646681070327759 697.8342895507812 183.7085723876953 804.0489501953125 255.50843811035156 3.4566245 1.3849455 1.5887439 2.9324927 1.3570058 15.596845 -1.5788195133209229 0.9979592561721802
Car 0.0 0 -1.4182181358337402 474.7940673828125 176.06576538085938 525.4920654296875 213.61068725585938 3.6707778 1.4563843 1.5328766 -4.42173 1.1025857 29.72006 -1.5659140348434448 0.997583270072937
Car 0.0 0 -1.2372747659683228 261.2275390625 183.5506591796875 450.83929443359375 303.027587890625 3.36862 1.4793317 1.586789 -3.5402098 1.4598467 10.589761 -1.5598995685577393 0.9948605895042419
Car 0.0 0 -1.3618892431259155 405.48919677734375 176.04855346679688 505.8400573730469 244.6011505126953 4.3335395 1.5411888 1.6223423 -3.7733982 1.3362257 18.328924 -1.5649237632751465 0.9894006848335266
Car 0.0 0 -0.9662613868713379 0.0 186.31336975097656 207.98077392578125 291.31121826171875 3.3674111 1.375826 1.516668 -7.9272428 1.3965673 11.145029 -1.5845181941986084 0.9857761263847351
Car 0.0 0 1.974310278892517 269.9558410644531 176.64865112304688 382.9512634277344 236.6514892578125 4.375281 1.6065447 1.5323296 -8.271353 1.3782979 21.456715 1.6063746213912964 0.9574049711227417
Car 0.0 0 -1.4782322645187378 515.410888671875 175.68898010253906 547.4508666992188 201.36758422851562 3.7604322 1.4364161 1.5266519 -4.4549894 0.9046399 42.097645 -1.5836650133132935 0.9426262378692627
Car 0.0 0 -1.5344650745391846 588.0183715820312 176.1288604736328 613.0843505859375 198.24913024902344 3.5231807 1.4017205 1.5256274 -0.46690366 0.8270363 47.32998 -1.5443296432495117 0.9307944178581238
Car 0.0 0 1.7159533500671387 373.19464111328125 177.17041015625 422.6109619140625 217.54470825195312 3.5336504 1.5579853 1.4569342 -8.61123 1.2486608 29.586096 1.432721495628357 0.6038350462913513
