Pedestrian 0.0 0 0.6419976353645325 243.2357635498047 172.09213256835938 348.400146484375 320.3870544433594 0.9180341 1.6326784 0.6470631 -3.57677 1.5304561 8.328029 0.23633360862731934 0.9904279708862305
Pedestrian 0.0 0 -3.5064284801483154 877.4322509765625 147.08172607421875 1042.9586181640625 374.0 0.8854581 1.7045414 0.70118755 2.527632 1.4726983 5.251873 -3.0578670501708984 0.6153640151023865
Pedestrian 0.0 0 -0.5053205490112305 758.2901000976562 144.65582275390625 851.7255859375 289.9829406738281 0.9847226 1.8215972 0.6576872 2.615417 1.3611116 9.435745 -0.23492707312107086 0.5406650900840759
Pedestrian 0.0 0 -2.7090559005737305 373.2069396972656 183.31053161621094 450.31182861328125 300.0374450683594 0.82523483 1.5210222 0.63066816 -2.607957 1.547882 9.750476 -2.9704079627990723 0.4983508288860321
Pedestrian 0.0 0 -1.825344443321228 838.8778686523438 154.4964141845703 883.322021484375 243.09414672851562 0.79299045 1.7588377 0.6735189 5.256932 1.2240114 14.682673 -1.4815282821655273 0.4880963861942291
Pedestrian 0.0 0 0.4009578227996826 487.01690673828125 167.5654296875 506.93634033203125 208.02601623535156 0.67334086 1.7444153 0.61798215 -4.5706367 1.1446053 31.351852 0.2561924457550049 0.2879915237426758
Pedestrian 0.0 0 -1.611046552658081 565.3794555664062 164.95449829101562 577.2890625 195.19229125976562 0.9080263 1.8576758 0.70183253 -1.8677466 0.8419333 44.609962 -1.6528904438018799 0.11601000279188156
Cyclist 0.0 0 -1.664534091949463 769.0891723632812 152.7137908935547 830.8497924804688 302.68182373046875 1.5250683 1.7993903 0.62715054 2.5237696 1.455342 9.420557 -1.402780294418335 0.7075865864753723
Car 0.0 0 -1.6867542266845703 665.5167846679688 162.5520782470703 719.3111572265625 212.9694061279297 3.7429206 1.7781187 1.582259 3.3559234 1.1109227 27.208397 -1.5640325546264648 0.9855650067329407
Car 0.0 0 -2.409914970397949 14.031848907470703 179.62576293945312 328.16650390625 287.1925964355469 4.3934293 1.5654849 1.6898745 -6.968573 1.5395198 11.7057495 -2.946880340576172 0.7432568669319153
Car 0.0 0 -1.6848875284194946 646.236572265625 170.07919311523438 679.4086303710938 200.15036010742188 3.1434748 1.5883571 1.4634203 3.3406332 0.98595554 39.53262 -1.600584626197815 0.46043023467063904
Car 0.0 0 -1.7376177310943604 708.9619140625 179.74049377441406 812.6680297851562 256.1878356933594 3.4743392 1.392284 1.4980757 3.128935 1.3615066 14.846278 -1.5299019813537598 0.3730011582374573
Car 0.0 0 -1.5010051727294922 527.6812744140625 170.4873504638672 570.37353515625 206.83006286621094 4.0144978 1.5256112 1.6307119 -2.299778 1.0642947 32.160522 -1.5723929405212402 0.27402281761169434
