Pedestrian 0.0 0 -3.2328765392303467 797.9170532226562 151.72601318359375 831.8465576171875 238.85081481933594 0.6618286 1.874638 0.59839195 4.6537504 1.235227 15.811219 -2.946627616882324 0.7813248038291931
Pedestrian 0.0 0 1.4185326099395752 588.4683227539062 163.00753784179688 602.2879028320312 198.3353729248047 0.7528436 1.7666254 0.59062725 -0.3163898 0.84275895 36.337784 1.4098259210586548 0.1636461615562439
Pedestrian 0.0 0 1.1546729803085327 956.741455078125 137.22390747070312 1069.1162109375 311.9540710449219 0.928948 1.7656903 0.73417777 4.35581 1.3196359 7.75376 1.6665058135986328 0.15042690932750702
Pedestrian 0.0 0 -1.2028112411499023 579.1275634765625 159.5706024169922 593.6136474609375 196.67979431152344 0.73876846 1.9143009 0.52616876 -0.78884363 0.7839195 37.48997 -1.2238495349884033 0.1361578106880188
Pedestrian 0.0 0 0.19874291121959686 480.0276794433594 152.48663330078125 519.516845703125 243.39083862304688 0.6760151 1.8103008 0.69899994 -2.1059546 1.233764 14.670503 0.056166648864746094 0.13219024240970612
Pedestrian 0.0 0 -0.1490880250930786 1123.210693359375 122.29734802246094 1193.2772216796875 322.1670837402344 0.48446187 1.9149555 0.50017065 5.5296283 1.3491066 7.215805 0.5047774314880371 0.12993451952934265
Cyclist 0.0 0 -0.2118576616048813 726.5079956054688 156.3045654296875 820.5576782226562 260.4751892089844 1.4514906 1.7167563 0.5985125 2.848565 1.3028181 12.148317 0.018463611602783203 0.210825115442276
Cyclist 0.0 0 -3.172053575515747 769.0159301757812 152.49293518066406 904.1463012695312 321.77874755859375 1.3586988 1.746526 0.69516075 2.515588 1.4486231 7.928453 -2.864814281463623 0.1593754142522812
Car 0.0 0 1.5567920207977295 603.33984375 168.1614227294922 646.4760131835938 206.82427978515625 3.871134 1.4570035 1.6256962 0.8969837 0.95537096 29.01675 1.587694764137268 0.9956560134887695
Car 0.0 0 1.8910114765167236 425.4036560058594 171.74169921875 465.3616943359375 194.31597900390625 4.1124616 1.4552138 1.4107671 -10.454741 0.82686263 48.42379 1.6783744096755981 0.3530193269252777
