Pedestrian 0.0 0 -1.2883384227752686 229.3190155029297 175.5703582763672 320.5335388183594 337.4067077636719 0.8531293 1.5932592 0.66302335 -3.4471538 1.536252 7.539658 -1.7171661853790283 0.9558914303779602
Pedestrian 0.0 0 -3.619929790496826 955.6817626953125 132.70925903320312 1179.085205078125 374.0 0.83797485 1.7140634 0.70632845 2.557564 1.4619112 4.1153874 -3.063877582550049 0.929476261138916
Pedestrian 0.0 0 -1.501838207244873 208.06057739257812 166.3282470703125 262.6819763183594 291.3740234375 0.73135424 1.6097913 0.61135185 -4.9734797 1.4158083 9.701456 -1.9755568504333496 0.7558083534240723
Pedestrian 0.0 0 -2.016782522201538 850.1312255859375 150.5541534423828 909.5303955078125 245.7720489501953 0.95541126 1.7649897 0.72076243 5.2979794 1.1926308 13.817606 -1.6506483554840088 0.7002266049385071
Pedestrian 0.0 0 -1.5783421993255615 566.791259765625 166.87033081054688 578.4616088867188 197.29693603515625 0.9097024 1.8180532 0.6962882 -1.7404008 0.9446605 43.390324 -1.6184310913085938 0.5079474449157715
Pedestrian 0.0 0 1.787760853767395 489.24188232421875 170.97576904296875 506.34246826171875 211.355224609375 0.63067144 1.634877 0.57188964 -4.258106 1.2097697 29.41663 1.644007682800293 0.41229763627052307
Pedestrian 0.0 0 1.8634042739868164 121.31420135498047 140.99513244628906 197.6690216064453 310.951171875 0.43540096 1.8481603 0.63659257 -5.0183387 1.4090532 8.101514 1.3088186979293823 0.37130871415138245
Pedestrian 0.0 0 -0.6547867059707642 790.7117919921875 139.01043701171875 901.684326171875 316.0389404296875 0.92660075 1.8855072 0.7506029 2.7158499 1.434316 8.154496 -0.33329176902770996 0.11451248079538345
Cyclist 0.0 0 -1.8460193872451782 795.8388061523438 141.07398986816406 889.3876342773438 322.8870544433594 1.4794629 1.8722591 0.61151856 2.63888 1.4573275 8.145429 -1.5327187776565552 0.34039708971977234
Cyclist 0.0 0 0.2157849371433258 340.1384582519531 177.50079345703125 455.4842224121094 314.41302490234375 1.2336167 1.5854669 0.6406011 -2.4779067 1.5405036 8.674011 -0.062473975121974945 0.17215539515018463
Cyclist 0.0 0 -0.5513770580291748 922.6204833984375 138.15846252441406 1183.6162109375 374.0 1.0681151 1.6647004 0.6773845 2.4729395 1.4386168 4.112064 -0.009938782081007957 0.12943173944950104
Car 0.0 0 -1.7098498344421387 672.5297241210938 164.3056182861328 730.9352416992188 215.17001342773438 3.6647873 1.7202884 1.5940763 3.552364 1.139833 26.127754 -1.5747170448303223 0.9746748208999634
Car 0.0 0 -1.684084415435791 733.2257080078125 180.9460906982422 842.6558227539062 268.13690185546875 3.5480273 1.409219 1.5473255 3.3151755 1.4015591 13.46577 -1.4426921606063843 0.4712138772010803
Car 0.0 0 -1.6814998388290405 652.7529907226562 169.06790161132812 686.5614624023438 201.75486755371094 2.9059477 1.6657398 1.4648808 3.577555 1.0330632 38.069214 -1.5878000259399414 0.43898874521255493
