Car 0.0 0 1.8311867713928223 374.218505859375 186.11778259277344 461.8063049316406 242.4539794921875 3.9134655 1.4715278 1.5869192 -5.7096505 1.9073422 21.726234 1.5741980075836182 0.9993810653686523
Car 0.0 0 1.9173402786254883 281.90447998046875 189.534423828125 419.11590576171875 271.72015380859375 4.076002 1.5232935 1.5948979 -5.700497 1.9465711 16.246126 1.579878568649292 0.9992192983627319
Car 0.0 0 1.7894333600997925 421.7060852050781 185.01669311523438 487.5390625 230.0305633544922 3.6405659 1.4734528 1.6038579 -5.652874 1.950155 26.429232 1.578721046447754 0.9987661838531494
Car 0.0 0 2.8079469203948975 792.638671875 154.4737091064453 920.6167602539062 198.53623962402344 4.4305034 1.6712302 1.6770514 9.531434 0.9744495 28.220228 3.133668899536133 0.9951449036598206
Car 0.0 0 1.7570085525512695 457.0831298828125 178.82815551757812 511.5336608886719 218.32455444335938 4.1409106 1.6419531 1.6926796 -5.6600924 1.9303772 32.70605 1.585646390914917 0.9489688873291016
Car 0.0 0 1.749043583869934 492.8133239746094 181.28562927246094 533.9102783203125 211.18621826171875 4.0092964 1.5316718 1.5813167 -5.3566856 2.0250237 40.1467 1.6163992881774902 0.883131742477417
Car 0.0 0 -0.6003225445747375 0.0 209.35113525390625 102.32130432128906 375.0 3.8911123 1.4475935 1.560028 -5.895638 1.8054864 5.047476 -1.4630725383758545 0.6605589985847473
Car 0.0 0 -0.41959238052368164 768.189208984375 157.9212188720703 861.1354370117188 193.61280822753906 3.7966945 1.5911986 1.5971042 9.353517 0.9258251 33.2296 -0.14521044492721558 0.22583824396133423
Car 0.0 0 -1.6125186681747437 661.352783203125 174.63949584960938 693.1865844726562 203.58380126953125 3.7125447 1.509867 1.5840734 3.630039 1.613312 39.762585 -1.5214781761169434 0.1827126294374466
Car 0.0 0 -1.620357871055603 667.1494750976562 174.5795135498047 706.8370971679688 208.65646362304688 3.937219 1.5224105 1.6783947 3.5819373 1.6099627 34.447174 -1.5167467594146729 0.1362537145614624
