Pedestrian 0.0 0 2.9029455184936523 564.818115234375 166.920654296875 590.1271362304688 216.32815551757812 0.74268055 1.6798537 0.6417549 -0.8556582 1.1852311 24.829893 2.8684983253479004 0.8677536845207214
Pedestrian 0.0 0 -2.2461724281311035 1079.9830322265625 163.9970703125 1225.95361328125 374.0 0.6693912 1.5937886 0.6360296 4.282589 1.4649794 5.6852427 -1.6005744934082031 0.8464460372924805
Pedestrian 0.0 0 1.827555537223816 267.52447509765625 158.46981811523438 343.1314392089844 311.9540710449219 0.9268948 1.7726759 0.6449199 -3.6477234 1.5080358 8.796809 1.4344717264175415 0.813339114189148
Pedestrian 0.0 0 -1.6098369359970093 629.1546020507812 166.93804931640625 643.3507080078125 213.6637420654297 0.83447564 1.7552905 0.5068315 1.3042713 1.2092901 27.401634 -1.5622745752334595 0.7880439162254333
Pedestrian 0.0 0 1.4511747360229492 648.5132446289062 167.1504364013672 674.5958251953125 225.5669403076172 1.0700295 1.7282039 0.66259646 1.7868725 1.3048127 21.795893 1.5329738855361938 0.7679031491279602
Pedestrian 0.0 0 -2.686269998550415 505.8285827636719 166.68844604492188 542.1665649414062 228.88925170898438 0.79745764 1.6383042 0.5836206 -2.1119115 1.2493517 19.327457 -2.7951083183288574 0.31843987107276917
Pedestrian 0.0 0 -2.942593812942505 579.4647216796875 168.85423278808594 602.6861572265625 211.11305236816406 0.8124046 1.6360594 0.581958 -0.42159694 1.1474934 28.168278 -2.957559823989868 0.280648797750473
Pedestrian 0.0 0 0.41890501976013184 379.8633728027344 164.9468994140625 423.059326171875 247.988037109375 0.6923547 1.7900214 0.7111657 -4.450105 1.434432 15.883788 0.14574193954467773 0.22930370271205902
Pedestrian 0.0 0 2.0186026096343994 25.768239974975586 115.38993835449219 219.83071899414062 374.0 0.8138045 1.813053 0.7234386 -2.967028 1.4452658 4.4622025 1.431807041168213 0.1699015200138092
Pedestrian 0.0 0 1.6742713451385498 443.6043701171875 175.7690887451172 467.31781005859375 231.3704376220703 0.59505457 1.4808654 0.57263935 -3.9797823 1.3293952 19.453444 1.4724760055541992 0.12687601149082184
Pedestrian 0.0 0 0.49472320079803467 179.33917236328125 181.69107055664062 264.7134704589844 326.6610107421875 0.69160694 1.7196574 0.6836761 -4.709433 1.7234402 8.863257 0.006316423416137695 0.10276774317026138
Cyclist 0.0 0 1.523123025894165 565.2525024414062 165.0896759033203 583.5689086914062 217.9198760986328 1.311491 1.7799269 0.5686301 -0.96754795 1.2281177 24.877012 1.4842493534088135 0.44614294171333313
Cyclist 0.0 0 1.6347404718399048 506.0472106933594 166.4844512939453 531.680908203125 230.1120147705078 1.4588784 1.6448576 0.5962006 -2.2384424 1.2578597 19.31111 1.5193407535552979 0.13396403193473816
Cyclist 0.0 0 -1.5386911630630493 649.7278442382812 168.691162109375 673.8421630859375 225.72186279296875 1.1884432 1.6814799 0.69435453 1.8135133 1.3049569 21.806763 -1.455719232559204 0.1263437420129776
Cyclist 0.0 0 -1.159794807434082 35.30839538574219 121.55903625488281 235.89669799804688 374.0 1.1473919 1.8184897 0.6659852 -2.931775 1.4900498 4.56975 -1.7302148342132568 0.11741102486848831
Car 0.0 0 -1.8200278282165527 727.6051635742188 149.3115234375 916.9814453125 297.71160888671875 4.2592044 1.8693483 1.7198015 3.115932 1.465216 11.194224 -1.5485482215881348 0.3699343800544739
