Car 0.0 0 -1.751906394958496 715.1856689453125 179.94825744628906 816.0548706054688 247.55674743652344 4.1489716 1.4535506 1.7050028 3.6965804 1.6518843 18.040918 -1.5498039722442627 0.999376118183136
Car 0.0 0 -1.8629721403121948 743.7156372070312 181.29270935058594 908.985107421875 283.2706298828125 4.184009 1.4704072 1.6096729 3.5669866 1.6458526 12.858928 -1.5923818349838257 0.9993280172348022
Car 0.0 0 -2.010537624359131 838.3834228515625 187.4188995361328 1181.5196533203125 374.2845458984375 3.6393826 1.4041644 1.6084934 3.6882167 1.5936861 7.536503 -1.5554217100143433 0.9988484382629395
Car 0.0 0 1.716158151626587 497.5792541503906 178.73751831054688 541.426513671875 213.30337524414062 3.4554634 1.5149606 1.564635 -4.246608 1.8064613 33.95834 1.5917505025863647 0.9988442659378052
Car 0.0 0 -1.6868603229522705 703.37548828125 179.26821899414062 771.7477416992188 230.45965576171875 3.95039 1.4938021 1.7304476 4.027507 1.7217127 23.576382 -1.5176655054092407 0.9986880421638489
Car 0.0 0 1.950277328491211 242.10189819335938 187.69932556152344 421.9294128417969 296.0010986328125 3.8923578 1.5196357 1.5697594 -4.6772127 1.8202353 12.625156 1.5954861640930176 0.9986729621887207
Car 0.0 0 1.7729467153549194 513.2108154296875 177.9022979736328 556.7169189453125 208.44541931152344 3.844174 1.5144407 1.5650386 -3.9769826 1.7975614 38.421623 1.6698050498962402 0.9978373646736145
Car 0.0 0 1.8264672756195068 362.3631896972656 183.52813720703125 472.15826416015625 253.0277099609375 4.190191 1.4648728 1.6128998 -4.683614 1.7617326 17.944448 1.5711568593978882 0.9977911710739136
Car 0.0 0 2.1453211307525635 0.0 196.0697479248047 297.4134216308594 375.0 4.0190206 1.5047026 1.6153021 -4.7318816 1.7954777 6.9980493 1.5507670640945435 0.9923179149627686
Car 0.0 0 -1.7144696712493896 688.0930786132812 180.4944305419922 744.8689575195312 219.75216674804688 3.977557 1.4306129 1.6926416 4.167968 1.7597415 29.055508 -1.571993112564087 0.9708009958267212
