Car 0.0 0 -1.9538228511810303 765.254638671875 180.74520874023438 1042.264892578125 352.6198425292969 3.694751 1.554542 1.60131 3.0449228 1.5152391 8.371664 -1.6049799919128418 0.9993840456008911
Car 0.0 0 -1.353694200515747 396.4814453125 187.2928009033203 481.3279724121094 242.0274658203125 3.3414562 1.3663282 1.5819026 -4.584748 1.4293826 19.747646 -1.5818195343017578 0.9988204836845398
Car 0.0 0 -1.3886942863464355 454.256591796875 182.93572998046875 518.0187377929688 226.27105712890625 4.1377444 1.4867965 1.6124681 -4.4726515 1.4097047 26.741333 -1.5544164180755615 0.9967507123947144
Car 0.0 0 -1.5391876697540283 576.4479370117188 180.8949737548828 617.1715087890625 214.86090087890625 3.6295142 1.4100578 1.681152 -0.46640116 1.2318194 31.667427 -1.5539146661758423 0.9952318072319031
Car 0.0 0 -1.1187973022460938 125.09266662597656 193.36431884765625 386.9359130859375 325.82391357421875 3.5966225 1.3796643 1.6572567 -4.3888392 1.5093386 9.521483 -1.55071222782135 0.9944487810134888
Car 0.0 0 -1.3272242546081543 386.8483581542969 181.21022033691406 441.6968994140625 215.31626892089844 3.6519723 1.428096 1.5168713 -8.561447 1.2615091 31.935907 -1.589147686958313 0.9685845971107483
Car 0.0 0 -1.6697580814361572 617.015869140625 180.51416015625 642.66943359375 200.03819274902344 3.592735 1.3760546 1.519512 1.563504 1.0458217 52.50581 -1.6399891376495361 0.9678404331207275
Car 0.0 0 -0.5854872465133667 0.0 210.69854736328125 79.38346862792969 376.0 3.8328679 1.3695672 1.4872113 -8.538641 1.7373812 8.31891 -1.3839192390441895 0.6273484230041504
Car 0.0 0 1.7472573518753052 469.30377197265625 184.244140625 519.6612548828125 216.34230041503906 4.2569013 1.3856913 1.5717177 -5.1880164 1.3448797 33.174263 1.5921270847320557 0.5805259943008423
Car 0.0 0 1.75912606716156 417.1122741699219 171.9890594482422 457.64288330078125 202.69363403320312 3.6245654 1.730944 1.6767368 -10.017435 0.9864352 42.368397 1.5269532203674316 0.2968389093875885
