Pedestrian 0.0 0 1.241448998451233 679.8003540039062 155.6893768310547 745.9705200195312 289.1336669921875 0.9448166 1.7954787 0.6515814 1.5171422 1.4495248 10.185958 1.3893065452575684 0.9969632029533386
Pedestrian 0.0 0 -2.1675517559051514 611.9256591796875 162.14768981933594 690.946533203125 294.9886474609375 0.9050132 1.742462 0.70766217 0.63873136 1.4899489 9.989235 -2.103696823120117 0.9510074853897095
Pedestrian 0.0 0 1.4391212463378906 726.9552612304688 161.05209350585938 751.2692260742188 224.006103515625 0.5319568 1.7415563 0.6038184 3.8276315 1.1770383 20.151833 1.626824975013733 0.907833456993103
Pedestrian 0.0 0 0.6021542549133301 271.40032958984375 158.870849609375 350.6995544433594 303.335693359375 0.7396418 1.8505317 0.66091526 -3.914433 1.5619953 9.600694 0.21500706672668457 0.9060354232788086
Pedestrian 0.0 0 1.2543275356292725 757.6156005859375 153.00213623046875 794.7883911132812 231.2022705078125 0.6769039 1.8181883 0.67930466 4.1091623 1.1568061 17.063557 1.4906431436538696 0.6621566414833069
Pedestrian 0.0 0 -3.212916612625122 712.4362182617188 157.81982421875 733.8338623046875 219.00274658203125 0.6078605 1.8620241 0.61492497 3.7280922 1.1424669 22.193926 -3.046492338180542 0.6347807049751282
Pedestrian 0.0 0 -1.2826957702636719 448.32373046875 172.2159423828125 474.4109191894531 221.65975952148438 1.2451981 1.6581197 0.5529304 -4.836169 1.3478554 24.733074 -1.4757938385009766 0.6175374984741211
Pedestrian 0.0 0 -1.7913609743118286 661.2742919921875 164.42796325683594 688.8837890625 222.2367401123047 0.9541954 1.7098386 0.6360138 2.1942136 1.2060193 21.755686 -1.6908438205718994 0.3864062428474426
Pedestrian 0.0 0 -2.6501317024230957 535.47412109375 169.2919921875 548.270751953125 195.2429962158203 0.75541645 1.91916 0.60393333 -4.4209394 1.0169257 53.547848 -2.7325053215026855 0.25858137011528015
Pedestrian 0.0 0 1.7377326488494873 484.3171081542969 162.38116455078125 513.4146118164062 230.73233032226562 1.6135222 1.8444805 0.5528781 -2.8981495 1.3297125 20.195175 1.5951987504959106 0.16328881680965424
Pedestrian 0.0 0 2.8997185230255127 491.691162109375 158.64703369140625 538.6320190429688 247.91693115234375 0.9492714 1.993553 0.616065 -2.0211267 1.4844234 16.495821 2.7778027057647705 0.14703314006328583
Cyclist 0.0 0 1.7278395891189575 484.1991882324219 163.90777587890625 513.400390625 230.5987548828125 1.6949589 1.7970077 0.5584493 -2.9003913 1.3241409 20.204561 1.5852622985839844 0.9601127505302429
Cyclist 0.0 0 1.8459434509277344 397.3460693359375 166.87257385253906 470.37237548828125 291.0231018066406 1.79717 1.7215497 0.61368465 -2.5354333 1.5200367 10.870015 1.6167904138565063 0.9573468565940857
Cyclist 0.0 0 1.6756654977798462 504.23272705078125 159.68234252929688 538.5392456054688 242.0043487548828 1.7562573 1.8057462 0.6132266 -1.8685044 1.3283943 16.634428 1.5638068914413452 0.9503782987594604
Cyclist 0.0 0 1.6989398002624512 450.0194091796875 169.58181762695312 472.1272888183594 220.77706909179688 1.5648025 1.7144432 0.55831355 -4.867874 1.3164043 24.85217 1.505515456199646 0.5408216714859009
