Pedestrian 0.0 0 0.7870711088180542 631.5999145507812 157.28311157226562 736.1790771484375 320.3572082519531 0.9952526 1.7732215 0.72628224 0.9080221 1.5112507 8.423743 0.8944497108459473 0.8251931071281433
Pedestrian 0.0 0 1.6451622247695923 650.423095703125 167.0909881591797 675.0015869140625 231.7490997314453 0.72662884 1.734249 0.6202551 1.652525 1.3489354 19.672075 1.7289690971374512 0.6389458775520325
Pedestrian 0.0 0 -2.2987165451049805 0.0 183.05625915527344 180.87489318847656 374.0 0.92997915 1.6770687 0.5524059 -2.4951518 1.6859969 3.1086068 -2.975076675415039 0.48235028982162476
Pedestrian 0.0 0 1.0001198053359985 186.29672241210938 173.4903564453125 291.62542724609375 344.8469543457031 0.90874434 1.7655425 0.6447883 -4.035369 1.6843803 7.9060674 0.5281755924224854 0.4092159867286682
Pedestrian 0.0 0 -1.6012510061264038 745.7359008789062 163.1917266845703 771.7493286132812 243.06361389160156 0.87175626 1.7751315 0.5518649 3.5564635 1.3694532 16.440924 -1.3882156610488892 0.3544580340385437
Pedestrian 0.0 0 -3.291733503341675 725.4057006835938 160.18492126464844 754.3565063476562 229.42886352539062 0.6818277 1.843826 0.62737525 3.7114527 1.2774134 19.451735 -3.103196382522583 0.33360767364501953
Pedestrian 0.0 0 2.9207701683044434 341.9458312988281 172.66470336914062 435.06024169921875 342.6271667480469 0.8503383 1.7786254 0.7676202 -2.4454973 1.6875277 8.058148 2.62612247467041 0.1828153282403946
Pedestrian 0.0 0 -1.8134526014328003 521.80908203125 172.2654571533203 533.3900756835938 198.8572998046875 0.861607 1.7585696 0.57908374 -4.926963 1.148554 48.005623 -1.9157274961471558 0.17998099327087402
Cyclist 0.0 0 1.853564977645874 326.8235778808594 173.50387573242188 424.3494567871094 340.25982666015625 1.7150823 1.6874226 0.5993172 -2.546203 1.607875 8.12987 1.5500506162643433 0.9377818703651428
Cyclist 0.0 0 1.702046275138855 414.18133544921875 169.8930206298828 461.385986328125 270.98272705078125 1.7252469 1.7132864 0.6204438 -2.9874399 1.5178521 13.059708 1.4771630764007568 0.9221593737602234
Cyclist 0.0 0 -3.131629467010498 634.5420532226562 158.8271942138672 764.2528076171875 316.557373046875 1.4254289 1.7280508 0.7066832 1.0785716 1.4810092 8.315921 -3.0026497840881348 0.1826411485671997
Car 0.0 0 1.7090493440628052 482.04150390625 175.47398376464844 523.7052612304688 205.23638916015625 4.4321632 1.5999163 1.7523743 -5.5389123 1.2768141 40.831463 1.5742193460464478 0.9826334118843079
Car 0.0 0 2.7102136611938477 0.0 0.0 1238.0 374.0 4.281649 1.6163379 1.6661503 -2.9356153 1.7029611 1.4676242 1.6030150651931763 0.18693052232265472
