Pedestrian 0.0 0 1.4255132675170898 475.88604736328125 151.83445739746094 510.55413818359375 231.83319091796875 0.91610616 1.789709 0.66374993 -2.5453892 1.1272566 16.602972 1.2733885049819946 0.8892783522605896
Pedestrian 0.0 0 -1.8060253858566284 542.3762817382812 151.56419372558594 570.4776611328125 222.68618774414062 0.7856879 1.8696067 0.58628076 -1.2493303 1.0838435 19.342373 -1.8705260753631592 0.8799213767051697
Pedestrian 0.0 0 1.2421413660049438 812.0440063476562 142.07101440429688 869.9672241210938 255.3030548095703 0.86421674 1.8139802 0.6664839 3.9236245 1.1836209 11.940937 1.5596132278442383 0.815558910369873
Pedestrian 0.0 0 3.1790404319763184 352.30169677734375 165.1917266845703 440.599853515625 321.27239990234375 0.91899365 1.6636387 0.62934256 -2.3342695 1.491171 8.070399 2.8974857330322266 0.7564132809638977
Pedestrian 0.0 0 -1.4534423351287842 573.409912109375 155.61819458007812 603.8453369140625 236.9543914794922 0.77283 1.7858595 0.6016089 -0.3172596 1.2188069 16.183447 -1.4730437994003296 0.7323461771011353
Pedestrian 0.0 0 -2.3041303157806396 1.531481146812439 152.5995330810547 177.05625915527344 374.0 0.8501631 1.7353606 0.58708245 -3.6322284 1.5485786 5.052156 -2.9274590015411377 0.6525028347969055
Pedestrian 0.0 0 1.4394692182540894 557.783203125 158.4310302734375 575.8883056640625 209.95982360839844 0.89107305 1.7308934 0.50519836 -1.2143956 0.9570684 24.610502 1.3901646137237549 0.5436174273490906
Pedestrian 0.0 0 2.2626631259918213 453.58782958984375 162.62301635742188 483.6723937988281 225.90834045410156 0.6263199 1.6357517 0.4960584 -3.5344794 1.1490077 18.958603 2.078347682952881 0.14280647039413452
Pedestrian 0.0 0 -2.1758017539978027 1047.255126953125 126.27569580078125 1194.6060791015625 336.18701171875 1.0920119 1.8085191 0.5980955 4.766691 1.3341111 6.7355185 -1.5599300861358643 0.13978725671768188
Cyclist 0.0 0 1.9470592737197876 335.3604431152344 162.17063903808594 437.58990478515625 332.5347900390625 1.5201607 1.7064154 0.570491 -2.3830407 1.5141746 7.974173 1.6566625833511353 0.6112995147705078
Cyclist 0.0 0 -1.6670920848846436 650.4187622070312 153.68785095214844 668.3119506835938 208.25718688964844 1.3341712 1.7670424 0.46438864 1.8968085 0.86753523 23.929197 -1.5879899263381958 0.5001713633537292
Cyclist 0.0 0 1.5720030069351196 558.5711059570312 158.06468200683594 574.4039306640625 209.17530822753906 1.4022335 1.7002015 0.5263736 -1.2218969 0.9217066 24.605925 1.5223851203918457 0.22898682951927185
Cyclist 0.0 0 -1.8416932821273804 696.6635131835938 152.94363403320312 747.0293579101562 247.78518676757812 1.4922626 1.7055821 0.55985934 2.2300997 1.1933088 13.687786 -1.680186152458191 0.1148984506726265
