Pedestrian 0.0 0 -3.597771644592285 979.1280517578125 163.34262084960938 1029.851318359375 234.71871948242188 0.90365237 1.6953878 0.6012688 9.484347 1.4698232 17.454994 -3.1000404357910156 0.8118166923522949
Pedestrian 0.0 0 2.369844436645508 1196.277099609375 162.5216522216797 1241.1234130859375 227.640625 0.6737126 1.5812328 0.5204326 14.963905 1.3306986 17.801796 3.0688467025756836 0.6623050570487976
Pedestrian 0.0 0 -3.434896945953369 842.4577026367188 169.96409606933594 888.9017944335938 237.98216247558594 0.93630373 1.5981141 0.51209635 6.047069 1.5305729 17.226624 -3.097304344177246 0.12459010630846024
Cyclist 0.0 0 -0.9855660200119019 1156.2230224609375 151.1844024658203 1242.0 375.0 1.5438743 1.5787938 0.72295463 4.7042193 1.4445091 5.009482 -0.23158349096775055 0.21179552376270294
Cyclist 0.0 0 -0.35560041666030884 835.8281860351562 166.3573760986328 896.9091796875 234.0791015625 1.2536994 1.59195 0.5772139 6.0718365 1.4395905 17.258013 -0.017298810184001923 0.11745690554380417
Car 0.0 0 -2.4559438228607178 0.0 186.51211547851562 211.26815795898438 269.0557861328125 3.973826 1.4465095 1.5514368 -10.082952 1.7252336 13.818592 -3.086303472518921 0.999131977558136
Car 0.0 0 1.6921589374542236 461.8888244628906 179.56344604492188 513.6267700195312 220.54306030273438 3.95441 1.4809802 1.5636871 -4.840167 1.7673309 28.742332 1.5253256559371948 0.990433931350708
Car 0.0 0 -1.7721987962722778 657.0640258789062 167.03785705566406 720.01708984375 214.77874755859375 3.8498116 1.7303433 1.6886181 2.9414704 1.5198985 28.146816 -1.66807222366333 0.9736238718032837
Car 0.0 0 -0.9802916049957275 1110.837646484375 151.9835662841797 1242.0 375.0 3.9600427 1.6042795 1.6201094 6.1108775 1.4802859 5.3544264 -0.12901149690151215 0.20501971244812012
Car 0.0 0 0.5749218463897705 1224.9234619140625 181.1088104248047 1242.0 375.0 4.0701704 1.4432374 1.5978379 8.69631 1.5493964 7.1334653 1.4587292671203613 0.1923641413450241
