Pedestrian 0.0 0 1.3548651933670044 509.0658264160156 136.8639373779297 544.9456787109375 219.70388793945312 0.9033443 1.8710784 0.6509993 -1.8675818 0.8870962 16.497465 1.2421408891677856 0.9827029705047607
Pedestrian 0.0 0 1.317209005355835 546.86962890625 130.2628631591797 583.4613037109375 217.29237365722656 0.8971836 1.7920542 0.5686872 -0.8988817 0.75922835 15.068482 1.2576265335083008 0.8289737105369568
Pedestrian 0.0 0 1.3256397247314453 783.9439086914062 145.76564025878906 857.4310913085938 314.3438415527344 0.8443303 1.699566 0.5564554 2.233595 1.3510759 7.55686 1.6130290031433105 0.6784224510192871
Pedestrian 0.0 0 2.0914313793182373 241.8697052001953 140.23558044433594 285.5066833496094 244.52784729003906 0.48364192 1.7350731 0.4940035 -5.8407855 1.0668586 12.01603 1.6389793157577515 0.6773580312728882
Pedestrian 0.0 0 1.1071490049362183 764.7227172851562 153.44094848632812 829.2377319335938 291.7488708496094 0.6773502 1.5781336 0.48945883 2.2317855 1.2710668 8.444103 1.3655415773391724 0.6252524256706238
Pedestrian 0.0 0 0.9897369742393494 532.7021484375 133.30316162109375 580.1036376953125 215.1854248046875 0.97897625 1.910325 0.7239124 -1.2195323 0.8108219 17.099289 0.918536901473999 0.6230762600898743
Pedestrian 0.0 0 1.1704124212265015 589.9197387695312 139.05734252929688 626.0029296875 222.07086181640625 0.65779847 1.7662903 0.57651794 0.019494591 0.8861289 15.454075 1.1716738939285278 0.6217431426048279
Pedestrian 0.0 0 1.4259971380233765 573.4873046875 143.7382049560547 598.170166015625 206.6926727294922 0.7491766 1.6663933 0.56322503 -0.5599799 0.69490004 19.128187 1.3967304229736328 0.4424019455909729
Pedestrian 0.0 0 -1.1166658401489258 266.6152038574219 141.23825073242188 322.8260498046875 249.42462158203125 0.65805715 1.7307272 0.6244068 -5.1459684 1.1042862 11.646821 -1.5327086448669434 0.41068726778030396
Pedestrian 0.0 0 0.8555282950401306 690.5842895507812 130.68954467773438 798.5933227539062 326.340576171875 0.9041268 1.8283267 0.63138086 1.3441563 1.3645545 7.151891 1.0413053035736084 0.3678969442844391
Pedestrian 0.0 0 -1.9906234741210938 420.7139587402344 136.7725830078125 465.7025451660156 222.5741424560547 1.1333859 1.8889484 0.59093225 -3.7542288 0.9278905 16.191128 -2.2184667587280273 0.32093217968940735
Pedestrian 0.0 0 -1.7735451459884644 534.2893676757812 138.67298889160156 562.2047119140625 207.7993621826172 0.7423827 1.8135356 0.6083566 -1.5655103 0.7177875 18.986258 -1.855813980102539 0.2605060935020447
Pedestrian 0.0 0 1.3436541557312012 492.1744079589844 139.12887573242188 519.8120727539062 214.6765899658203 0.67029023 1.8724655 0.55594313 -2.5530167 0.8486699 17.932167 1.2022337913513184 0.13849423825740814
Car 0.0 0 2.279353141784668 75.72919464111328 130.09243774414062 208.38824462890625 182.99147033691406 3.8392365 1.6334814 1.6344057 -15.47308 0.07849088 23.8391 1.703636884689331 0.44185206294059753
