Car 0.0 0 -1.4781205654144287 524.54541015625 180.8735809326172 597.6672973632812 242.44622802734375 3.6352048 1.4512472 1.6189749 -1.2665793 1.6868267 19.321653 -1.5435792207717896 0.9989140033721924
Car 0.0 0 -1.9974157810211182 831.2838134765625 173.52438354492188 1242.0 375.0 3.9980676 1.5786573 1.5688401 2.8752959 1.5859126 5.375583 -1.5062545537948608 0.9935612678527832
Car 0.0 0 3.8334858417510986 0.0 197.4676971435547 180.3926544189453 318.147705078125 3.7978387 1.4871907 1.4885898 -8.322839 1.8527452 9.949563 3.1368799209594727 0.9931835532188416
Car 0.0 0 -1.7847306728363037 730.0670776367188 170.3899688720703 830.7999267578125 244.92092895507812 3.7009988 1.6360075 1.6221708 4.001158 1.5822783 17.692825 -1.5623259544372559 0.9926674962043762
Car 0.0 0 -1.7026102542877197 693.816162109375 171.08485412597656 738.1315307617188 210.68321228027344 3.845755 1.7917374 1.597382 4.9807477 1.7120459 34.576965 -1.5595462322235107 0.9608995318412781
Car 0.0 0 -1.7005436420440674 709.37109375 176.2806854248047 772.9306640625 227.0389404296875 3.8297584 1.5327642 1.5765316 4.2313447 1.6563535 23.99707 -1.5260101556777954 0.9536986351013184
Car 0.0 0 -1.4812335968017578 543.3915405273438 178.772705078125 603.66748046875 230.27584838867188 4.2117615 1.555019 1.6625818 -1.1925107 1.7731848 24.411806 -1.5300445556640625 0.45134568214416504
Car 0.0 0 1.5187872648239136 579.6597900390625 178.5404510498047 619.674560546875 215.16526794433594 4.060745 1.5567856 1.6295134 -0.5723354 1.8367615 33.395416 1.5016508102416992 0.23851226270198822
Car 0.0 0 -0.9448728561401367 0.0 179.82498168945312 180.2006378173828 271.16412353515625 3.7817488 1.5799028 1.5325229 -10.671862 1.7402166 14.660184 -1.5741111040115356 0.13971614837646484
Car 0.0 0 -3.1102423667907715 0.0 0.0 1242.0 375.0 4.094942 1.5401366 1.6372131 2.7034352 1.5593357 0.13315257 -1.5886595249176025 0.10933593660593033
