Pedestrian 0.0 0 1.0741724967956543 737.8193359375 135.31387329101562 807.90625 283.7059631347656 0.6944084 1.7051038 0.556357 1.963629 1.1875756 8.528272 1.3004777431488037 0.9276220798492432
Pedestrian 0.0 0 -1.561458945274353 497.6816101074219 95.5243148803711 580.889404296875 370.0 0.95062226 1.6464418 0.49389222 -0.49038902 1.1444825 4.6825395 -1.665805697441101 0.9022641777992249
Pedestrian 0.0 0 -1.786448359489441 571.1610107421875 133.0520477294922 639.6350708007812 301.7589416503906 1.0437211 1.8015776 0.5673578 -0.06692594 1.2965827 8.117237 -1.794693112373352 0.8985799551010132
Pedestrian 0.0 0 -2.7970130443573 1099.18408203125 118.10933685302734 1224.0 370.0 0.8002001 1.7912947 0.60014886 3.279315 1.4912125 3.912146 -2.09938645362854 0.8140291571617126
Pedestrian 0.0 0 1.2027547359466553 832.418701171875 19.444812774658203 1132.19287109375 370.0 0.6919157 1.8022159 0.6843937 1.1550926 1.3374541 2.4146347 1.6489503383636475 0.7935189604759216
Pedestrian 0.0 0 0.30663666129112244 752.6636962890625 98.84752655029297 946.9158325195312 370.0 0.7338453 1.7015855 0.6517981 1.1390961 1.3622413 3.4277296 0.6274731159210205 0.777887761592865
Pedestrian 0.0 0 1.1382585763931274 817.0230102539062 132.6522674560547 891.19482421875 291.9255676269531 0.7410447 1.8667216 0.6004038 2.9931784 1.3076173 8.680579 1.4703052043914795 0.672686755657196
Pedestrian 0.0 0 0.24645642936229706 596.5204467773438 139.67974853515625 637.949951171875 212.9778289794922 1.0208529 1.9646933 0.5980854 0.30453333 0.8721239 19.368 0.2621786594390869 0.6418954730033875
Pedestrian 0.0 0 0.8682787418365479 673.451171875 133.1522979736328 741.9252319335938 291.23199462890625 0.62150484 1.7701949 0.51681143 1.1524562 1.2416761 8.313439 1.0060265064239502 0.5958284735679626
Pedestrian 0.0 0 -2.619058609008789 839.2996215820312 113.03101348876953 1017.2506713867188 370.0 0.7469799 1.67501 0.5140199 1.7297214 1.3435307 3.9400449 -2.205380916595459 0.42358219623565674
Pedestrian 0.0 0 -2.9049806594848633 608.0498657226562 151.68295288085938 644.2078857421875 213.35447692871094 0.9156275 1.7111062 0.57073236 0.56755704 0.9131398 20.007753 -2.8766214847564697 0.2937978506088257
Pedestrian 0.0 0 1.9999812841415405 232.7248077392578 125.33220672607422 297.4007263183594 243.86550903320312 0.90863353 1.8985425 0.65500605 -5.690478 1.0165769 11.780825 1.5500025749206543 0.14534452557563782
Car 0.0 0 -1.6030446290969849 856.7996826171875 179.83993530273438 927.669921875 243.68312072753906 3.804101 1.4259074 1.4905195 7.113532 1.4127779 17.828781 -1.2234079837799072 0.17218416929244995
