Pedestrian 0.0 0 1.4327436685562134 629.6521606445312 156.9238739013672 662.65478515625 240.87579345703125 0.8666235 1.80202 0.6110804 0.94224125 1.2757233 15.872384 1.4920376539230347 0.9867410063743591
Pedestrian 0.0 0 0.9870168566703796 433.2956237792969 161.5912628173828 522.9179077148438 321.5011901855469 0.88022417 1.7072039 0.6240527 -1.4626331 1.4960167 8.200301 0.8105096817016602 0.9775784015655518
Pedestrian 0.0 0 0.015249058604240417 676.23876953125 160.0980682373047 711.5715942382812 244.4920654296875 0.74688095 1.7927191 0.6783467 1.979984 1.339324 15.644778 0.14113855361938477 0.8763967752456665
Pedestrian 0.0 0 3.01788330078125 665.0339965820312 167.91456604003906 702.657958984375 238.35552978515625 0.816977 1.6346211 0.56469846 1.9029975 1.3205701 16.953943 3.1296606063842773 0.4741740822792053
Pedestrian 0.0 0 2.750797748565674 741.9523315429688 155.36476135253906 771.2700805664062 213.26837158203125 0.69687754 1.8092812 0.6982033 4.9040985 0.9937567 22.848454 2.962225914001465 0.43538403511047363
Pedestrian 0.0 0 -1.9744951725006104 381.3189392089844 163.62789916992188 468.7779235839844 331.5503234863281 0.7756581 1.7017901 0.66672415 -1.9678298 1.5220333 7.7877927 -2.2219958305358887 0.3219658136367798
Pedestrian 0.0 0 3.0253818035125732 619.9736328125 158.49288940429688 647.9530639648438 213.4425506591797 0.8682624 1.8204709 0.6553569 1.0635254 1.0593356 24.153824 3.069384813308716 0.3072553277015686
Pedestrian 0.0 0 -1.7740899324417114 696.4775390625 157.88314819335938 720.8303833007812 224.4481658935547 0.905501 1.7933768 0.48905948 2.9198751 1.158259 19.816517 -1.62779700756073 0.2998049855232239
Pedestrian 0.0 0 1.4536077976226807 479.1551818847656 165.0493927001953 498.91839599609375 214.22422790527344 0.69439477 1.7407244 0.624329 -4.069819 1.1594527 25.844086 1.2974146604537964 0.22872398793697357
Pedestrian 0.0 0 1.131801962852478 695.0470581054688 161.74868774414062 728.5178833007812 231.322265625 0.8091399 1.7354124 0.553307 2.783933 1.2439299 18.381802 1.2821102142333984 0.22184361517429352
Pedestrian 0.0 0 1.277165412902832 730.0975952148438 157.8441162109375 755.8876342773438 222.8768768310547 0.70452267 1.764823 0.5162714 3.8790352 1.1240212 19.867609 1.4699839353561401 0.208555668592453
Pedestrian 0.0 0 3.0375773906707764 497.93017578125 168.6576690673828 517.0252075195312 216.27818298339844 0.6172557 1.6673288 0.5478814 -3.3591986 1.218745 25.486612 2.9065303802490234 0.18248292803764343
Pedestrian 0.0 0 -0.09904862940311432 649.607177734375 162.35940551757812 671.7367553710938 202.16802978515625 0.9362463 1.7682878 0.5651457 2.638141 0.9190158 32.196247 -0.017291879281401634 0.15929730236530304
Pedestrian 0.0 0 0.00612407922744751 722.797607421875 165.4125213623047 736.5421142578125 209.53253173828125 0.4946272 1.6105056 0.5084581 4.7130036 1.024311 26.513453 0.18204545974731445 0.14155961573123932
Cyclist 0.0 0 -3.007992744445801 524.75537109375 168.00547790527344 560.5526733398438 208.8989715576172 1.3920534 1.6502644 0.57939214 -2.4094992 1.1066877 29.311121 -3.090012550354004 0.1257692128419876
Cyclist 0.0 0 -3.2624895572662354 687.3095703125 158.00665283203125 737.1806640625 221.71156311035156 1.2933909 1.7285225 0.6125167 3.014648 1.0922301 19.813738 -3.1114981174468994 0.11537589877843857
Car 0.0 0 1.615342378616333 567.8954467773438 169.34280395507812 597.1453247070312 196.9161376953125 3.6488059 1.5966268 1.6090637 -1.1033853 0.89345056 43.43187 1.5899428129196167 0.9908657670021057
