Car 0.0 0 -1.9470458030700684 760.4800415039062 173.56607055664062 1047.8076171875 363.2723693847656 3.37266 1.5700285 1.6002887 2.7518458 1.5796704 7.693235 -1.6035306453704834 0.9981330037117004
Car 0.0 0 -1.7112650871276855 672.9321899414062 181.408203125 741.95166015625 233.6796417236328 3.5592597 1.3819584 1.5281507 2.7654183 1.65783 21.447685 -1.5830347537994385 0.9979559183120728
Car 0.0 0 0.8143708109855652 0.0 201.92652893066406 215.11695861816406 375.0 4.3301997 1.4718814 1.648905 -6.1977444 1.7710882 6.48 0.05123281478881836 0.9962377548217773
Car 0.0 0 0.33426356315612793 300.1194763183594 183.28628540039062 470.3613586425781 242.0784149169922 3.9653018 1.4504832 1.6252463 -5.876891 1.7381773 18.99068 0.0341489315032959 0.9953195452690125
Car 0.0 0 3.538492202758789 137.436279296875 184.30467224121094 366.02154541015625 267.324462890625 3.6506023 1.4816922 1.5874717 -6.87295 1.718909 14.022709 3.0827717781066895 0.9953076243400574
Car 0.0 0 3.475348711013794 238.86399841308594 186.1679229736328 433.245849609375 252.35337829589844 3.9298723 1.4326115 1.5804107 -6.3136106 1.7584219 16.794182 3.1157538890838623 0.9918110370635986
Car 0.0 0 -2.5781683921813965 4.044625282287598 171.70785522460938 319.98028564453125 294.6329650878906 3.9138737 1.7816266 1.7208128 -6.9178023 1.7653728 11.346354 -3.125685214996338 0.9778253436088562
Car 0.0 0 3.402193069458008 306.5253601074219 184.44512939453125 461.7475891113281 235.3271026611328 4.116546 1.4162792 1.5771216 -6.6371107 1.773665 21.35005 3.10079288482666 0.9689684510231018
Car 0.0 0 3.7393364906311035 0.0 195.6781768798828 308.64532470703125 330.97589111328125 4.154582 1.4703643 1.6460205 -6.220191 1.7809801 8.963973 3.132709503173828 0.9154747724533081
Car 0.0 0 0.31903302669525146 343.9941711425781 180.3440399169922 486.0507507324219 229.37803649902344 4.2361493 1.5398893 1.656669 -6.432306 1.7981002 23.891361 0.05603766441345215 0.8016982674598694
