Pedestrian 0.0 0 -2.897321939468384 533.1172485351562 163.97877502441406 569.448974609375 218.0913543701172 1.093547 1.7726923 0.6059727 -1.8138795 1.2330114 23.547346 -2.974201202392578 0.28886789083480835
Cyclist 0.0 0 -0.6429420709609985 283.07000732421875 168.9542694091797 349.650390625 234.9641571044922 1.7372558 1.7890381 0.60097265 -8.196692 1.4776995 20.057417 -1.0308928489685059 0.723835289478302
Cyclist 0.0 0 -0.30298441648483276 704.6649780273438 160.5962677001953 741.0426635742188 197.5653076171875 1.6163723 1.7514663 0.594312 5.630036 0.8099425 33.898403 -0.13840119540691376 0.6659428477287292
Cyclist 0.0 0 -1.4851503372192383 539.8806762695312 160.76072692871094 561.8386840820312 218.21267700195312 1.5178076 1.8619461 0.6086123 -1.8308861 1.2237664 23.671064 -1.5623435974121094 0.5679249167442322
Cyclist 0.0 0 2.011814594268799 230.10142517089844 177.99107360839844 265.82952880859375 227.26416015625 1.5829539 1.711246 0.519901 -12.810163 1.6256421 25.348911 1.5438932180404663 0.45668771862983704
Cyclist 0.0 0 -2.148468017578125 1065.186279296875 148.4058074951172 1096.417724609375 188.67120361328125 1.306089 1.7101327 0.48857626 20.614655 0.34852237 30.68087 -1.5568469762802124 0.3587320148944855
Car 0.0 0 -1.3512599468231201 409.07635498046875 179.66082763671875 508.9385681152344 244.81126403808594 3.7215953 1.3551493 1.506917 -3.3327794 1.3393171 16.578178 -1.5496495962142944 0.997494101524353
Car 0.0 0 1.71200430393219 482.9489440917969 172.9794464111328 507.46966552734375 191.45553588867188 3.938244 1.4443942 1.4240068 -8.841903 0.8577089 57.247128 1.5587637424468994 0.8794549703598022
Car 0.0 0 2.496781349182129 1072.46240234375 145.46026611328125 1196.346923828125 183.7446746826172 4.4478493 1.7191607 1.6952549 24.32235 0.14716482 32.601215 3.137753963470459 0.6594496965408325
Car 0.0 0 2.055025815963745 441.1772155761719 177.46597290039062 478.042236328125 195.8696746826172 3.7737796 1.4580348 1.3647616 -11.873083 1.2189014 58.01334 1.8531522750854492 0.1332016885280609
Car 0.0 0 2.0691165924072266 1188.268798828125 108.69120788574219 1224.0 370.0 4.3492913 1.6154711 1.6124241 5.249501 1.3976952 3.0113592 3.119096279144287 0.10059508681297302
