Car 0.0 0 -1.7090835571289062 656.1276245117188 177.13804626464844 703.1226806640625 211.4219970703125 3.9624677 1.460326 1.6113274 3.1059787 1.6700883 33.25048 -1.6159422397613525 0.9995446801185608
Car 0.0 0 -1.7667667865753174 708.7373657226562 186.1245880126953 831.4632568359375 270.9337463378906 4.151935 1.4020209 1.5987157 3.0252712 1.7103275 14.658835 -1.563245415687561 0.9989965558052063
Car 0.0 0 3.8542542457580566 0.0 185.478271484375 239.47344970703125 375.0 4.221283 1.5550053 1.6684313 -6.026648 1.6875463 6.671747 3.1196141242980957 0.9983527660369873
Car 0.0 0 -2.062073230743408 801.9776000976562 201.96334838867188 1242.0 375.0 4.096865 1.3937554 1.6141504 2.7908082 1.6984143 5.475896 -1.5907328128814697 0.9968872666358948
Car 0.0 0 -2.4703993797302246 0.0 181.2053680419922 270.4408874511719 320.8367919921875 3.7944608 1.6306032 1.6242665 -6.7680445 1.7506655 9.435436 -3.092642307281494 0.9884284138679504
Car 0.0 0 1.631710171699524 536.8136596679688 178.8533477783203 579.1192016601562 216.1073455810547 3.6134539 1.4042768 1.5145929 -2.122978 1.6658161 29.594585 1.5600974559783936 0.9860513210296631
Car 0.0 0 0.5263698697090149 93.41798400878906 181.263427734375 390.7093505859375 284.3268737792969 4.123401 1.5509847 1.6541153 -6.0092916 1.7018673 11.961562 0.06081724166870117 0.9621766209602356
Car 0.0 0 0.4851742386817932 208.4200439453125 186.45547485351562 435.5462951660156 267.27362060546875 3.998738 1.489163 1.5995502 -5.8055053 1.7846324 14.642416 0.10770130157470703 0.9537222385406494
Car 0.0 0 0.3027969002723694 318.7560729980469 182.24009704589844 470.54522705078125 235.99185180664062 3.917591 1.4718673 1.5497838 -6.188508 1.7537644 20.837578 0.014105796813964844 0.8830044865608215
Car 0.0 0 0.11243721842765808 460.54351806640625 174.91310119628906 536.256591796875 205.39305114746094 3.630269 1.5009896 1.6265738 -5.6424313 1.6081507 36.535896 -0.04078755900263786 0.8432178497314453
