Pedestrian 0.0 0 1.5346323251724243 302.1454772949219 171.2271728515625 350.6800842285156 301.1446533203125 0.9218939 1.6989502 0.58854973 -3.858833 1.5659406 9.9309225 1.164020299911499 0.979567289352417
Pedestrian 0.0 0 -3.3854892253875732 771.310302734375 151.46693420410156 891.392578125 331.4005432128906 1.0951782 1.8307648 0.6282304 2.3722098 1.5265536 7.6508784 -3.084831476211548 0.8956347107887268
Pedestrian 0.0 0 1.7004090547561646 485.655517578125 167.2447967529297 502.2453918457031 207.3035888671875 0.49396968 1.8181744 0.69328827 -4.925414 1.1721002 32.85451 1.5516012907028198 0.4809187352657318
Pedestrian 0.0 0 1.2883623838424683 799.1276245117188 157.57115173339844 838.4553833007812 237.6414794921875 0.8294546 1.7927109 0.65678024 4.9456263 1.2581794 16.49794 1.5796103477478027 0.41775745153427124
Pedestrian 0.0 0 -2.6390156745910645 552.918212890625 167.9753875732422 569.4032592773438 196.50753784179688 0.85080314 1.8451458 0.6859898 -2.6221182 0.9712222 46.94456 -2.6948132514953613 0.18267379701137543
Cyclist 0.0 0 -1.7562686204910278 720.4844360351562 158.1021728515625 776.1470947265625 273.36566162109375 1.4562906 1.7822666 0.631461 2.3498368 1.4217774 11.836092 -1.5602854490280151 0.1339397132396698
Cyclist 0.0 0 0.3843736946582794 387.88629150390625 169.31153869628906 476.3570556640625 270.5823669433594 1.2998133 1.6370307 0.63199925 -2.862572 1.4412979 12.019086 0.15056085586547852 0.11516153812408447
Cyclist 0.0 0 -3.3586037158966064 767.908447265625 150.41554260253906 888.2750244140625 330.4626770019531 1.1062516 1.8194472 0.6080455 2.3221648 1.5066926 7.6033797 -3.0621891021728516 0.1021275594830513
Car 0.0 0 -1.6942722797393799 647.1723022460938 166.5358123779297 697.7651977539062 210.0497283935547 3.840706 1.6819206 1.6058453 2.8543212 1.1045359 29.704653 -1.5984762907028198 0.9792856574058533
Car 0.0 0 -1.6658037900924683 681.7869873046875 178.2347412109375 763.5532836914062 245.3270721435547 3.7316384 1.4441909 1.5692419 2.7890754 1.3751317 17.372154 -1.5066136121749878 0.3505264222621918
Car 0.0 0 -2.8247056007385254 0.0 0.0 1238.0 374.0 3.8654058 1.5167071 1.6169945 2.806605 1.6140785 0.9230095 -1.571637749671936 0.32870134711265564
Car 0.0 0 2.5296759605407715 0.0 0.0 1238.0 374.0 3.959183 1.7490914 1.6535076 -2.610619 1.7080847 1.7023234 1.5367133617401123 0.27685630321502686
Car 0.0 0 -1.6921542882919312 631.34716796875 170.84536743164062 664.7169799804688 200.37095642089844 3.3852184 1.6516101 1.5370462 2.6820755 1.0564156 41.91374 -1.628251075744629 0.17048805952072144
