Cyclist 0.0 0 1.838942289352417 375.77081298828125 172.80833435058594 437.6604309082031 286.3841857910156 1.6927757 1.7223814 0.5475052 -3.338127 1.7220466 11.787898 1.5629849433898926 0.9895567297935486
Car 0.0 0 -1.696800708770752 635.228515625 181.08920288085938 700.9913940429688 230.1768035888672 4.2938356 1.3925872 1.5706255 1.7420932 1.6848062 23.384453 -1.6224400997161865 0.9995323419570923
Car 0.0 0 -1.5900291204452515 620.21142578125 175.88861083984375 651.0635986328125 205.20657348632812 3.7840998 1.4698141 1.5616039 1.2898759 1.6399719 38.467472 -1.556510090827942 0.9896039962768555
Car 0.0 0 -0.5091429352760315 854.9617309570312 170.46090698242188 1179.9971923828125 294.2336120605469 3.652672 1.5894676 1.5806078 5.4649177 1.5590938 10.07557 -0.012158872559666634 0.9805929660797119
Car 0.0 0 2.4430160522460938 900.9453735351562 181.16055297851562 1242.0 343.8937072753906 3.98638 1.474285 1.5985142 5.3189483 1.5734142 7.6050854 3.053334951400757 0.9765303730964661
Car 0.0 0 3.527362108230591 215.6006622314453 180.53468322753906 408.9405517578125 248.05172729492188 3.9940786 1.5415057 1.7041568 -7.165942 1.7375431 17.522821 3.139164924621582 0.8323864936828613
Car 0.0 0 0.8336889147758484 340.2879638671875 178.66519165039062 442.91021728515625 224.785888671875 3.4702165 1.5074933 1.5373216 -7.7860126 1.7258849 25.5203 0.5375680923461914 0.7443901300430298
Car 0.0 0 1.1530548334121704 0.0 210.0438232421875 99.29608154296875 375.0 3.9940932 1.3724972 1.7602644 -7.0345325 1.7906419 6.6124024 0.3367342948913574 0.7305523157119751
Car 0.0 0 1.9691290855407715 1086.8408203125 182.32290649414062 1242.0 375.0 4.028381 1.4192079 1.6425562 5.63494 1.5075921 5.2413383 2.7907004356384277 0.7278622388839722
Car 0.0 0 3.2080769538879395 418.7120361328125 178.99098205566406 500.8740539550781 212.23281860351562 3.7471237 1.5224757 1.6342493 -7.161723 1.8254161 34.505146 3.003427505493164 0.6209710836410522
Car 0.0 0 2.6881062984466553 421.8601379394531 176.39080810546875 499.0081787109375 206.68081665039062 3.9554024 1.6143665 1.6213095 -8.449266 1.8234897 40.736134 2.4835915565490723 0.293293833732605
