Cyclist 0.0 0 2.057335376739502 164.0778045654297 167.37664794921875 337.8330383300781 375.0 1.8021929 1.723394 0.5896065 -3.1133883 1.6823791 6.357178 1.6019264459609985 0.9674506783485413
Car 0.0 0 -1.7142459154129028 652.284423828125 178.42672729492188 734.284912109375 238.4097442626953 4.1307206 1.4095063 1.5857177 2.079957 1.576151 19.434334 -1.6076269149780273 0.9997650980949402
Car 0.0 0 0.49546682834625244 113.3698501586914 182.54441833496094 368.7313232421875 271.5401611328125 3.9986122 1.5559046 1.6976136 -6.924508 1.7526097 13.712897 0.02785658836364746 0.9954001307487488
Car 0.0 0 3.506899833679199 198.27024841308594 184.90545654296875 418.3260192871094 252.19989013671875 4.2992654 1.4099483 1.5719799 -6.721361 1.6960127 16.259855 3.114919662475586 0.9855477809906006
Car 0.0 0 -1.642493486404419 630.0289916992188 171.23672485351562 667.8980102539062 204.10874938964844 3.5793405 1.4955292 1.5519003 1.7848927 1.4223083 34.62895 -1.5909956693649292 0.9570352435112
Car 0.0 0 0.41069838404655457 294.3970642089844 177.1084442138672 435.0007629394531 230.8973846435547 3.6550481 1.5283478 1.5872408 -7.325885 1.6615963 21.591557 0.08359289169311523 0.9373205900192261
Car 0.0 0 0.2790810465812683 391.0985107421875 177.6339111328125 491.7106018066406 212.31565856933594 3.8689268 1.4154305 1.5696821 -7.136253 1.624133 30.567232 0.0497281551361084 0.8362374305725098
Car 0.0 0 2.9873311519622803 441.5931396484375 175.45762634277344 506.8432312011719 203.128662109375 3.5797522 1.5752369 1.6855843 -8.083789 1.734813 42.727844 2.8003487586975098 0.6565867066383362
Car 0.0 0 -0.7285904288291931 1016.6849365234375 158.63494873046875 1242.0 375.0 4.2568808 1.6216326 1.618187 5.9601793 1.5205499 6.0567045 0.048775434494018555 0.27393776178359985
Car 0.0 0 -2.6625185012817383 1164.013671875 160.9579315185547 1242.0 375.0 4.128183 1.5617254 1.7099451 4.364229 1.5553446 2.5040185 -1.6126238107681274 0.2017395794391632
