Car 0.0 0 -1.6943676471710205 657.2765502929688 180.3997039794922 723.8470458984375 231.44461059570312 3.974743 1.4188638 1.5741239 2.3918524 1.6770153 22.646603 -1.5891413688659668 0.9979792237281799
Car 0.0 0 3.799724817276001 0.0 189.1300811767578 247.25274658203125 354.54461669921875 4.113314 1.5667043 1.6547209 -6.503706 1.7653397 7.8967857 3.110764980316162 0.9959101676940918
Car 0.0 0 -0.6909440755844116 921.2062377929688 183.7240753173828 1242.0 336.4915771484375 4.079341 1.485816 1.6117493 5.8133726 1.6223141 8.0915365 -0.06794191151857376 0.9952002763748169
Car 0.0 0 -1.6768877506256104 648.4876708984375 177.57887268066406 692.7760620117188 213.43125915527344 3.7896092 1.4576085 1.5361986 2.570236 1.6784251 31.749985 -1.596111536026001 0.9922656416893005
Car 0.0 0 3.6706860065460205 0.0 197.30557250976562 304.20831298828125 308.72943115234375 3.8464737 1.3981397 1.5708693 -6.6773114 1.7774363 10.306676 3.0958147048950195 0.9755209684371948
Car 0.0 0 1.6176738739013672 551.7969360351562 178.38253784179688 579.5714721679688 201.381591796875 3.9179766 1.3995183 1.6190857 -2.8691912 1.7737459 46.82129 1.5564707517623901 0.9656021595001221
Car 0.0 0 0.911805272102356 0.0 191.82981872558594 56.06089401245117 375.0 3.8260832 1.6326833 1.6089429 -6.7739043 1.7991304 5.469559 0.020273447036743164 0.9043822884559631
Car 0.0 0 3.376593589782715 340.3787536621094 180.1124725341797 474.4446105957031 230.52105712890625 3.934443 1.5644795 1.6695265 -6.57683 1.8109967 23.559603 3.1043667793273926 0.861421525478363
Car 0.0 0 0.415823757648468 220.48838806152344 187.39361572265625 437.302490234375 258.3150329589844 4.2494903 1.4695097 1.6435953 -6.272488 1.8158846 16.247053 0.047384023666381836 0.7671588659286499
Car 0.0 0 0.032146155834198 338.46929931640625 179.69329833984375 466.5765380859375 226.2784423828125 4.268231 1.5544991 1.723382 -7.396529 1.8125767 25.8295 -0.246750146150589 0.6043584942817688
Car 0.0 0 0.2513350248336792 405.2644958496094 181.59161376953125 515.76611328125 220.1348114013672 4.0679846 1.4758203 1.6062082 -5.9824934 1.8374404 28.931026 0.04742431640625 0.6000754833221436
Car 0.0 0 -1.599899411201477 635.4415893554688 178.1881103515625 658.5419921875 199.63192749023438 3.7984617 1.4075696 1.4892921 2.5153008 1.7934036 50.225716 -1.5498613119125366 0.571527898311615
