Pedestrian 0.0 0 0.6341472864151001 282.74444580078125 173.54916381835938 395.9794921875 334.0609436035156 1.0415148 1.7504709 0.65711325 -3.06002 1.6651192 8.291144 0.28058481216430664 0.9541860222816467
Pedestrian 0.0 0 0.8912972211837769 947.8095703125 147.03460693359375 1069.743408203125 346.9100646972656 0.8701153 1.8802009 0.6680443 4.026534 1.5573645 7.240461 1.398823618888855 0.9132655262947083
Pedestrian 0.0 0 0.1049184501171112 705.3016967773438 185.9716033935547 760.173828125 299.5504150390625 0.7322603 1.5942571 0.608341 1.8835329 1.6634269 10.505423 0.28232502937316895 0.8550278544425964
Pedestrian 0.0 0 2.919325113296509 691.1358032226562 178.3247528076172 743.2318115234375 284.8985900878906 0.73927486 1.7215941 0.5900968 1.8690262 1.6715934 11.920413 3.0748510360717773 0.5533127784729004
Pedestrian 0.0 0 -1.574355959892273 690.0021362304688 181.94650268554688 707.6768798828125 224.8973846435547 0.8508399 1.6169738 0.660527 3.7085714 1.6353816 27.514734 -1.4403784275054932 0.32582637667655945
Pedestrian 0.0 0 -0.38788527250289917 759.8333740234375 173.53656005859375 875.7523803710938 336.58447265625 1.0549177 1.6883575 0.5950847 2.277976 1.6072594 7.7860503 -0.10325752198696136 0.3216176927089691
Pedestrian 0.0 0 1.2177503108978271 387.09661865234375 174.79031372070312 446.6238098144531 289.27490234375 0.924447 1.6628085 0.5949568 -2.8743925 1.5666672 10.979991 0.9617114067077637 0.24909384548664093
Pedestrian 0.0 0 3.021359920501709 625.1279296875 175.67340087890625 671.6911010742188 247.8038330078125 1.0648664 1.7289807 0.64394224 1.1053941 1.5905131 17.568003 3.084197998046875 0.24390332400798798
Pedestrian 0.0 0 -1.153773307800293 183.13619995117188 186.87179565429688 264.2177734375 328.2898864746094 0.8521819 1.6132814 0.5726992 -4.5831356 1.6828024 8.670664 -1.6400222778320312 0.2088906317949295
Pedestrian 0.0 0 1.079758644104004 735.0447387695312 168.23976135253906 793.0153198242188 270.3478088378906 0.8672325 1.7830355 0.6985909 2.9012516 1.5527582 13.0527115 1.2984750270843506 0.20561401546001434
Pedestrian 0.0 0 -1.9321943521499634 752.8920288085938 179.4205322265625 833.475341796875 325.1027526855469 1.0564086 1.6873558 0.6216382 2.2956471 1.6646185 8.876165 -1.6791094541549683 0.19523878395557404
Pedestrian 0.0 0 -1.7461886405944824 667.9664306640625 177.43423461914062 689.1635131835938 222.31983947753906 1.0275007 1.6831559 0.63415307 2.9226663 1.5317266 27.468578 -1.64018714427948 0.15023423731327057
Pedestrian 0.0 0 0.919080376625061 748.0386352539062 158.43441772460938 816.6495971679688 283.35638427734375 0.907155 1.907376 0.64622295 2.8426762 1.5565013 11.510045 1.1612085103988647 0.13261528313159943
Pedestrian 0.0 0 0.20095844566822052 486.9832763671875 180.0538330078125 528.1572265625 240.83360290527344 1.0271717 1.6697907 0.692338 -2.6501534 1.6312149 20.113287 0.06995177268981934 0.11959467828273773
Cyclist 0.0 0 -1.0999089479446411 622.5726928710938 179.68475341796875 676.2645874023438 254.59732055664062 1.6059128 1.7579883 0.6679464 1.1689785 1.7165927 17.715511 -1.0340182781219482 0.8277941942214966
Cyclist 0.0 0 3.087796449661255 369.773193359375 168.31436157226562 476.9267883300781 279.9385070800781 1.584718 1.6608459 0.56129265 -2.8172905 1.4659657 11.188023 2.8411121368408203 0.3877238929271698
Cyclist 0.0 0 0.24400807917118073 171.49000549316406 192.50376892089844 323.5446472167969 325.8689270019531 1.5208007 1.494045 0.6673364 -4.240087 1.6348078 8.612158 -0.21349065005779266 0.3362336754798889
Cyclist 0.0 0 1.9934805631637573 277.3976745605469 173.74588012695312 374.6923828125 335.2416076660156 1.2008315 1.721906 0.6101088 -3.180869 1.6405891 8.272887 1.626413106918335 0.2538842558860779
Cyclist 0.0 0 -0.26315194368362427 677.5751953125 179.56988525390625 719.702880859375 226.4901580810547 1.4691111 1.7624451 0.6665839 3.682033 1.6909761 27.405312 -0.1295969933271408 0.20478583872318268
Car 0.0 0 1.6362093687057495 544.970703125 182.453125 592.0061645507812 223.42050170898438 4.2206035 1.5857662 1.6910003 -1.3249304 1.62938 30.028309 1.5921152830123901 0.9988304972648621
Car 0.0 0 1.451967477798462 606.9002685546875 188.9288330078125 689.822998046875 259.3315734863281 3.631099 1.5242361 1.6009015 1.0275553 1.7287772 17.802727 1.5096224546432495 0.1154051348567009
