Pedestrian 0.0 0 -3.275303363800049 698.6286010742188 168.30899047851562 759.9974365234375 263.40863037109375 1.074782 1.7712555 0.64630556 2.3884754 1.5268317 13.720238 -3.1029465198516846 0.9083122611045837
Pedestrian 0.0 0 -1.5006356239318848 762.3484497070312 167.4722137451172 786.8561401367188 224.9335479736328 0.6117062 1.6515435 0.65765494 5.045456 1.2494984 21.034248 -1.2652149200439453 0.6110655665397644
Pedestrian 0.0 0 -1.944068193435669 0.0 78.35467529296875 134.31565856933594 374.0 0.9951279 1.786917 0.6690379 -2.2920146 1.5123888 2.4347243 -2.6992835998535156 0.2358042597770691
Pedestrian 0.0 0 -2.4332115650177 536.2311401367188 176.7286834716797 555.7695922851562 205.87281799316406 0.8595085 1.5441501 0.6038486 -2.9792502 1.2921937 38.55446 -2.5103321075439453 0.18842925131320953
Pedestrian 0.0 0 -1.4680055379867554 510.66973876953125 174.3435821533203 522.7532348632812 204.81129455566406 0.6532941 1.6952163 0.6103499 -4.751347 1.2978458 40.29643 -1.5853735208511353 0.1590530425310135
Cyclist 0.0 0 1.3287477493286133 542.3829345703125 174.15142822265625 560.826171875 204.61732482910156 1.3756478 1.6590992 0.71066374 -2.7753239 1.259739 39.87982 1.2592675685882568 0.1574004888534546
Car 0.0 0 -1.6287764310836792 648.4682006835938 172.78610229492188 685.3974609375 209.12400817871094 3.6929874 1.7155908 1.6098422 3.2071242 1.3051026 35.782383 -1.5393867492675781 0.9298214316368103
Car 0.0 0 -1.6039996147155762 675.84033203125 182.6724090576172 729.0443725585938 230.18243408203125 3.3958738 1.4046108 1.563794 3.1554804 1.446255 23.0901 -1.4681814908981323 0.6315534710884094
Car 0.0 0 1.9434423446655273 39.33818817138672 142.589599609375 442.8626708984375 374.0 4.2418175 1.8336768 1.6630863 -2.7563338 1.5938765 6.590352 1.5473133325576782 0.4956633150577545
Car 0.0 0 1.9040768146514893 523.4737548828125 180.68582153320312 568.141357421875 203.42156982421875 4.207111 1.4550799 1.7079953 -3.6675634 1.4036806 48.222187 1.82816743850708 0.4937174916267395
Car 0.0 0 -2.98001766204834 495.14923095703125 176.87637329101562 566.7598876953125 205.78765869140625 3.669233 1.5413463 1.7153901 -3.81896 1.2956865 39.268375 -3.076965570449829 0.41314998269081116
Car 0.0 0 -2.7634615898132324 0.0 0.0 1238.0 374.0 3.8890224 1.5193876 1.6350691 2.8006458 1.5837736 1.0895886 -1.5636955499649048 0.1639198213815689
