Car 0.0 0 -1.9787559509277344 694.59912109375 187.4713897705078 983.3046875 375.0 3.6636577 1.5222371 1.6220057 2.1552045 1.7244495 8.030926 -1.7165703773498535 0.9992020726203918
Car 0.0 0 1.9093050956726074 0.0 211.5977783203125 280.9351806640625 375.0 4.0104566 1.4862175 1.6319779 -4.7998657 2.005487 7.5228634 1.3413856029510498 0.9990189075469971
Car 0.0 0 -1.7802093029022217 628.70166015625 188.68885803222656 756.5099487304688 290.2325439453125 3.2821133 1.4563934 1.5235617 1.2531496 1.7708718 12.595689 -1.6810452938079834 0.99460369348526
Car 0.0 0 -2.3289201259613037 887.47265625 205.5149688720703 1242.0 375.0 3.5938535 1.4574544 1.5224432 2.713476 1.686403 3.2102478 -1.6271876096725464 0.9921464323997498
Car 0.0 0 -1.7209651470184326 559.745361328125 186.57595825195312 645.184814453125 259.3302307128906 3.4105222 1.5437424 1.5897692 -0.3265868 1.9172895 17.806112 -1.7393044233322144 0.9920509457588196
Car 0.0 0 1.7987269163131714 221.57192993164062 209.91635131835938 358.60882568359375 304.7952575683594 3.6870546 1.3965414 1.6362375 -6.12247 2.2225642 14.110572 1.3893485069274902 0.9874416589736938
Car 0.0 0 1.7928979396820068 338.2589416503906 194.5370635986328 410.2950134277344 246.77525329589844 3.5999532 1.5399545 1.5851504 -8.015831 2.338147 24.6813 1.4788709878921509 0.9310256242752075
Car 0.0 0 -1.3888458013534546 521.95703125 192.01400756835938 576.1382446289062 231.76953125 3.6560063 1.4615669 1.6288147 -2.5319993 2.3157961 30.253593 -1.4723436832427979 0.7861420512199402
Car 0.0 0 2.618131160736084 0.0 216.93673706054688 136.9558563232422 375.0 4.053503 1.6034058 1.6380227 -3.7519076 1.8694487 2.2984405 1.596971869468689 0.7169163227081299
Car 0.0 0 1.8453892469406128 394.9735412597656 190.8472900390625 436.7738037109375 218.1777801513672 3.792798 1.576893 1.6085865 -12.365701 2.7730665 46.043835 1.5830166339874268 0.37912803888320923
