Pedestrian 0.0 0 -1.6099002361297607 574.325927734375 162.55642700195312 597.97509765625 244.30580139160156 0.81266767 1.6233181 0.44832334 -0.35726893 1.248398 14.6812725 -1.6342304944992065 0.9367147088050842
Pedestrian 0.0 0 0.6072520613670349 634.499755859375 160.39772033691406 689.6728515625 249.70762634277344 0.94137186 1.7767376 0.63458157 1.2122929 1.358174 14.832118 0.688805103302002 0.9042164087295532
Pedestrian 0.0 0 1.594760775566101 313.0968322753906 170.25364685058594 340.7794189453125 245.61404418945312 0.8036694 1.7085929 0.5867773 -6.4319243 1.4548252 16.760706 1.2283408641815186 0.8494095206260681
Pedestrian 0.0 0 -0.2109808325767517 830.1044311523438 154.5927276611328 946.7191772460938 314.4175720214844 1.0982368 1.694819 0.61842644 3.1201758 1.4108483 8.007797 0.16056466102600098 0.7962644696235657
Pedestrian 0.0 0 -1.7516136169433594 762.0401000976562 168.4049072265625 842.567626953125 339.5503234863281 0.799338 1.588493 0.62445074 1.9097258 1.4683266 7.088632 -1.4884546995162964 0.7795898914337158
Pedestrian 0.0 0 0.20020411908626556 679.1412353515625 154.6576690673828 737.9923706054688 250.1366729736328 0.9969411 1.7274984 0.56619734 1.9670249 1.2431097 13.429432 0.3456411361694336 0.7770442962646484
Pedestrian 0.0 0 -3.825699806213379 1127.087646484375 129.1177520751953 1238.0 304.0660095214844 0.94301385 1.7597684 0.6455549 6.18389 1.234233 7.546853 -3.1392412185668945 0.6826879382133484
Pedestrian 0.0 0 -2.6860461235046387 1088.9866943359375 151.53176879882812 1219.080322265625 327.8228759765625 0.90033454 1.6456866 0.5189632 5.482489 1.3673072 7.2218323 -2.0367116928100586 0.30694934725761414
Pedestrian 0.0 0 1.129507064819336 607.12353515625 163.67076110839844 647.7425537109375 248.3618927001953 0.75134283 1.6515133 0.54656315 0.47798595 1.3050871 14.458517 1.162554144859314 0.210856094956398
Pedestrian 0.0 0 -2.480536937713623 99.50489044189453 169.2061004638672 190.88584899902344 284.6207275390625 1.1735263 1.8773023 0.59668916 -7.6713624 1.678624 12.033454 -3.048076629638672 0.15240296721458435
Pedestrian 0.0 0 -0.37882840633392334 953.167724609375 125.13911437988281 1008.8081665039062 217.33175659179688 0.8050315 1.7856025 0.6137706 7.4822373 0.69524837 14.2574 0.10445928573608398 0.11896542459726334
Car 0.0 0 1.8332786560058594 387.4883728027344 158.54666137695312 534.29638671875 265.67535400390625 4.079147 1.7390803 1.727795 -2.531941 1.3677571 13.760972 1.6513195037841797 0.8940664529800415
Car 0.0 0 1.7133901119232178 385.0541076660156 167.0002899169922 462.05413818359375 228.5089569091797 4.0186086 1.6101876 1.6101583 -5.0890746 1.2317814 20.879635 1.4743175506591797 0.3217705488204956
