Car 0.0 0 -1.7868045568466187 636.2784423828125 169.54258728027344 709.2982788085938 222.43258666992188 3.600132 1.5963299 1.6335707 1.9297471 1.4967427 23.668184 -1.7054511308670044 0.9981252551078796
Car 0.0 0 -1.7841435670852661 686.5325927734375 172.18544006347656 850.3228149414062 295.8690185546875 3.7938607 1.5651472 1.6022128 2.1582887 1.5570447 11.040713 -1.5910935401916504 0.9961788654327393
Car 0.0 0 2.5175423622131348 0.0 223.89572143554688 149.2849578857422 375.0 3.701586 1.3789958 1.5983137 -3.546576 1.6827816 2.415542 1.5446685552597046 0.989651620388031
Car 0.0 0 3.695479393005371 27.31084632873535 182.38975524902344 259.70062255859375 259.5033874511719 3.6987493 1.4532696 1.5266899 -9.354573 1.6569061 14.58507 3.125187873840332 0.9886435866355896
Car 0.0 0 -1.4853816032409668 475.8747253417969 171.30828857421875 537.2496948242188 220.5211639404297 4.134601 1.5370759 1.7244148 -3.4884079 1.489156 24.644909 -1.625994324684143 0.9882783889770508
Car 0.0 0 -1.424875020980835 489.0868835449219 169.16192626953125 544.8807373046875 214.9730987548828 4.137994 1.7712941 1.7137514 -3.8274338 1.6288977 29.980452 -1.5518524646759033 0.9781820774078369
Car 0.0 0 3.8055851459503174 0.0 192.19699096679688 66.43891906738281 363.45745849609375 4.2010355 1.5094819 1.5468464 -8.675743 1.7479398 7.7458687 2.9636223316192627 0.8981267213821411
Car 0.0 0 3.892441511154175 0.0 196.97482299804688 46.89783477783203 275.733642578125 4.137489 1.4478188 1.6604322 -14.22847 1.9675972 14.664629 3.1221377849578857 0.46737608313560486
Car 0.0 0 1.640552043914795 516.6622314453125 170.23486328125 551.7342529296875 203.2069854736328 4.2042294 1.671635 1.5830584 -4.0510917 1.5392066 38.706272 1.5362693071365356 0.3713477849960327
Car 0.0 0 -1.6681634187698364 625.0175170898438 173.53184509277344 672.6236572265625 214.19175720214844 3.794903 1.5685877 1.5893995 1.5021591 1.5987875 29.830072 -1.6178487539291382 0.32695990800857544
