Car 0.0 0 -1.2971220016479492 381.33587646484375 181.9513397216797 441.6031188964844 217.1913604736328 3.7110686 1.413914 1.5363414 -8.342253 1.2840718 30.700333 -1.5624470710754395 0.9995918869972229
Car 0.0 0 -1.6806199550628662 650.6814575195312 182.22605895996094 701.2003173828125 218.98513793945312 4.2719326 1.430411 1.6310793 2.7464767 1.3152066 30.120157 -1.589687466621399 0.9992701411247253
Car 0.0 0 -1.393112301826477 437.667724609375 183.06118774414062 511.7738342285156 237.7852325439453 3.3479514 1.4621329 1.5461537 -3.8219047 1.4056994 20.879381 -1.5741548538208008 0.9982567429542542
Car 0.0 0 -1.7615646123886108 701.8088989257812 184.4207000732422 807.76904296875 262.6548767089844 3.2838206 1.4784311 1.5712535 2.945407 1.4645383 15.222999 -1.5704421997070312 0.9952671527862549
Car 0.0 0 -1.2167081832885742 242.75048828125 190.62452697753906 444.0553283691406 309.64263916015625 3.5903482 1.4338355 1.6066917 -3.7129042 1.5285937 10.630271 -1.5527383089065552 0.9949575066566467
Car 0.0 0 1.485918641090393 623.5191040039062 177.8262939453125 645.23046875 195.77061462402344 3.45975 1.4344819 1.4949263 2.1541655 0.8448993 59.226192 1.5222744941711426 0.9918214678764343
Car 0.0 0 -1.6229177713394165 587.0177612304688 179.52691650390625 611.8101196289062 199.71482849121094 3.7263288 1.437236 1.6327223 -0.6655812 1.033367 53.085636 -1.6354550123214722 0.9888764023780823
Car 0.0 0 -1.4026830196380615 480.06182861328125 179.06759643554688 537.1799926757812 220.25820922851562 4.167352 1.56008 1.6323007 -4.0008435 1.3283546 29.33177 -1.5382461547851562 0.9847695827484131
Car 0.0 0 -0.9418659806251526 0.0 188.8253173828125 182.10720825195312 321.12933349609375 4.1701493 1.4939001 1.6088272 -8.15222 1.557604 10.343043 -1.6093603372573853 0.9744476079940796
Car 0.0 0 2.052673101425171 253.35073852539062 187.61465454101562 380.87335205078125 243.47178649902344 4.292814 1.407547 1.5466349 -8.1579075 1.4845468 20.515717 1.674201250076294 0.971059262752533
Car 0.0 0 1.773645043373108 428.5801086425781 176.39956665039062 471.8173828125 205.52098083496094 3.8566792 1.5582507 1.6308584 -8.825489 1.0876422 40.399456 1.5585682392120361 0.8076961040496826
