Car 0.0 0 0.6158767938613892 0.0 186.2625732421875 283.703125 323.4173583984375 3.5355055 1.6149707 1.6364456 -6.4917397 1.8077986 9.506677 0.01674628257751465 0.9985663294792175
Car 0.0 0 -1.6981282234191895 658.2665405273438 179.27398681640625 716.8453369140625 225.67779541015625 3.7930417 1.502378 1.5957512 2.6536202 1.7493988 25.803753 -1.5956499576568604 0.9981552958488464
Car 0.0 0 -1.7706146240234375 692.24951171875 178.05630493164062 816.806396484375 268.86920166015625 3.8889449 1.5669351 1.6865749 2.7133837 1.6869092 14.629462 -1.5872246026992798 0.9970216155052185
Car 0.0 0 -1.669662356376648 638.4642333984375 179.7468719482422 674.6031494140625 210.31320190429688 3.4978642 1.4911301 1.5413071 2.356421 1.8693285 37.773228 -1.607359766960144 0.9934060573577881
Car 0.0 0 0.39111584424972534 225.55511474609375 182.9154510498047 412.001220703125 251.09483337402344 3.7115998 1.4925886 1.5935816 -6.7507157 1.7393093 16.849274 0.01004648208618164 0.9929215312004089
Car 0.0 0 3.310337781906128 279.39117431640625 182.4198455810547 435.4234619140625 242.30935668945312 3.6620686 1.4591496 1.6216532 -6.5915976 1.7263987 19.02835 2.976865291595459 0.9775870442390442
Car 0.0 0 0.5577353239059448 76.93782043457031 184.04339599609375 381.2386169433594 291.1441345214844 4.2493296 1.599909 1.622686 -6.2278976 1.8007542 11.952344 0.07738137245178223 0.9768261909484863
Car 0.0 0 -1.7480747699737549 672.643798828125 185.5797119140625 750.0686645507812 244.43263244628906 3.594619 1.4573197 1.5431446 2.7361655 1.8512954 20.485205 -1.6152927875518799 0.9616383910179138
Car 0.0 0 3.5142693519592285 162.39486694335938 189.825927734375 406.38446044921875 267.81109619140625 4.123646 1.4106032 1.5714645 -6.3614693 1.7683 14.310047 3.0959606170654297 0.9584583640098572
Car 0.0 0 0.3504706919193268 307.97271728515625 171.98248291015625 471.7869567871094 234.8891143798828 4.3244042 1.784255 1.7431421 -6.507451 1.7598939 21.453773 0.055966854095458984 0.9301007986068726
Car 0.0 0 0.13444185256958008 381.5926818847656 176.0735626220703 498.2518310546875 219.60263061523438 4.282959 1.6417147 1.6958704 -6.6560016 1.7735496 28.414024 -0.09565979242324829 0.872320830821991
Car 0.0 0 0.07419675588607788 461.37127685546875 179.18643188476562 530.1530151367188 207.78042602539062 3.7362788 1.5635709 1.6455176 -6.45772 1.9310801 40.857677 -0.08256050944328308 0.6818171739578247
