Pedestrian 0.0 0 -0.09067735075950623 557.1365966796875 161.06541442871094 586.8186645507812 223.61297607421875 0.81089497 1.7955852 0.63396597 -1.0043 1.2392367 20.662842 -0.13924328982830048 0.6504376530647278
Pedestrian 0.0 0 -1.2250030040740967 250.77813720703125 174.51138305664062 285.1246337890625 238.32167053222656 0.9108287 1.7223552 0.5858004 -9.35084 1.5622929 19.56197 -1.670905351638794 0.333318293094635
Pedestrian 0.0 0 -1.075927495956421 274.265869140625 175.91554260253906 307.1231689453125 231.66502380371094 0.95041704 1.6492176 0.5220637 -9.539495 1.5151615 21.404991 -1.495172142982483 0.12180252373218536
Cyclist 0.0 0 2.0105338096618652 200.57882690429688 176.97128295898438 246.3192138671875 233.3993682861328 1.7413512 1.735372 0.6071021 -12.214682 1.6284074 22.625511 1.5155065059661865 0.6861382722854614
Cyclist 0.0 0 -0.7847055196762085 293.8732604980469 167.95143127441406 363.95404052734375 241.78221130371094 1.773451 1.8168211 0.62252164 -7.162409 1.5096241 18.331083 -1.1571905612945557 0.4141533672809601
Cyclist 0.0 0 -3.3236794471740723 760.6399536132812 154.59310913085938 792.29638671875 196.98095703125 1.3090551 1.8790182 0.48352382 7.6427326 0.7320537 31.615368 -3.086488962173462 0.13868269324302673
Car 0.0 0 -1.278548002243042 362.8547668457031 181.82119750976562 497.8326110839844 264.7203369140625 3.7452066 1.3775074 1.5045499 -3.258372 1.408341 13.718256 -1.5117475986480713 0.998251736164093
Car 0.0 0 1.6936802864074707 474.458740234375 169.63107299804688 501.4190673828125 192.4835662841797 4.061173 1.6887388 1.5589495 -8.942243 0.8868268 54.304436 1.5304762125015259 0.9786030650138855
Car 0.0 0 -1.6204828023910522 673.8219604492188 168.7946014404297 692.8474731445312 185.03396606445312 3.7466583 1.4439417 1.5434359 7.1754875 0.40431696 64.77976 -1.5101650953292847 0.16894599795341492
Car 0.0 0 2.0407986640930176 1203.421630859375 98.60762786865234 1224.0 370.0 4.3753977 1.6088257 1.6114082 5.2888546 1.3694309 2.974484 3.0992770195007324 0.12383667379617691
