Car 0.0 0 -1.9071018695831299 761.6116333007812 183.01400756835938 975.8186645507812 309.5416564941406 4.168564 1.4559939 1.6137612 3.4916706 1.6372011 10.739205 -1.5927495956420898 0.9989758729934692
Car 0.0 0 -1.7857816219329834 725.8773193359375 181.8214111328125 840.041015625 260.62115478515625 3.8550012 1.4769074 1.6174688 3.6076813 1.6988828 15.894972 -1.56259286403656 0.9986280202865601
Car 0.0 0 2.0244758129119873 140.42556762695312 189.0193328857422 387.95843505859375 328.02056884765625 3.952975 1.5518343 1.6272105 -4.7600675 1.8326517 10.516556 1.599440097808838 0.9985042810440063
Car 0.0 0 1.7293740510940552 506.9731750488281 177.18389892578125 550.434326171875 211.0189208984375 4.0334907 1.5873774 1.5632464 -4.082331 1.8186425 36.424564 1.6177635192871094 0.9980438947677612
Car 0.0 0 -2.167428493499756 897.210205078125 184.169677734375 1242.0 375.0 3.735377 1.491981 1.6072901 3.6572552 1.6067846 5.4243927 -1.5742123126983643 0.9980340600013733
Car 0.0 0 2.3185036182403564 0.0 203.6820526123047 200.4224853515625 375.0 3.9217908 1.4756774 1.5685983 -4.7783465 1.774524 5.0118847 1.556955099105835 0.9939835667610168
Car 0.0 0 -1.7471592426300049 708.2072143554688 180.34947204589844 787.2540283203125 236.0357208251953 3.6111324 1.4843215 1.6860917 3.9639559 1.7271476 21.527626 -1.5650655031204224 0.9919894337654114
Car 0.0 0 1.8450591564178467 319.963623046875 187.1239776611328 453.7397155761719 266.6316223144531 4.391502 1.4214267 1.6585137 -4.763305 1.7799777 15.899279 1.55397629737854 0.985471248626709
Car 0.0 0 -1.7050621509552002 692.4993896484375 181.9867706298828 755.0126953125 224.90884399414062 4.1949744 1.4255456 1.7410725 4.117952 1.7940712 26.972279 -1.553558588027954 0.9820063710212708
Car 0.0 0 1.7064526081085205 485.54754638671875 181.407958984375 531.2894287109375 216.65692138671875 3.2807302 1.4324521 1.5655736 -4.4600964 1.8288482 31.760193 1.566934585571289 0.9628708362579346
