Car 0.0 0 -1.1599290370941162 222.43955993652344 181.81886291503906 352.6529235839844 243.76658630371094 4.2821045 1.4760044 1.5929286 -8.434659 1.3962007 19.26659 -1.5725802183151245 0.9997666478157043
Car 0.0 0 -1.325361967086792 388.8945617675781 183.13958740234375 480.9757995605469 234.57260131835938 3.719452 1.3424559 1.7093258 -4.885888 1.2893984 20.62969 -1.5579147338867188 0.9989215135574341
Car 0.0 0 -1.5677934885025024 579.8385009765625 173.4709014892578 629.892333984375 222.62611389160156 4.4433966 1.6271117 1.6569929 -0.14240283 1.2394727 26.015173 -1.5732672214508057 0.9921650886535645
Car 0.0 0 1.6600337028503418 518.2100830078125 174.71099853515625 549.8255615234375 202.79718017578125 3.6711733 1.5999043 1.553043 -4.3755445 1.0026444 42.79048 1.5581327676773071 0.985421359539032
Car 0.0 0 -1.0458850860595703 0.0 166.51663208007812 350.8876037597656 376.0 4.4814777 1.7235634 1.6519873 -4.491573 1.5789922 7.842175 -1.5660237073898315 0.9747231602668762
Car 0.0 0 -1.2379004955291748 350.899169921875 177.70506286621094 403.1440124511719 204.15086364746094 4.098589 1.4551319 1.63011 -13.313 1.0430043 41.617695 -1.547501802444458 0.8416803479194641
Car 0.0 0 1.766918659210205 384.62115478515625 180.03614807128906 434.4266052246094 212.5390167236328 3.908785 1.4089265 1.4813393 -9.109739 1.1855365 33.159622 1.4988092184066772 0.4270673096179962
Car 0.0 0 1.7024407386779785 524.2656860351562 181.02830505371094 550.2800903320312 200.2360382080078 3.6091924 1.399914 1.4938864 -5.301634 1.0958568 54.217556 1.604966163635254 0.39567995071411133
Car 0.0 0 2.231901168823242 0.0 186.44065856933594 125.6579818725586 336.6189880371094 4.18102 1.521913 1.574324 -8.470645 1.5428109 9.456096 1.5014187097549438 0.1304844617843628
Car 0.0 0 2.0726354122161865 229.4285125732422 187.5949249267578 288.6563720703125 214.7468719482422 3.0624382 1.4691606 1.7661011 -19.732767 1.6103626 40.74267 1.6216048002243042 0.11747510731220245
