Car 0.0 0 -1.9920603036880493 877.8302612304688 193.44097900390625 1242.0 375.0 3.2371972 1.4893811 1.5684179 2.805719 1.6669279 4.4971476 -1.434260606765747 0.9950182437896729
Car 0.0 0 -1.6752185821533203 769.35498046875 178.49781799316406 844.06591796875 242.4423370361328 3.4004 1.5116671 1.545339 5.08606 1.6760746 19.171234 -1.4158958196640015 0.9937064051628113
Car 0.0 0 2.155655860900879 0.0 178.8778839111328 470.221435546875 375.0 3.6775782 1.5570849 1.5836447 -2.4997995 1.618973 5.4291477 1.7241536378860474 0.992500364780426
Car 0.0 0 -1.3276262283325195 454.7712097167969 178.6600341796875 596.0014038085938 284.1876220703125 3.4978337 1.4769996 1.5384358 -1.3163314 1.5898044 12.134832 -1.4356791973114014 0.9890505075454712
Car 0.0 0 1.6361918449401855 617.8865966796875 168.65231323242188 663.344970703125 208.13946533203125 4.042296 1.630185 1.746888 1.373152 1.4570816 31.888985 1.6792256832122803 0.9880621433258057
Car 0.0 0 1.6785595417022705 639.162841796875 172.3388671875 679.797607421875 203.49671936035156 4.0192137 1.5378803 1.698778 2.6028402 1.5128123 37.7383 1.7474212646484375 0.7014362215995789
Car 0.0 0 -3.0020885467529297 0.0 0.0 1242.0 375.0 4.1431565 1.5618397 1.6561215 2.6232095 1.5112464 0.48197562 -1.613000750541687 0.2878274619579315
Car 0.0 0 -1.6100343465805054 762.578857421875 176.41322326660156 816.2761840820312 227.21795654296875 3.5055618 1.5407059 1.5807381 5.857936 1.6687932 24.016188 -1.3707897663116455 0.24222728610038757
Car 0.0 0 0.4661281108856201 469.84326171875 172.4761505126953 581.5945434570312 216.0745849609375 3.6915786 1.4905502 1.574448 -3.0769238 1.4779899 26.0355 0.348491907119751 0.2405748963356018
Car 0.0 0 -1.6990693807601929 740.3755493164062 171.9907989501953 766.862548828125 193.50405883789062 3.4373214 1.5986342 1.5617636 10.965517 1.5348477 55.381363 -1.5035974979400635 0.13242734968662262
