Car 0.0 0 -2.008110284805298 791.9684448242188 203.3122100830078 1242.0 375.0 4.2479215 1.3228794 1.6931196 2.6999767 1.6480643 5.555755 -1.555742859840393 0.9984471201896667
Car 0.0 0 -0.40580299496650696 796.1272583007812 179.60040283203125 1039.8604736328125 261.2454833984375 4.2920237 1.5644886 1.6981909 6.148704 1.7118807 14.845586 -0.013134894892573357 0.9974355101585388
Car 0.0 0 0.36032748222351074 251.32559204101562 172.24647521972656 436.1442565917969 243.23431396484375 3.7621126 1.596133 1.6466515 -6.2435713 1.5828309 17.061949 0.009527444839477539 0.9931865930557251
Car 0.0 0 3.8001089096069336 0.0 198.4233856201172 276.86871337890625 371.37640380859375 4.1593595 1.3681718 1.6088574 -5.668162 1.6418982 6.8374434 3.107940435409546 0.9924101829528809
Car 0.0 0 -0.32064205408096313 760.84130859375 178.1792755126953 903.0474243164062 227.43284606933594 3.891085 1.4505601 1.5951469 6.734839 1.6216553 22.280964 -0.027105165645480156 0.988012433052063
Car 0.0 0 0.305101215839386 299.74591064453125 179.6383819580078 470.25067138671875 235.38023376464844 4.1282253 1.4338558 1.577868 -6.053398 1.6255817 19.55086 0.004839420318603516 0.9762228727340698
Car 0.0 0 -0.41871893405914307 918.8094482421875 183.51229858398438 1242.0 305.5550842285156 3.7609522 1.5455192 1.6638584 6.6184998 1.7161326 10.424777 0.14695477485656738 0.9713544249534607
Car 0.0 0 0.5346903204917908 377.4109191894531 175.77769470214844 507.76544189453125 224.09165954589844 4.0225725 1.5258237 1.607363 -5.674205 1.6303028 24.321812 0.3054928779602051 0.9708409905433655
Car 0.0 0 -1.6074888706207275 640.7525024414062 179.17742919921875 665.8097534179688 201.38351440429688 3.795746 1.4087937 1.5456226 2.862766 1.8534297 48.777546 -1.5488659143447876 0.9530249834060669
Car 0.0 0 2.8637726306915283 743.945556640625 176.74612426757812 868.468017578125 221.52337646484375 3.8098552 1.4681317 1.5817863 6.5852084 1.6057432 24.619703 3.125131607055664 0.8814282417297363
Car 0.0 0 3.313488245010376 382.1749572753906 179.24530029296875 503.384765625 220.93479919433594 4.124579 1.4623412 1.5911852 -6.1077456 1.7054217 26.491901 3.0868961811065674 0.7775620222091675
