Car 0.0 0 2.6214632987976074 857.5303344726562 178.0023193359375 1178.6090087890625 280.4014892578125 4.201192 1.4873877 1.557082 6.2210326 1.5748188 11.380457 3.1217246055603027 0.9982423782348633
Car 0.0 0 0.5499099493026733 0.0 189.39315795898438 325.42242431640625 302.7621765136719 3.9744449 1.5194211 1.6361986 -6.594767 1.7845542 10.727701 -0.001278705894947052 0.9980905652046204
Car 0.0 0 3.4898974895477295 167.99766540527344 186.08326721191406 392.31964111328125 260.8495788574219 4.001349 1.4467031 1.624238 -6.8778105 1.7444785 15.258606 3.066420316696167 0.9978406429290771
Car 0.0 0 -1.6563080549240112 635.7227172851562 181.27645874023438 676.49267578125 213.89569091796875 4.2479124 1.4274867 1.5927752 2.127398 1.8593721 34.822685 -1.5952916145324707 0.9976868629455566
Car 0.0 0 -0.6654477715492249 945.239013671875 179.8728485107422 1242.0 312.5863037109375 3.7503068 1.434115 1.477503 6.2022233 1.5272199 8.706606 -0.046475719660520554 0.997631311416626
Car 0.0 0 3.79123592376709 0.0 186.13584899902344 250.01315307617188 340.7284851074219 3.7848754 1.5718873 1.6786429 -6.5335417 1.7419317 8.349091 3.1272292137145996 0.9948309063911438
Car 0.0 0 2.2352278232574463 1065.4521484375 172.41688537597656 1242.0 375.0 3.7830498 1.5102153 1.5923373 6.1784143 1.5074422 6.185111 3.0200843811035156 0.9927839040756226
Car 0.0 0 -0.42154479026794434 834.2802734375 182.6439666748047 1082.409423828125 261.44500732421875 4.0372963 1.406429 1.4844431 6.500655 1.6052293 13.845543 0.017416715621948242 0.9851698279380798
Car 0.0 0 3.9761393070220947 0.0 202.15286254882812 59.5224609375 375.0 3.747502 1.482592 1.6139473 -7.0944314 1.7596508 5.93027 3.1015970706939697 0.9769189953804016
Car 0.0 0 2.625466823577881 766.1220092773438 177.9286651611328 956.6356201171875 249.1546173095703 3.8232222 1.5034674 1.6284178 5.6573715 1.6283458 16.547218 2.9549007415771484 0.9732053875923157
Car 0.0 0 0.22987370193004608 390.3240661621094 179.1737518310547 495.03961181640625 218.65737915039062 3.8294976 1.5306827 1.6897786 -6.727814 1.7933125 29.091433 0.0026047229766845703 0.9695799350738525
Car 0.0 0 2.8117787837982178 737.3726806640625 181.09225463867188 901.1732177734375 241.7972869873047 3.8983681 1.5273628 1.5991693 5.4714556 1.7584118 19.299248 3.088035821914673 0.9496603012084961
