Pedestrian 0.0 0 1.2218338251113892 777.0944213867188 164.95428466796875 816.5411376953125 248.92791748046875 0.8111092 1.7410407 0.5659665 4.1195536 1.3992319 15.319184 1.4845337867736816 0.8576447367668152
Pedestrian 0.0 0 -2.761260986328125 313.7967224121094 171.73609924316406 386.2781677246094 301.72454833984375 0.75197417 1.7176963 0.64573133 -3.470256 1.590002 9.827587 -3.1007070541381836 0.8328084349632263
Pedestrian 0.0 0 -2.42050838470459 350.9078063964844 179.9196319580078 464.3910217285156 336.0075988769531 1.0215291 1.6131195 0.6736462 -2.1865923 1.5981504 7.947417 -2.688997745513916 0.81535804271698
Pedestrian 0.0 0 1.4808584451675415 603.1591186523438 173.80133056640625 617.9204711914062 210.1110076904297 0.6688532 1.5224941 0.56714785 0.36768353 1.2006612 30.473236 1.492923617362976 0.7442817091941833
Pedestrian 0.0 0 0.2806341350078583 462.8462829589844 179.83877563476562 521.7894897460938 266.3763427734375 0.9423629 1.5513806 0.6147438 -2.0420282 1.5228702 13.239992 0.127608060836792 0.6753894686698914
Pedestrian 0.0 0 1.422210693359375 694.365478515625 169.18275451660156 714.2366943359375 221.08238220214844 0.94360125 1.7680831 0.5470937 3.542289 1.3495413 24.94301 1.5632826089859009 0.4068561792373657
Pedestrian 0.0 0 1.5241374969482422 582.5151977539062 174.43832397460938 604.7161865234375 239.87551879882812 0.99296135 1.7407146 0.5573677 -0.2521806 1.5540301 19.618212 1.5112837553024292 0.40257301926612854
Pedestrian 0.0 0 -2.587824821472168 607.8335571289062 173.32472229003906 627.593017578125 209.33102416992188 0.6744071 1.5672288 0.5666804 0.7051981 1.212346 31.6853 -2.5655722618103027 0.29837140440940857
Pedestrian 0.0 0 -1.7486613988876343 681.3555908203125 167.81130981445312 694.3958129882812 203.42250061035156 0.6670857 1.6808678 0.50620556 4.109115 1.0356679 34.25097 -1.6292612552642822 0.23512502014636993
Pedestrian 0.0 0 -0.4788738191127777 876.6846923828125 168.0435333251953 947.6973876953125 275.2013244628906 0.8640437 1.669374 0.60200566 4.928709 1.4610398 11.520445 -0.07461468130350113 0.23132117092609406
Cyclist 0.0 0 1.7214387655258179 460.90673828125 172.80953979492188 507.80584716796875 271.1979064941406 1.6879643 1.6905246 0.60749775 -2.1626973 1.5424836 13.187471 1.558889389038086 0.5256965160369873
Cyclist 0.0 0 -1.8254053592681885 646.701171875 165.0731201171875 669.7188110351562 209.53431701660156 1.5169156 1.7291671 0.5501243 2.2417836 1.091315 28.72958 -1.747532606124878 0.31727156043052673
Cyclist 0.0 0 1.7744804620742798 360.88824462890625 177.76666259765625 445.9623718261719 342.4918518066406 1.2586081 1.6686044 0.6673843 -2.1946924 1.632153 7.9239383 1.5042837858200073 0.24527306854724884
Car 0.0 0 -2.8849740028381348 0.0 0.0 1238.0 374.0 4.042729 1.5458456 1.628398 2.3284125 1.6223994 0.65663683 -1.5890496969223022 0.32251662015914917
Car 0.0 0 -1.6809144020080566 731.3724365234375 186.03858947753906 884.6295776367188 311.27557373046875 3.788407 1.4299278 1.6255623 2.7156894 1.5091196 10.335945 -1.42397940158844 0.20382197201251984
