Car 0.0 0 -1.726133108139038 706.0206298828125 176.93087768554688 783.8250122070312 238.58062744140625 3.6935556 1.5657467 1.5878416 3.673518 1.6921067 20.43324 -1.5482518672943115 0.9992408752441406
Car 0.0 0 -1.760696291923523 727.3846435546875 179.30514526367188 837.6902465820312 261.0268249511719 3.6038637 1.5049416 1.5989202 3.4932065 1.659358 15.400658 -1.5376484394073486 0.9989076852798462
Car 0.0 0 -1.6829379796981812 680.7688598632812 179.16278076171875 722.9555053710938 212.20692443847656 3.7385483 1.4446585 1.5597398 4.2526703 1.7599475 34.13775 -1.5590026378631592 0.9913761019706726
Car 0.0 0 0.5621691346168518 150.2063446044922 183.0489044189453 426.8280334472656 283.59490966796875 4.0962777 1.5393221 1.6356379 -5.469416 1.7302185 12.375373 0.14602160453796387 0.9857866764068604
Car 0.0 0 3.4022507667541504 308.75067138671875 182.14425659179688 470.0298767089844 241.18234252929688 3.802545 1.4717668 1.6072279 -5.7994885 1.7295731 19.12487 3.107821226119995 0.9810599684715271
Car 0.0 0 3.3426525592803955 378.4598388671875 179.17333984375 498.23046875 226.08221435546875 3.7317138 1.5285343 1.5686356 -5.8228145 1.7515604 24.578562 3.110034942626953 0.9802906513214111
Car 0.0 0 3.2626843452453613 449.1580810546875 181.36416625976562 545.1189575195312 215.67454528808594 3.9881845 1.4409646 1.612048 -4.9266396 1.8244165 31.605576 3.1080498695373535 0.9717599749565125
Car 0.0 0 -2.9116299152374268 427.7823181152344 177.1308135986328 530.9153442382812 218.6393585205078 3.814317 1.6064656 1.6118402 -5.24508 1.784143 29.010448 -3.0904972553253174 0.9138615131378174
Car 0.0 0 0.2082217037677765 408.4968566894531 180.0985107421875 524.58544921875 222.4727020263672 3.9737163 1.5071534 1.6615161 -5.309551 1.7853084 26.809298 0.01270294189453125 0.8866071701049805
Car 0.0 0 -2.416038751602173 0.0 179.02723693847656 315.1095275878906 335.169189453125 3.7479734 1.6270624 1.6469345 -5.7970057 1.7107875 8.670977 -3.0053460597991943 0.6668498516082764
Car 0.0 0 -2.3927135467529297 492.8475341796875 180.52186584472656 558.0479736328125 208.77874755859375 3.3619168 1.4304247 1.5217389 -4.6236043 1.8623414 39.00055 -2.5107150077819824 0.591881513595581
