Pedestrian 0.0 0 -0.09523461759090424 704.210693359375 169.25302124023438 722.971435546875 213.66810607910156 0.700611 1.7729982 0.5259241 4.129543 1.6296093 29.078936 0.045833587646484375 0.3525069057941437
Pedestrian 0.0 0 1.6084959506988525 434.6305236816406 174.35496520996094 464.2404479980469 255.17727661132812 1.098292 1.7361104 0.60777473 -3.624221 1.771233 16.113804 1.387263298034668 0.2852828800678253
Pedestrian 0.0 0 -1.754486322402954 513.3250122070312 171.9291229248047 535.1317138671875 216.73658752441406 1.4698694 1.8426154 0.65408546 -3.672533 1.8049402 30.468124 -1.8744444847106934 0.10599962621927261
Cyclist 0.0 0 1.6095764636993408 517.012939453125 173.67178344726562 533.41015625 218.55418395996094 1.6632273 1.8327271 0.6236781 -3.5978377 1.8684483 30.345295 1.491564154624939 0.8447580337524414
Cyclist 0.0 0 1.7814440727233887 462.11322021484375 173.9530029296875 503.41741943359375 254.46778869628906 1.4777305 1.7536594 0.63762075 -2.9359572 1.7802681 16.48261 1.605168342590332 0.48299768567085266
Car 0.0 0 2.1736767292022705 0.0 182.5927734375 278.8491516113281 375.0 3.98079 1.6959441 1.6689371 -4.9878235 1.817816 6.996283 1.5543289184570312 0.9956573247909546
Car 0.0 0 1.9038496017456055 496.1982421875 181.0753173828125 547.6072998046875 211.4375762939453 4.0812826 1.6057192 1.6943655 -5.0379004 2.1038008 41.506306 1.7830636501312256 0.9759495258331299
Car 0.0 0 -2.2597780227661133 865.8759765625 200.11402893066406 1242.0 375.0 3.7198985 1.480798 1.5814756 2.5898674 1.6760402 3.2797575 -1.5913788080215454 0.9131718277931213
Car 0.0 0 -1.629572868347168 638.2635498046875 176.89149475097656 667.8658447265625 203.3302001953125 3.7845147 1.5250419 1.5778377 2.5598233 1.7827108 44.088146 -1.571576476097107 0.8679736852645874
Car 0.0 0 1.796606421470642 395.8992004394531 182.94253540039062 477.575927734375 236.73182678222656 3.7996757 1.5031672 1.6939751 -5.4093227 1.8487495 22.781906 1.5634839534759521 0.820495069026947
