Car 0.0 0 -1.722477674484253 681.7289428710938 180.55825805664062 758.7899169921875 238.97946166992188 3.4212182 1.3947537 1.5240903 2.8246543 1.6205201 19.391819 -1.577832818031311 0.9983336329460144
Car 0.0 0 3.816969633102417 0.0 204.650634765625 242.58482360839844 375.0 4.152552 1.4128673 1.5922345 -6.152887 1.7641547 7.0823073 3.101679801940918 0.9954075217247009
Car 0.0 0 0.35287153720855713 262.6797790527344 180.65847778320312 456.63665771484375 247.8340301513672 4.010051 1.4886926 1.6494913 -5.863573 1.6829715 17.05735 0.02176976203918457 0.9946462512016296
Car 0.0 0 -2.0356645584106445 812.6212158203125 182.04562377929688 1242.0 375.0 3.523566 1.5289102 1.6274617 2.817568 1.6228852 5.5822964 -1.5682380199432373 0.9943132400512695
Car 0.0 0 -3.3401427268981934 731.9392700195312 169.06788635253906 859.4367065429688 218.3142547607422 3.9501166 1.6124235 1.6261456 6.18838 1.4888169 24.529839 -3.093019723892212 0.9932035207748413
Car 0.0 0 0.4835990369319916 53.06650924682617 186.1680145263672 333.16259765625 281.2243347167969 3.7696598 1.4499409 1.570649 -6.8739734 1.6890581 12.088638 -0.03343556076288223 0.9911243319511414
Car 0.0 0 3.530744791030884 189.63894653320312 182.62051391601562 412.41021728515625 261.5308837890625 3.9057758 1.5127034 1.5849125 -6.283133 1.7250583 14.844984 3.1303577423095703 0.9900047183036804
Car 0.0 0 0.3240792453289032 279.26104736328125 181.45947265625 452.65728759765625 239.2864532470703 4.147948 1.479817 1.5926696 -6.546969 1.7222196 19.495295 8.96453857421875e-05 0.9677883982658386
Car 0.0 0 -2.4920856952667236 0.0 163.80612182617188 272.7025451660156 317.1820373535156 3.9583735 1.8360715 1.7261317 -6.897148 1.7281165 9.544668 -3.117830753326416 0.9500746130943298
Car 0.0 0 0.3149755001068115 325.6722717285156 180.32473754882812 477.9879150390625 231.9834747314453 4.1503205 1.4881718 1.6161886 -6.2935524 1.7246261 21.918905 0.03536844253540039 0.9461692571640015
Car 0.0 0 -2.763975143432617 356.7729797363281 179.56288146972656 480.9806823730469 226.81546020507812 3.7557514 1.5203962 1.6005194 -6.4911637 1.7582211 24.519485 -3.022773027420044 0.8708095550537109
