Car 0.0 0 2.2709028720855713 0.0 202.82962036132812 203.57058715820312 375.0 3.6672883 1.5518798 1.5811628 -5.9200144 1.92594 7.1521373 1.5794825553894043 0.9989981055259705
Car 0.0 0 1.8288350105285645 376.5244445800781 188.381591796875 461.7022705078125 241.87649536132812 4.0660825 1.4896488 1.6698363 -6.0921774 2.0354075 23.305979 1.5731562376022339 0.9986496567726135
Car 0.0 0 2.025522232055664 147.1020965576172 201.31846618652344 354.4747619628906 307.6540222167969 3.9498234 1.3934604 1.6037298 -5.9907403 1.9649627 12.494068 1.5784194469451904 0.9983289837837219
Car 0.0 0 1.8041231632232666 442.52154541015625 185.87149047851562 499.0291748046875 224.0764923095703 3.8388276 1.4566876 1.5201913 -5.9085693 2.0477526 30.788363 1.6145192384719849 0.9956707954406738
Car 0.0 0 -1.674104928970337 659.3419189453125 176.77513122558594 706.9351806640625 214.37815856933594 4.1935344 1.4713138 1.5786396 3.0090988 1.6503162 30.768814 -1.576617956161499 0.989386796951294
Car 0.0 0 1.8856655359268188 293.7756652832031 194.5523223876953 415.7562561035156 264.9709777832031 3.9018083 1.3808379 1.6156908 -6.012006 1.9613602 17.323507 1.551627278327942 0.9885130524635315
Car 0.0 0 -0.43189603090286255 861.3638916015625 148.38888549804688 1045.78369140625 210.65040588378906 4.1221046 1.5867568 1.6599553 9.001394 0.9636127 19.228098 0.005938291549682617 0.9842715859413147
Car 0.0 0 -1.7111963033676147 669.02978515625 175.0008544921875 731.5361938476562 223.4680938720703 4.0150743 1.5521779 1.6082472 3.0364306 1.6338679 25.308 -1.5917880535125732 0.9811599850654602
Car 0.0 0 1.7679284811019897 474.5047912597656 185.32318115234375 516.6774291992188 217.0850067138672 3.476727 1.4918793 1.487441 -5.861341 2.162966 37.0426 1.6109970808029175 0.9590960741043091
Car 0.0 0 2.2510135173797607 812.6864013671875 160.28500366210938 917.1624755859375 208.24212646484375 3.4576786 1.5376844 1.5423652 8.699401 1.1350335 24.695557 2.589705467224121 0.8230432271957397
