Pedestrian 0.0 0 -1.555452823638916 707.8723754882812 161.60166931152344 719.626708984375 199.58470153808594 0.98491937 1.7739673 0.53775215 5.1474357 0.8927877 33.54761 -1.4032034873962402 0.28545764088630676
Pedestrian 0.0 0 -0.5024444460868835 894.811767578125 153.30825805664062 917.575439453125 186.85691833496094 1.012571 1.8595897 0.58764416 16.828114 0.3537557 39.529358 -0.09997103363275528 0.2733185291290283
Pedestrian 0.0 0 -0.05267743766307831 604.5157470703125 164.78622436523438 625.1282348632812 196.25819396972656 1.1629121 1.8040608 0.526742 0.5560562 0.90468526 40.81092 -0.03905309736728668 0.23027104139328003
Cyclist 0.0 0 -0.9380097389221191 321.9808654785156 173.57188415527344 367.3805236816406 223.25912475585938 1.832412 1.7853442 0.62932086 -9.710626 1.5379281 26.367945 -1.2908705472946167 0.7892951965332031
Cyclist 0.0 0 -0.3511408865451813 697.8331909179688 158.94723510742188 728.4464721679688 196.65037536621094 1.3134234 1.7677069 0.5902202 5.114021 0.75865865 33.56459 -0.19994018971920013 0.5288316011428833
Cyclist 0.0 0 -0.03176409751176834 600.9407348632812 163.52113342285156 627.9570922851562 194.7179718017578 1.543272 1.7895002 0.5379411 0.5335292 0.81694686 40.83585 -0.01869962364435196 0.24470657110214233
Cyclist 0.0 0 1.2138272523880005 1038.3670654296875 149.80006408691406 1078.4271240234375 202.17205810546875 1.5946745 1.6213138 0.557955 14.518898 0.6724712 22.72176 1.7824211120605469 0.11213786154985428
Car 0.0 0 -1.426641821861267 476.95611572265625 173.78933715820312 534.572265625 216.34068298339844 3.6466882 1.4160687 1.5370837 -3.512511 1.1942843 25.35325 -1.5643082857131958 0.9987045526504517
Car 0.0 0 -1.494943380355835 492.8006591796875 165.82838439941406 534.4259033203125 202.34669494628906 4.205756 1.6608527 1.6888895 -4.3861156 0.99504745 34.295074 -1.6221462488174438 0.329369455575943
Car 0.0 0 1.6912190914154053 672.5022583007812 168.6940460205078 703.8016357421875 192.82127380371094 3.94224 1.5256922 1.5975459 5.54415 0.78048223 46.809425 1.8091107606887817 0.21105191111564636
Car 0.0 0 -0.479295551776886 968.2841796875 148.03140258789062 1061.5517578125 177.16127014160156 4.436607 1.6594516 1.7192624 23.965351 -0.19892526 41.452198 0.04489850997924805 0.1250755488872528
Car 0.0 0 -1.0622754096984863 1197.950927734375 129.6243133544922 1224.0 370.0 3.9061239 1.4979422 1.5876555 5.317369 1.32366 3.3348236 -0.05162773281335831 0.10257177799940109
