Car 0.0 0 -1.7064825296401978 646.9180908203125 181.35824584960938 703.8831176757812 224.1440887451172 4.1162663 1.4711734 1.6197914 2.3917887 1.8231697 27.735973 -1.620461106300354 0.9995379447937012
Car 0.0 0 0.6352370977401733 0.0 190.8058624267578 258.3057556152344 328.3776550292969 3.6520305 1.5664321 1.6114542 -6.7745504 1.8167547 9.234166 0.0022890567779541016 0.9989290833473206
Car 0.0 0 3.558950185775757 152.46824645996094 188.5407257080078 394.1197204589844 273.5835266113281 3.8945498 1.502134 1.6218342 -6.3937817 1.8227398 13.889404 3.127534866333008 0.9951419830322266
Car 0.0 0 3.404306173324585 294.198486328125 182.25247192382812 450.71954345703125 238.1582794189453 4.012322 1.5221888 1.6560715 -6.8240967 1.8068442 20.890066 3.0885672569274902 0.9891162514686584
Car 0.0 0 3.9046807289123535 0.0 187.13360595703125 148.5617218017578 375.0 3.7876394 1.6123713 1.6740288 -6.8241825 1.7642987 6.769343 3.115248441696167 0.9891114830970764
Car 0.0 0 -1.8295581340789795 683.5582885742188 181.30531311035156 777.1909790039062 249.9570770263672 3.2086334 1.5127386 1.5075963 2.8526754 1.7433207 17.980452 -1.6722153425216675 0.9877199530601501
Car 0.0 0 0.217240110039711 411.2960510253906 186.2120819091797 512.1372680664062 221.70396423339844 4.0808196 1.48316 1.5781182 -6.4792767 2.083495 31.585608 0.014913082122802734 0.9811756014823914
Car 0.0 0 0.42995786666870117 266.0982666015625 185.68310546875 434.3812561035156 245.68260192871094 3.830943 1.4534353 1.5545008 -6.7515893 1.8050485 18.814777 0.08542513847351074 0.9516644477844238
Car 0.0 0 3.3888566493988037 332.9930725097656 185.486572265625 464.74639892578125 234.0731201171875 3.8384864 1.491236 1.5946454 -6.831746 1.9175296 23.459425 3.105478525161743 0.948070764541626
Car 0.0 0 -1.5823893547058105 644.8724365234375 181.45713806152344 676.2945556640625 211.34156799316406 4.1134043 1.470347 1.5967616 2.6548455 1.958442 38.804688 -1.5140801668167114 0.7129122018814087
