Car 0.0 0 2.0476856231689453 139.18557739257812 197.7747039794922 341.31298828125 305.1039123535156 3.6831067 1.4665511 1.5914112 -6.2397695 1.9652462 12.571606 1.5869717597961426 0.9996867179870605
Car 0.0 0 -1.7175543308258057 681.0360717773438 181.01434326171875 764.010986328125 243.18167114257812 3.734674 1.4506973 1.6228344 2.8379512 1.6892632 19.192219 -1.570748209953308 0.9988304972648621
Car 0.0 0 2.7569587230682373 807.7416381835938 157.02915954589844 981.790283203125 219.04238891601562 4.451518 1.754423 1.7514931 8.26639 1.307079 21.318792 3.126861572265625 0.9970899820327759
Car 0.0 0 2.5222554206848145 953.710693359375 157.75086975097656 1242.0 256.10614013671875 4.1939697 1.5347537 1.7257522 8.249962 1.2994394 12.168244 3.1180570125579834 0.9911098480224609
Car 0.0 0 -1.307528018951416 377.4571228027344 185.35507202148438 457.6935729980469 237.20994567871094 3.6692562 1.5005885 1.6329781 -6.238812 1.9417734 23.602333 -1.5659478902816772 0.9826681017875671
Car 0.0 0 2.593069314956665 882.7988891601562 148.19610595703125 1132.4622802734375 239.8712158203125 4.4253674 1.8153841 1.612792 8.213361 1.3274574 15.20866 3.0882375240325928 0.8863546252250671
Car 0.0 0 1.6594842672348022 503.98162841796875 182.66661071777344 532.10302734375 207.13182067871094 3.5482292 1.5122435 1.5435451 -6.0935116 2.1878154 47.84471 1.5328060388565063 0.8853271007537842
Car 0.0 0 1.7443000078201294 458.3740539550781 180.4638671875 507.47845458984375 215.98031616210938 4.217408 1.5763241 1.6439022 -6.1371374 1.9684422 35.033638 1.5708812475204468 0.8690769672393799
Car 0.0 0 2.535625457763672 0.0 232.88226318359375 157.41748046875 375.0 3.7751145 1.3728359 1.6007022 -3.7338214 1.7530831 2.6649935 1.5847200155258179 0.8288460373878479
Car 0.0 0 2.9322996139526367 715.8282470703125 169.300048828125 781.8506469726562 192.0893096923828 3.9759543 1.4611932 1.654313 9.002031 1.2336805 47.12842 3.1210367679595947 0.5955473780632019
