Car 0.0 0 0.44531935453414917 161.53982543945312 182.7071990966797 422.6032409667969 275.08953857421875 4.0562263 1.5522182 1.672382 -5.7410054 1.7455757 13.222335 0.0356905460357666 0.9966607093811035
Car 0.0 0 -1.7522469758987427 701.267578125 185.3665008544922 805.842529296875 262.8268737792969 3.5067008 1.4108828 1.5542067 2.8994033 1.7099029 15.463325 -1.5668971538543701 0.9960605502128601
Car 0.0 0 -1.722474217414856 636.3218383789062 182.43177795410156 668.9480590820312 205.4202117919922 4.160199 1.4475853 1.6101639 2.842457 2.1317892 49.367878 -1.6649606227874756 0.9930961728096008
Car 0.0 0 0.7120020985603333 0.0 187.48707580566406 194.9639892578125 345.1249084472656 3.5367033 1.5719907 1.556188 -6.9444075 1.7531371 8.125142 0.004796504974365234 0.9919690489768982
Car 0.0 0 0.5312824249267578 44.55331039428711 188.5510711669922 359.2932434082031 298.89398193359375 3.8671827 1.5019366 1.6097065 -6.0611105 1.7582773 10.912316 0.024274110794067383 0.9860223531723022
Car 0.0 0 -2.69779634475708 0.0 0.0 1242.0 375.0 3.5609891 1.4953104 1.6075577 2.7679033 1.639654 1.3892045 -1.5921648740768433 0.9708355069160461
Car 0.0 0 0.4009689390659332 191.23561096191406 185.10276794433594 413.9756774902344 258.9382019042969 4.144914 1.4887365 1.5841626 -6.5784774 1.7675865 15.606056 0.0020380020141601562 0.9467963576316833
Car 0.0 0 0.3791421353816986 261.11383056640625 184.05517578125 456.87811279296875 249.01812744140625 4.316337 1.5105364 1.6424624 -6.218602 1.8048788 18.013458 0.046732187271118164 0.9422956705093384
Car 0.0 0 0.3271806240081787 299.57720947265625 182.85269165039062 447.22344970703125 240.93638610839844 3.6938164 1.5684803 1.5563005 -6.7113996 1.8648143 20.556303 0.01160287857055664 0.9350947737693787
Car 0.0 0 -0.19343280792236328 756.6852416992188 176.16163635253906 911.3844604492188 235.953125 3.962034 1.6115837 1.6695578 6.2359185 1.7110564 20.588703 0.10066461563110352 0.9183352589607239
Car 0.0 0 0.2043333202600479 371.2971496582031 180.0662841796875 492.5537414550781 226.58645629882812 3.8762636 1.5539163 1.5828979 -6.198912 1.8150874 25.227905 -0.03660975396633148 0.8886052966117859
Car 0.0 0 -1.4443868398666382 534.03955078125 177.937255859375 561.2911376953125 198.86788940429688 3.8605666 1.608649 1.72512 -5.031268 2.0340726 58.36924 -1.5303715467453003 0.8855539560317993
Car 0.0 0 0.29774588346481323 341.194091796875 178.57919311523438 483.683837890625 230.8983612060547 4.061994 1.5815477 1.6154915 -6.23537 1.7703147 22.870699 0.031579017639160156 0.8852810263633728
Car 0.0 0 3.27116060256958 398.863037109375 182.26943969726562 504.4361267089844 218.7495880126953 4.076398 1.4288963 1.6324583 -6.5004215 1.8304666 29.756235 3.0560836791992188 0.8105789422988892
