Pedestrian 0.0 0 1.6229722499847412 413.3171691894531 140.27859497070312 433.5450134277344 206.12088012695312 0.68813586 1.9055074 0.54455084 -5.3829746 0.74304914 20.84877 1.370298981666565 0.9500654935836792
Pedestrian 0.0 0 0.797290563583374 758.6124267578125 150.02951049804688 853.9425659179688 324.6487121582031 0.7892441 1.6258669 0.50392276 1.9407209 1.3438569 7.045559 1.0660779476165771 0.9473125338554382
Pedestrian 0.0 0 1.383267879486084 627.7105712890625 143.10580444335938 658.2081298828125 223.33448791503906 0.86714727 1.8071904 0.55092424 0.83251077 0.9664793 16.388731 1.434022068977356 0.9163417816162109
Pedestrian 0.0 0 1.0395395755767822 535.6471557617188 131.94952392578125 588.2763671875 237.03240966796875 0.84490186 1.7817892 0.5781429 -0.8121075 0.9602139 12.495655 0.9746396541595459 0.7974649667739868
Pedestrian 0.0 0 1.4829553365707397 589.3343505859375 136.6278076171875 625.5914916992188 239.34817504882812 0.6597273 1.7953197 0.59304947 -0.0074171256 1.030178 12.707401 1.4823716878890991 0.7567485570907593
Pedestrian 0.0 0 -2.468750476837158 680.4566040039062 150.98806762695312 804.3889770507812 352.5509948730469 0.9791171 1.7177324 0.5870771 1.2129645 1.4679337 6.5825777 -2.2865257263183594 0.6529860496520996
Pedestrian 0.0 0 1.5602400302886963 571.8511962890625 135.5258331298828 602.052734375 230.23727416992188 0.64618295 1.7820883 0.56865245 -0.39558107 0.9374913 13.632927 1.5312315225601196 0.5721887350082397
Pedestrian 0.0 0 1.6504331827163696 434.9963684082031 141.07989501953125 455.778076171875 202.67398071289062 0.67577386 1.7624997 0.5405179 -4.6797175 0.63607407 20.600176 1.4270553588867188 0.27278265357017517
Pedestrian 0.0 0 1.5021517276763916 487.4075622558594 141.1809539794922 505.0559387207031 200.48248291015625 0.583031 1.746698 0.48173264 -3.291497 0.5901396 21.158382 1.3478240966796875 0.26619935035705566
Pedestrian 0.0 0 1.6146951913833618 469.3733825683594 138.74530029296875 489.66741943359375 200.59100341796875 0.60109353 1.76928 0.55692756 -3.678086 0.5763339 20.55712 1.4376482963562012 0.240018829703331
Pedestrian 0.0 0 -2.3784055709838867 60.269439697265625 141.94325256347656 108.4257583618164 206.9167022705078 0.865403 1.7088214 0.5991064 -13.980192 0.6963534 18.94273 -3.014198064804077 0.16589240729808807
Pedestrian 0.0 0 3.7505576610565186 86.65057373046875 142.01190185546875 128.16775512695312 207.7843780517578 0.71567386 1.8453964 0.668809 -14.22207 0.7670995 20.169159 3.1363906860351562 0.12127502262592316
