Pedestrian 0.0 0 -3.3591933250427246 966.5098266601562 177.49664306640625 981.9443359375 201.1220245361328 0.9305852 1.7371467 0.52705884 27.010447 2.0845728 53.566814 -2.892160654067993 0.5103270411491394
Car 0.0 0 -1.2786285877227783 732.3436279296875 186.07406616210938 854.6325073242188 269.17767333984375 3.5509925 1.4592193 1.5308901 3.9085214 1.7730613 15.191516 -1.0268070697784424 0.9991434812545776
Car 0.0 0 -1.825150489807129 1069.8492431640625 188.7091522216797 1242.0 375.0 2.9571323 1.5349339 1.5661356 5.198888 1.7129679 6.412862 -1.1439208984375 0.9989834427833557
Car 0.0 0 2.0046169757843018 510.134765625 181.53590393066406 750.74365234375 343.9899597167969 3.858144 1.5349171 1.4954052 0.4307116 1.6694282 9.090417 2.051962375640869 0.9979756474494934
Car 0.0 0 -0.8039082288742065 85.8721923828125 185.2833709716797 588.8699951171875 375.0 3.2408247 1.554735 1.5556728 -1.6601242 1.6767164 5.2603674 -1.1096065044403076 0.9975973963737488
Car 0.0 0 -1.3904941082000732 875.25 183.9120330810547 930.8919067382812 219.96995544433594 4.159377 1.460783 1.6215829 13.31907 1.9968362 32.761463 -1.0043566226959229 0.9865756630897522
Car 0.0 0 -1.8640233278274536 998.7613525390625 183.88436889648438 1103.892822265625 245.33193969726562 3.3855479 1.4846694 1.543253 12.003899 1.8175613 19.918772 -1.3216630220413208 0.9803778529167175
Car 0.0 0 0.9583643674850464 1096.2493896484375 174.59156799316406 1196.3687744140625 218.08717346191406 3.6055193 1.6665796 1.4856437 21.841673 1.7426269 29.608543 1.5939348936080933 0.43959155678749084
Car 0.0 0 -2.941044807434082 0.0 0.0 1242.0 375.0 4.0836897 1.468728 1.6653385 3.7703404 1.6941859 0.9997949 -1.6294564008712769 0.2278149127960205
Car 0.0 0 2.5428175926208496 935.6658935546875 178.42950439453125 993.00732421875 200.6531219482422 3.5585258 1.6012317 1.5591257 26.238562 2.0231264 53.52421 2.9986095428466797 0.21612311899662018
Car 0.0 0 0.23984652757644653 861.2042236328125 178.420166015625 931.53662109375 207.25086975097656 3.2215927 1.4674081 1.6933254 15.420192 1.7809308 38.97029 0.6166326999664307 0.10661174356937408
