Car 0.0 0 -1.7225995063781738 654.551513671875 181.4999542236328 727.3907470703125 234.3601837158203 4.1823597 1.438022 1.6103144 2.3697684 1.7328826 22.448181 -1.6174229383468628 0.9995961785316467
Car 0.0 0 0.6389656066894531 0.0 187.9702606201172 282.6114807128906 335.6168212890625 4.0355754 1.5589409 1.6484715 -6.356602 1.7572923 8.616924 0.003390789031982422 0.9965360164642334
Car 0.0 0 -1.867647647857666 708.36572265625 183.68515014648438 860.0559692382812 283.29962158203125 3.5500557 1.4747491 1.6200203 2.8861785 1.6964393 12.909712 -1.6476980447769165 0.9927444458007812
Car 0.0 0 -2.6876423358917236 186.33274841308594 182.04344177246094 408.06134033203125 259.3524475097656 4.1355815 1.5623528 1.6313556 -6.752254 1.7744707 15.7102375 -3.093571186065674 0.9908664226531982
Car 0.0 0 -1.6433188915252686 648.6055908203125 178.85719299316406 690.3759155273438 213.655029296875 4.064528 1.485463 1.6310732 2.6672027 1.7818465 33.53942 -1.5639615058898926 0.9906128644943237
Car 0.0 0 3.5837483406066895 123.96891784667969 187.4840087890625 361.57476806640625 275.5029602050781 3.5767708 1.4907578 1.5985968 -6.703289 1.7786816 13.338559 3.118062973022461 0.9880951642990112
Car 0.0 0 0.37457141280174255 243.57569885253906 185.84835815429688 426.07037353515625 246.77110290527344 3.9966474 1.4398271 1.6199013 -6.9072266 1.7837818 18.241095 0.012593269348144531 0.9869453310966492
Car 0.0 0 0.24811393022537231 377.9684143066406 183.64398193359375 496.5164794921875 225.49893188476562 3.919085 1.4476067 1.5696396 -6.2511826 1.8516839 26.182722 0.013749122619628906 0.9810439944267273
Car 0.0 0 0.5661278367042542 0.0 190.99891662597656 322.61016845703125 297.3027038574219 4.0003357 1.4721835 1.5951977 -6.7944465 1.7727921 11.105202 0.017058372497558594 0.9490062594413757
Car 0.0 0 -1.5037351846694946 631.5355834960938 179.2468719482422 656.8280639648438 200.98666381835938 4.0988274 1.4895487 1.5800279 2.5085204 1.9766848 52.81175 -1.4562715291976929 0.9385359287261963
