Car 0.0 0 -1.8622692823410034 729.42626953125 187.3613739013672 969.5638427734375 335.7812805175781 4.280061 1.38213 1.6267817 2.6741815 1.6124436 9.285413 -1.5818594694137573 0.999210000038147
Car 0.0 0 3.3179049491882324 346.91748046875 177.3437042236328 485.7322692871094 223.4013671875 4.104953 1.4117348 1.6329155 -6.2034054 1.5631717 23.291368 3.0576083660125732 0.9930059909820557
Car 0.0 0 3.6101009845733643 27.670286178588867 186.63844299316406 365.7898864746094 294.02667236328125 4.0373707 1.414458 1.5797479 -5.9200373 1.6339667 10.596667 3.100625991821289 0.9878734946250916
Car 0.0 0 0.2896990478038788 324.75360107421875 173.15711975097656 465.28564453125 231.23594665527344 3.5944993 1.6141073 1.5629582 -6.1819186 1.6235512 20.842085 0.0013575553894042969 0.9862030744552612
Car 0.0 0 -0.1981821060180664 727.4715576171875 172.89111328125 834.276611328125 213.11282348632812 3.8175626 1.5285375 1.6905245 6.5986323 1.5303993 28.322859 0.030713796615600586 0.9850720763206482
Car 0.0 0 3.904927968978882 0.0 201.1865997314453 139.47682189941406 375.0 4.0184603 1.4484338 1.5775436 -6.47628 1.7178285 5.9288487 3.0754289627075195 0.9823287129402161
Car 0.0 0 -0.27515000104904175 742.415771484375 178.04505920410156 855.9776000976562 218.6724395751953 3.6895978 1.4130058 1.5606054 6.748549 1.607235 26.123283 -0.022342465817928314 0.9755925536155701
Car 0.0 0 0.2530481815338135 408.4223327636719 174.0594024658203 517.6449584960938 214.84226989746094 3.8802545 1.5293245 1.5896999 -5.694645 1.577964 28.002674 0.05242323875427246 0.9586337208747864
Car 0.0 0 -0.3378032445907593 848.2039184570312 175.2132568359375 1104.269775390625 259.6474304199219 4.145409 1.5275261 1.7883137 6.9802313 1.5781728 14.245637 0.11780500411987305 0.9172623157501221
Car 0.0 0 -2.2992024421691895 0.0 168.48046875 192.48751831054688 326.08660888671875 3.6628628 1.6343417 1.4865624 -7.1533484 1.5893471 8.473156 -3.0003409385681152 0.9072535634040833
Car 0.0 0 -1.5418837070465088 638.7330932617188 175.11595153808594 662.2024536132812 196.287841796875 4.2092156 1.4745077 1.5983028 2.9711714 1.647421 52.875923 -1.4857513904571533 0.8798550963401794
Car 0.0 0 -0.40369048714637756 769.2846069335938 174.5399932861328 948.1372680664062 239.3591766357422 4.0440545 1.5815514 1.6497647 6.2928886 1.6277456 18.633268 -0.07799419015645981 0.8569499850273132
