Car 0.0 0 -1.6331713199615479 638.8469848632812 180.63082885742188 670.173583984375 207.7883758544922 4.222484 1.5151305 1.6183932 2.609258 2.0079613 43.575783 -1.5733641386032104 0.9988622665405273
Car 0.0 0 -1.8555643558502197 740.3253784179688 190.86383056640625 944.9254760742188 324.98974609375 3.5358644 1.3759066 1.588137 2.805509 1.6611967 9.643397 -1.572453498840332 0.9984620809555054
Car 0.0 0 -2.8163578510284424 287.19952392578125 181.6558380126953 453.3516540527344 242.3538360595703 3.9526918 1.5518774 1.623236 -6.4383597 1.8003025 19.5084 -3.1351325511932373 0.9956658482551575
Car 0.0 0 3.8244378566741943 0.0 198.47747802734375 261.136962890625 367.8221435546875 4.2209854 1.4453613 1.6539818 -6.084572 1.7344403 7.2710843 3.1276466846466064 0.9953783750534058
Car 0.0 0 3.373548984527588 343.1942138671875 183.22755432128906 470.1342468261719 230.4845428466797 3.7957683 1.4883612 1.603203 -6.7286234 1.8462815 23.988005 3.1000771522521973 0.9942208528518677
Car 0.0 0 0.6000589728355408 0.0 191.20394897460938 316.2795104980469 318.5254211425781 3.8971448 1.5178685 1.6439269 -6.295081 1.7876852 9.721428 0.025410175323486328 0.9939092397689819
Car 0.0 0 0.5137968063354492 81.49134063720703 190.50637817382812 394.028076171875 287.001708984375 4.4013386 1.4401814 1.6133875 -6.0908604 1.7562602 11.9993725 0.04408907890319824 0.9920560717582703
Car 0.0 0 3.498124837875366 233.23263549804688 183.21884155273438 430.20513916015625 252.00990295410156 4.0180593 1.5188892 1.628561 -6.497492 1.7755728 17.010061 3.133249282836914 0.9873314499855042
Car 0.0 0 0.9140447378158569 0.0 192.50765991210938 118.85520935058594 375.0 4.1655455 1.5477372 1.6825333 -6.045028 1.7065096 4.9175982 0.026163816452026367 0.9810096025466919
Car 0.0 0 3.566556692123413 157.04823303222656 183.3423309326172 375.20135498046875 265.9593200683594 3.6534543 1.5545787 1.608743 -6.893329 1.7795798 14.618561 3.125930070877075 0.9729018807411194
Car 0.0 0 2.8408100605010986 706.289794921875 180.34141540527344 817.986572265625 221.8824005126953 3.934604 1.531359 1.5906229 5.8001256 1.8317429 27.929506 3.045569896697998 0.9625367522239685
Car 0.0 0 -0.5563311576843262 755.7605590820312 179.49539184570312 904.8611450195312 233.91514587402344 3.7575746 1.418044 1.5805289 6.1406646 1.6173235 20.35646 -0.2633551061153412 0.9481841325759888
Car 0.0 0 2.772376298904419 723.4898681640625 180.8152313232422 860.47705078125 226.89613342285156 4.325933 1.5105257 1.6234 6.2354836 1.7997108 25.09757 3.015895366668701 0.9090842008590698
