Pedestrian 0.0 0 1.0385462045669556 800.90283203125 150.37196350097656 864.3159790039062 255.32066345214844 0.9475333 1.7793189 0.6786281 4.034062 1.2528514 12.713691 1.3457986116409302 0.9920943379402161
Pedestrian 0.0 0 0.7308788299560547 125.17963409423828 155.2401580810547 257.48681640625 354.9090881347656 0.87572163 1.6569777 0.53550375 -3.6391928 1.4404453 6.310904 0.20780420303344727 0.9813918471336365
Pedestrian 0.0 0 -2.9023590087890625 574.3057250976562 158.5758056640625 612.7737426757812 236.29823303222656 0.7904722 1.7893516 0.5862162 -0.21575332 1.2627921 16.909502 -2.9151175022125244 0.965629518032074
Pedestrian 0.0 0 -1.7161366939544678 547.4859619140625 155.86814880371094 572.1912231445312 219.70474243164062 0.91188 1.8176897 0.5913209 -1.2496448 1.0889878 20.957891 -1.7756925821304321 0.8249151110649109
Pedestrian 0.0 0 2.9055230617523193 394.6581726074219 161.82167053222656 471.7380676269531 295.5751647949219 0.8601348 1.6670609 0.62557334 -2.2583694 1.4231337 9.42443 2.6703286170959473 0.746505618095398
Pedestrian 0.0 0 0.8585482835769653 0.0 167.6690673828125 156.9423828125 374.0 0.7427751 1.7173133 0.6229254 -2.6023173 1.6643614 3.1937253 0.1748347282409668 0.3800727427005768
Pedestrian 0.0 0 3.0032942295074463 501.4971618652344 150.99356079101562 531.6002197265625 225.55197143554688 0.667133 1.8338466 0.64775443 -2.173177 1.0846968 18.063902 2.8835647106170654 0.3770265281200409
Pedestrian 0.0 0 -2.493443489074707 605.5057983398438 159.29966735839844 627.9421997070312 202.10682678222656 0.64109254 1.709803 0.6616355 0.6040509 0.8240796 29.14742 -2.4727225303649902 0.2534126341342926
Pedestrian 0.0 0 1.275991439819336 593.865478515625 165.78927612304688 615.9072265625 208.8992156982422 0.7219142 1.6531106 0.67713034 0.11164208 1.0516834 27.985823 1.2799806594848633 0.2410763055086136
Pedestrian 0.0 0 1.5614756345748901 572.681396484375 157.20785522460938 588.3004760742188 199.50428771972656 0.8123585 1.7242908 0.6363044 -0.88681585 0.7349698 29.69995 1.5316253900527954 0.16091333329677582
Pedestrian 0.0 0 -0.051500365138053894 707.053955078125 154.44369506835938 738.5574951171875 217.66436767578125 0.8357189 1.7325451 0.5617355 3.3435237 0.99223036 20.00976 0.11406469345092773 0.14569135010242462
Pedestrian 0.0 0 -2.7860703468322754 450.2402038574219 165.48916625976562 498.5455017089844 252.44546508789062 0.75549895 1.6112795 0.5668231 -2.4479837 1.315866 13.653819 -2.963474750518799 0.12222476303577423
Cyclist 0.0 0 1.738525390625 391.5691833496094 164.32728576660156 456.2939453125 306.0306091308594 1.569456 1.6797484 0.56490684 -2.312735 1.4775282 9.316332 1.4951989650726318 0.8930400013923645
Cyclist 0.0 0 -1.6852338314056396 650.200439453125 160.20785522460938 667.4046020507812 210.9475860595703 1.6052899 1.7241883 0.41723236 1.9815036 1.0017347 25.216784 -1.6068161725997925 0.25406140089035034
Cyclist 0.0 0 -1.7918751239776611 700.0211791992188 158.34954833984375 743.2293701171875 245.93374633789062 1.5447127 1.6994766 0.5402991 2.40281 1.2515202 14.722913 -1.6300992965698242 0.25070104002952576
Car 0.0 0 -1.8037610054016113 777.9949340820312 174.6133575439453 1068.3157958984375 374.0 3.5471647 1.4846094 1.5642765 2.6180246 1.4387068 6.7946544 -1.4359852075576782 0.25135350227355957
