Car 0.0 0 -1.824236273765564 722.2711791992188 176.34417724609375 918.5625610351562 314.36328125 4.1220775 1.588682 1.6467665 2.7197692 1.6496633 10.468505 -1.5700509548187256 0.9995818734169006
Car 0.0 0 -1.756154179573059 684.0232543945312 181.96022033691406 790.510498046875 258.8690490722656 4.159497 1.4881461 1.6202539 2.7183082 1.7239172 16.55286 -1.5933871269226074 0.9995219707489014
Car 0.0 0 -2.6064305305480957 15.691202163696289 183.16650390625 344.4263000488281 303.1592102050781 3.9121094 1.6199448 1.6376663 -6.25503 1.7853487 10.713169 -3.1349005699157715 0.9984939098358154
Car 0.0 0 0.6792764663696289 0.0 194.11595153808594 270.6830139160156 351.03765869140625 4.0890045 1.5208892 1.6446985 -6.2852397 1.7848529 8.083142 0.018360376358032227 0.9979767203330994
Car 0.0 0 -1.6414217948913574 641.6680908203125 178.4758758544922 673.5861206054688 207.228271484375 3.3807118 1.4714087 1.491007 2.519843 1.7910488 39.2802 -1.5773590803146362 0.994817316532135
Car 0.0 0 -1.689450979232788 658.85888671875 176.65066528320312 715.49169921875 223.6080322265625 3.556262 1.5306847 1.5712874 2.6247525 1.6751739 25.59788 -1.5872701406478882 0.991710901260376
Car 0.0 0 0.9244818091392517 0.0 203.61119079589844 109.52352905273438 375.0 4.184402 1.4739442 1.6277188 -6.550491 1.7528245 5.592568 0.06036019325256348 0.9891754984855652
Car 0.0 0 0.5305854082107544 363.0359802246094 185.17034912109375 495.3986511230469 231.75965881347656 4.0483003 1.4312977 1.615675 -6.09419 1.8679914 24.2167 0.28405213356018066 0.9495039582252502
Car 0.0 0 3.2844653129577637 434.5165100097656 181.6535186767578 521.5164184570312 213.8458251953125 3.9007397 1.4778745 1.6146593 -6.2938013 1.9095347 34.482746 3.1039321422576904 0.9094467759132385
Car 0.0 0 3.5125045776367188 101.8547134399414 189.9789581298828 380.74664306640625 281.3557434082031 4.2604394 1.4971598 1.532772 -6.58258 1.8323133 13.141601 3.048140048980713 0.9004195928573608
Car 0.0 0 3.103696346282959 384.8417663574219 183.60231018066406 501.2689514160156 224.48312377929688 4.063637 1.3940117 1.5960797 -6.1863194 1.8099794 26.592333 2.875126361846924 0.8418534398078918
