Pedestrian 0.0 0 -0.4878682494163513 1016.224609375 131.3332977294922 1103.9400634765625 285.70648193359375 0.77377886 1.8584608 0.4958739 5.591077 1.2682356 8.784683 0.07892775535583496 0.9547988772392273
Pedestrian 0.0 0 2.871673107147217 622.37646484375 136.63597106933594 725.586181640625 316.3874816894531 1.0009366 1.8957572 0.6563672 0.70058167 1.4348338 7.864892 2.9605157375335693 0.9231959581375122
Pedestrian 0.0 0 2.941333532333374 603.850830078125 144.82144165039062 695.3970947265625 309.07098388671875 1.0245306 1.9380354 0.59440076 0.48633778 1.5187345 8.705576 2.997140645980835 0.6873838901519775
Pedestrian 0.0 0 2.301727294921875 973.4721069335938 141.7483367919922 1014.7772216796875 212.92156982421875 0.8352178 1.8501848 0.5418479 10.292929 0.84440356 18.769281 2.803335189819336 0.3692357838153839
Pedestrian 0.0 0 -1.8125709295272827 851.1249389648438 165.53213500976562 899.06591796875 268.7881774902344 1.0033557 1.6036271 0.49793345 4.3328824 1.3728248 11.503494 -1.4523475170135498 0.23851341009140015
Pedestrian 0.0 0 2.2250053882598877 994.2431030273438 146.43161010742188 1040.7398681640625 216.5474395751953 0.90261763 1.7483352 0.602419 10.5076 0.90043664 18.075441 2.7515757083892822 0.17359457910060883
Pedestrian 0.0 0 -1.4157607555389404 509.0989074707031 165.6294708251953 517.90478515625 187.81149291992188 1.0166172 1.8952199 0.603762 -7.862537 0.6258857 60.921085 -1.5441123247146606 0.15704183280467987
Cyclist 0.0 0 -0.36339235305786133 812.3716430664062 151.99046325683594 932.20751953125 261.5224304199219 1.725189 1.7325348 0.5836233 4.270776 1.2832375 11.476825 -0.007147501222789288 0.8794772624969482
Car 0.0 0 -0.7628745436668396 0.0 201.97018432617188 287.8546142578125 370.0 4.175498 1.4753045 1.6316737 -3.2041745 1.6346147 3.0932689 -1.5658820867538452 0.9962210059165955
Car 0.0 0 -3.6608083248138428 974.3788452148438 155.00465393066406 1107.4696044921875 196.5579833984375 4.313298 1.6240072 1.665963 17.483055 0.62908745 28.526857 -3.1109843254089355 0.9922611117362976
Car 0.0 0 -1.0576796531677246 446.18499755859375 173.74563598632812 497.9638366699219 199.96832275390625 3.5966115 1.5535574 1.5971664 -8.194172 1.1547654 43.84374 -1.2424429655075073 0.2383188158273697
