Pedestrian 0.0 0 -1.1600425243377686 219.65675354003906 158.58395385742188 247.88331604003906 216.78675842285156 0.43619815 1.6900076 0.6123141 -11.091476 1.276013 21.187624 -1.6423038244247437 0.13528871536254883
Pedestrian 0.0 0 -1.5734307765960693 544.638427734375 172.8346405029297 552.91943359375 195.0015106201172 0.8186915 1.6566532 0.61701906 -4.640322 1.6555636 54.356586 -1.6585924625396729 0.1286555975675583
Car 0.0 0 0.4808094799518585 84.24276733398438 177.3063507080078 372.3140869140625 278.188720703125 4.058008 1.598296 1.6308879 -6.4084516 1.6797303 12.318574 0.001111745834350586 0.9951691031455994
Car 0.0 0 -0.8033760786056519 1044.5115966796875 183.42347717285156 1242.0 375.0 4.08406 1.514081 1.5810105 6.291704 1.6201737 6.374968 -0.0245512705296278 0.9812995791435242
Car 0.0 0 3.314887762069702 411.8619079589844 178.768798828125 494.2768859863281 212.8919219970703 3.4249294 1.4904407 1.5935022 -7.098453 1.7657989 32.67851 3.100989818572998 0.8780912756919861
Car 0.0 0 -1.5728590488433838 634.0484008789062 176.0128936767578 658.217041015625 197.6319580078125 4.107958 1.4568462 1.6483166 2.53408 1.6910539 51.321205 -1.5235222578048706 0.8720611333847046
Car 0.0 0 0.23600918054580688 270.90069580078125 164.3465118408203 463.7983703613281 244.3855743408203 4.102271 1.8104542 1.7516224 -5.7495227 1.6183763 17.362537 -0.08377086371183395 0.7584489583969116
Car 0.0 0 -1.7159006595611572 669.3468627929688 181.26661682128906 736.1681518554688 230.20123291015625 3.8078592 1.4083045 1.5886372 2.8685734 1.7032833 23.34488 -1.5936354398727417 0.3729258179664612
Car 0.0 0 -2.87536358833313 432.1201171875 175.98074340820312 519.9378662109375 208.9753875732422 3.9510899 1.5692707 1.658213 -6.588198 1.7277288 35.49156 -3.058901786804199 0.19049161672592163
Car 0.0 0 -2.823829174041748 0.0 0.0 1242.0 375.0 3.8771148 1.4853911 1.6011225 3.6633658 1.6010101 1.2590835 -1.5840803384780884 0.11279331147670746
Car 0.0 0 -1.8138468265533447 408.549072265625 179.62355041503906 472.052490234375 218.47772216796875 3.9824827 1.4156213 1.5725797 -6.9623036 1.7095511 29.157963 -2.048236846923828 0.10826744884252548
