Pedestrian 0.0 0 3.118067741394043 545.0643920898438 162.34320068359375 574.5269775390625 220.34156799316406 0.90076077 1.7810346 0.71893656 -1.4519669 1.2250261 22.10547 3.052478313446045 0.7744916677474976
Pedestrian 0.0 0 -3.3001229763031006 734.0203857421875 160.60409545898438 760.4053344726562 199.1668701171875 1.1268759 1.7705772 0.5355141 6.5645394 0.8585303 32.7483 -3.102290630340576 0.5006149411201477
Pedestrian 0.0 0 -1.271957278251648 1093.7733154296875 146.92572021484375 1119.9569091796875 189.27621459960938 0.8660795 1.720786 0.65785635 20.74179 0.3580864 29.248514 -0.6551120281219482 0.28785067796707153
Pedestrian 0.0 0 0.1981007605791092 281.38128662109375 172.9907684326172 314.7911071777344 233.73887634277344 0.78842306 1.7616128 0.68816215 -9.1055355 1.5454234 20.91796 -0.21245954930782318 0.18999306857585907
Pedestrian 0.0 0 -1.031770944595337 213.934814453125 177.6154327392578 257.13360595703125 230.1515350341797 1.4606692 1.7190081 0.6355306 -12.487326 1.6261674 23.87734 -1.5136315822601318 0.15833207964897156
Cyclist 0.0 0 -0.4337623119354248 279.7303161621094 170.30264282226562 353.4620361328125 239.11184692382812 1.7249764 1.7661567 0.643229 -7.7638335 1.506007 18.993826 -0.821793794631958 0.5453019142150879
Cyclist 0.0 0 -0.20505350828170776 733.1049194335938 160.4239501953125 763.3614501953125 198.44772338867188 1.2934947 1.7500724 0.5353226 6.6239247 0.8275132 32.80892 -0.005837445612996817 0.46747151017189026
Cyclist 0.0 0 -1.031770944595337 213.934814453125 177.6154327392578 257.13360595703125 230.1515350341797 1.4606692 1.7190081 0.6355306 -12.487326 1.6261674 23.87734 -1.5136315822601318 0.22778595983982086
Cyclist 0.0 0 -1.7401262521743774 836.4330444335938 154.79550170898438 854.480224609375 194.3472900390625 1.4573746 1.6583172 0.49314338 10.309069 0.5820681 30.398361 -1.4131656885147095 0.1591273844242096
Cyclist 0.0 0 1.8184534311294556 543.4959106445312 160.33787536621094 574.6640014648438 221.06307983398438 1.2671618 1.8408831 0.6857047 -1.4559231 1.2312285 22.114365 1.7527122497558594 0.1558251976966858
Car 0.0 0 -1.3215183019638062 387.9457702636719 181.160400390625 504.3490295410156 255.72052001953125 3.744636 1.3907747 1.5345348 -3.286042 1.4082712 15.115108 -1.5355883836746216 0.9967672824859619
Car 0.0 0 -1.436119556427002 480.45855712890625 174.03309631347656 505.5306701660156 192.98757934570312 3.6329195 1.4408587 1.4742578 -8.760271 0.9505241 55.574627 -1.5924638509750366 0.9309623837471008
Car 0.0 0 -3.778932571411133 1090.458984375 141.81576538085938 1224.0 182.08743286132812 4.5483413 1.7243824 1.7197431 24.276567 0.06944835 31.184513 -3.1174509525299072 0.19134341180324554
