Cyclist 0.0 0 0.014938116073608398 188.48216247558594 197.02255249023438 225.3406982421875 232.505615234375 1.8245666 1.9361888 0.83937305 -23.071102 3.3457296 41.265003 -0.4948618412017822 0.22971582412719727
Car 0.0 0 -1.8663204908370972 778.9766845703125 183.5923309326172 1020.5510864257812 351.1095275878906 3.3702874 1.4576085 1.537913 2.9582632 1.6059277 8.217715 -1.5207772254943848 0.9968007802963257
Car 0.0 0 1.7135334014892578 481.13372802734375 183.69869995117188 519.8565673828125 213.2201385498047 3.7339704 1.540149 1.6564337 -6.190686 2.183273 40.889664 1.5632747411727905 0.9952072501182556
Car 0.0 0 2.028837203979492 149.0441131591797 197.4123077392578 355.3373718261719 309.591796875 3.9367466 1.5201917 1.6210032 -6.031444 2.017482 12.619315 1.582981824874878 0.9938302636146545
Car 0.0 0 -1.6402939558029175 645.4476928710938 175.25167846679688 680.8375854492188 206.56411743164062 3.788249 1.5940123 1.634504 2.78375 1.7299916 38.914352 -1.568880319595337 0.9927510023117065
Car 0.0 0 1.7803829908370972 458.2782287597656 184.88185119628906 505.1712646484375 220.47415161132812 3.4594028 1.5987082 1.5774794 -6.267778 2.2176335 35.348854 1.6048948764801025 0.9873731732368469
Car 0.0 0 -2.5506136417388916 1026.5643310546875 190.3360137939453 1242.0 375.0 3.739056 1.5226518 1.67193 3.026114 1.6174467 2.0242558 -1.5693845748901367 0.9600384831428528
Car 0.0 0 -1.7527635097503662 805.7716064453125 161.09385681152344 833.7618408203125 180.680908203125 3.890952 1.6810106 1.7005417 18.530178 0.67208207 63.942123 -1.4706941843032837 0.3578945994377136
Car 0.0 0 -2.4909188747406006 174.4134979248047 198.3553009033203 258.5914611816406 228.3165740966797 3.9574618 1.5788746 1.7673422 -22.464417 3.0764232 41.187103 -2.990241765975952 0.1367240995168686
Car 0.0 0 -1.1381359100341797 263.0649108886719 196.586181640625 321.3952941894531 225.0902557373047 3.7574553 1.4515649 1.6703358 -18.364443 2.888797 41.789135 -1.552186131477356 0.12433367222547531
