Car 0.0 0 -1.684619426727295 632.8084106445312 180.11709594726562 678.2445068359375 214.7277069091797 4.338422 1.4340705 1.5775775 1.9776745 1.789166 33.029343 -1.624814510345459 0.9994462132453918
Car 0.0 0 -0.5345097780227661 893.6989135742188 178.92794799804688 1242.0 310.7276611328125 4.3534303 1.5412062 1.6125039 6.1439996 1.6284448 9.41779 0.04353833198547363 0.9989293217658997
Car 0.0 0 3.5526528358459473 88.54798126220703 185.65853881835938 361.4981384277344 273.8135986328125 4.1182437 1.4706275 1.6642408 -6.961818 1.724297 13.294659 3.070260524749756 0.9973124265670776
Car 0.0 0 -2.4724600315093994 0.0 180.9493408203125 262.82940673828125 328.4052734375 4.000585 1.6047345 1.6133 -6.6690645 1.7132312 8.789116 -3.121561050415039 0.9941343665122986
Car 0.0 0 3.907043695449829 0.0 190.31504821777344 164.34458923339844 375.0 4.174439 1.5802646 1.7004242 -6.5814757 1.7559785 6.3080683 3.1004371643066406 0.9925166964530945
Car 0.0 0 2.637345314025879 785.8295288085938 177.9485321044922 1018.0485229492188 260.385009765625 4.124703 1.5351393 1.545592 5.7721343 1.6457936 14.589738 3.0140786170959473 0.9876196384429932
Car 0.0 0 -0.9343333840370178 1019.8170776367188 178.79640197753906 1242.0 364.48931884765625 3.860991 1.4542392 1.5791105 6.12607 1.521038 6.8937545 -0.2078297883272171 0.9847975373268127
Car 0.0 0 2.785557985305786 749.6679077148438 180.47653198242188 932.0902099609375 249.3185577392578 3.8846335 1.557307 1.5777751 5.435527 1.7510176 17.408304 3.0882036685943604 0.9792646169662476
Car 0.0 0 -0.5012158751487732 873.1714477539062 182.7126922607422 1176.8358154296875 274.8808288574219 4.1526365 1.4063202 1.5050994 6.6540813 1.5803244 11.938453 0.007264614105224609 0.9772820472717285
Car 0.0 0 0.25615596771240234 365.9714660644531 180.2645721435547 484.7325744628906 222.35853576660156 4.018186 1.5120554 1.7106352 -6.9071827 1.7995855 27.089678 0.006500720977783203 0.9419103264808655
