Car 0.0 0 -2.641650676727295 72.525146484375 171.41522216796875 369.4508972167969 288.8023986816406 4.034642 1.80893 1.6778437 -6.3461185 1.7871163 11.980839 -3.1287665367126465 0.9998395442962646
Car 0.0 0 -1.8984460830688477 743.4070434570312 192.92869567871094 992.5956420898438 354.8747253417969 3.7453191 1.4165478 1.5805492 2.7255483 1.7107242 8.667544 -1.593781590461731 0.9993618130683899
Car 0.0 0 -1.720611333847046 672.1053466796875 183.5840301513672 755.3306884765625 246.6883544921875 3.9787104 1.4748821 1.623674 2.6477253 1.7956718 19.54318 -1.585950493812561 0.9988299012184143
Car 0.0 0 -1.680060863494873 658.4608764648438 181.97344970703125 717.04150390625 230.4730987548828 3.9917722 1.5349972 1.619377 2.632536 1.8840827 25.587576 -1.577538251876831 0.9969522953033447
Car 0.0 0 -2.796496868133545 299.171875 178.4735565185547 455.8408203125 242.56207275390625 3.7351453 1.6608921 1.6866015 -6.3325386 1.8222709 19.76377 -3.1065731048583984 0.9856905341148376
Car 0.0 0 -1.6320329904556274 632.4405517578125 180.79824829101562 659.589111328125 203.51028442382812 3.982974 1.4295052 1.5859207 2.3692646 1.9893637 48.812653 -1.5835331678390503 0.9401960968971252
Car 0.0 0 0.9129974842071533 0.0 197.75216674804688 223.31410217285156 375.0 4.2010903 1.4911611 1.6174468 -6.4002547 1.7852602 7.3113422 0.19394826889038086 0.9373335242271423
Car 0.0 0 0.39512693881988525 238.04331970214844 184.34117126464844 433.2591552734375 251.7027587890625 4.010069 1.4865324 1.6244456 -6.4522367 1.7732087 17.101028 0.03434038162231445 0.9173800945281982
Car 0.0 0 0.560283362865448 193.28665161132812 189.0616912841797 400.25274658203125 266.2885437011719 3.6472669 1.4345734 1.560778 -6.4436765 1.7929255 14.887337 0.15179991722106934 0.8118043541908264
Car 0.0 0 -1.6521145105361938 645.4705200195312 177.93214416503906 683.6907348632812 213.48324584960938 3.376906 1.595024 1.5459911 2.5303197 1.850479 34.548424 -1.579005241394043 0.693058431148529
Car 0.0 0 -2.813040018081665 362.9031066894531 183.65342712402344 482.0505676269531 221.4932861328125 4.3271465 1.4410379 1.7069765 -7.5399265 1.8916302 29.06591 -3.0668532848358154 0.6488142013549805
