Car 0.0 0 3.636713743209839 49.2262077331543 193.65396118164062 371.6510314941406 293.2509765625 4.2274404 1.4197814 1.5659132 -6.1913223 1.7715704 11.400145 3.1391899585723877 0.995078444480896
Car 0.0 0 -0.5393586158752441 919.4269409179688 175.28262329101562 1242.0 296.8736572265625 4.092355 1.4754456 1.6628188 6.520391 1.5116947 9.725276 0.051264286041259766 0.9918115139007568
Car 0.0 0 0.6071687936782837 0.0 185.09542846679688 341.75006103515625 321.5408935546875 4.2111573 1.5430214 1.60271 -5.8765297 1.7144272 9.197192 0.03860211372375488 0.9901697039604187
Car 0.0 0 0.39646047353744507 160.93772888183594 177.7066192626953 396.95501708984375 270.6705322265625 3.81841 1.6824286 1.7028996 -6.3530245 1.783412 14.054558 -0.028076933696866035 0.9852131009101868
Car 0.0 0 -1.6921881437301636 635.00048828125 181.25189208984375 677.8396606445312 216.30828857421875 3.812208 1.5081156 1.5474988 2.088206 1.925986 33.920406 -1.6307038068771362 0.9827055931091309
Car 0.0 0 3.8777272701263428 0.0 201.1856689453125 195.63357543945312 375.0 4.1773276 1.4593364 1.6612753 -6.564999 1.7636397 6.849013 3.1134989261627197 0.9740230441093445
Car 0.0 0 -0.3207455277442932 738.9345092773438 182.0972900390625 911.6357421875 242.40731811523438 4.159857 1.5299675 1.639398 5.674191 1.7913028 19.4728 -0.03720585256814957 0.9703477621078491
Car 0.0 0 -0.8251868486404419 1028.2635498046875 174.7881317138672 1242.0 334.2633056640625 3.6686969 1.416049 1.6100672 6.5098305 1.4389693 7.421246 -0.10511883348226547 0.8354970812797546
Car 0.0 0 0.394185334444046 231.17913818359375 177.947265625 417.1487121582031 252.2144317626953 3.6902273 1.6296113 1.602261 -6.5999937 1.7543545 16.781334 0.019473552703857422 0.7822144031524658
Car 0.0 0 0.28498339653015137 380.61236572265625 182.2724151611328 492.84600830078125 223.64512634277344 3.8442466 1.497978 1.6574194 -6.5824065 1.8689393 27.465569 0.049759626388549805 0.7242072820663452
