Pedestrian 0.0 0 1.6339261531829834 505.848876953125 159.91644287109375 537.8746337890625 243.1653594970703 0.7790278 1.7540865 0.6432679 -1.7495978 1.300545 15.537778 1.521795630455017 0.9875634908676147
Pedestrian 0.0 0 -3.4490890502929688 843.8253173828125 153.1888427734375 966.966552734375 374.0 0.73504907 1.7214285 0.6643687 2.35006 1.5104908 5.7456985 -3.060837984085083 0.9867148995399475
Pedestrian 0.0 0 1.481095314025879 573.156982421875 161.61277770996094 597.6377563476562 230.1524658203125 0.9040381 1.7290632 0.55199975 -0.4551112 1.2285466 18.599472 1.4566311836242676 0.8292718529701233
Pedestrian 0.0 0 1.7969657182693481 649.3651733398438 161.07069396972656 679.302734375 224.25839233398438 0.83808136 1.7486708 0.67714643 1.7607577 1.1844575 20.379564 1.8831498622894287 0.8016079664230347
Pedestrian 0.0 0 2.6722607612609863 632.3125 162.0298309326172 662.5372924804688 225.33580017089844 0.6875546 1.8332717 0.6125031 1.3266089 1.2705734 21.21688 2.734705686569214 0.7555533647537231
Pedestrian 0.0 0 1.5447094440460205 473.7747497558594 169.46595764160156 489.56597900390625 207.1208953857422 0.80493927 1.6756457 0.6810114 -5.422405 1.1410768 32.4233 1.3790050745010376 0.5823052525520325
Pedestrian 0.0 0 -2.641545057296753 533.4819946289062 166.07525634765625 547.6002807617188 195.3736572265625 0.63070726 1.7674744 0.63359946 -3.7033527 0.837705 43.749302 -2.7259931564331055 0.4199545979499817
Pedestrian 0.0 0 0.3646836280822754 394.09918212890625 172.77052307128906 450.974853515625 287.4789123535156 0.6767651 1.7017252 0.6003581 -2.7716584 1.5735297 10.99188 0.11767768859863281 0.4182640314102173
Pedestrian 0.0 0 -1.7884446382522583 672.9551391601562 159.16592407226562 696.855712890625 219.30322265625 0.79543436 1.8337026 0.5778256 2.561267 1.1538111 22.32623 -1.6742238998413086 0.38714471459388733
Pedestrian 0.0 0 1.3753069639205933 708.18359375 150.0952606201172 785.4669799804688 296.97894287109375 1.1189158 1.793639 0.772525 1.8127167 1.4114869 9.330021 1.5672048330307007 0.34226101636886597
Pedestrian 0.0 0 1.5605794191360474 629.0213012695312 164.9937744140625 651.6098022460938 233.15908813476562 0.8380176 1.7030349 0.5639039 0.95570725 1.2918298 18.3746 1.6125450134277344 0.30444446206092834
Pedestrian 0.0 0 1.607078194618225 601.470947265625 160.33934020996094 618.2807006835938 211.30589294433594 1.0881592 1.8394812 0.58275163 0.29618403 1.0768019 26.480778 1.6182626485824585 0.2800512909889221
Pedestrian 0.0 0 2.795030355453491 609.7263793945312 165.2171173095703 647.3289184570312 230.93824768066406 0.83910763 1.7397622 0.6703346 0.6976435 1.3098902 19.46046 2.830864191055298 0.1831253618001938
Pedestrian 0.0 0 -2.8505825996398926 492.66058349609375 167.79641723632812 511.5137939453125 206.45741271972656 0.6760556 1.7090735 0.65752167 -4.453304 1.1042339 32.129097 -2.988311529159546 0.11690859496593475
Cyclist 0.0 0 -3.4338815212249756 822.8079223632812 136.8028564453125 989.9722900390625 373.4903564453125 1.0744108 1.7465655 0.6211084 2.3098218 1.4181356 5.6583767 -3.0463151931762695 0.1512085646390915
Cyclist 0.0 0 1.5140528678894043 713.4843139648438 141.1997528076172 775.5656127929688 301.1699523925781 1.4411484 1.8822256 0.686458 1.7557089 1.4093947 9.20878 1.7024478912353516 0.12494917958974838
Car 0.0 0 1.6855838298797607 542.6826782226562 169.33236694335938 573.3735961914062 193.89659118652344 3.9923358 1.6157408 1.6572405 -2.924759 0.8160863 49.285793 1.6263104677200317 0.9980923533439636
