Car 0.0 0 -1.7758723497390747 685.9600219726562 183.21200561523438 807.2972412109375 264.0107727050781 4.2162166 1.3978776 1.6240488 2.6457407 1.6465354 15.160559 -1.6030975580215454 0.9996028542518616
Car 0.0 0 3.6553192138671875 0.0 184.08595275878906 318.54827880859375 298.0020446777344 3.781876 1.5498055 1.5837377 -6.6417117 1.7323593 10.84227 3.1057040691375732 0.9985784292221069
Car 0.0 0 3.7826735973358154 0.0 189.46453857421875 251.506103515625 337.8861083984375 3.824577 1.5272155 1.6202509 -6.5754604 1.741884 8.458999 3.1219074726104736 0.996884286403656
Car 0.0 0 0.33777275681495667 295.4949951171875 185.00941467285156 472.6600646972656 243.93328857421875 4.1446757 1.4478744 1.6227665 -5.901207 1.782928 18.97849 0.03630805015563965 0.9968517422676086
Car 0.0 0 -2.1157989501953125 839.3870239257812 197.93040466308594 1242.0 375.0 3.295629 1.4698693 1.5121497 2.9766023 1.7143768 5.347597 -1.6078842878341675 0.9946048855781555
Car 0.0 0 -1.6994298696517944 666.2726440429688 178.29664611816406 725.1629028320312 221.53590393066406 3.9708748 1.4065913 1.588726 2.9609222 1.6179248 25.969189 -1.5859034061431885 0.9908437728881836
Car 0.0 0 -1.6321934461593628 648.1859741210938 174.27835083007812 678.1433715820312 201.58853149414062 3.9594183 1.6291732 1.6246576 3.2597914 1.7227578 45.235733 -1.560255527496338 0.9886694550514221
Car 0.0 0 3.9312872886657715 0.0 194.96380615234375 93.17679595947266 375.0 3.7393277 1.5256695 1.5983387 -6.761376 1.7352197 5.909043 3.078720808029175 0.9791147708892822
Car 0.0 0 -2.8535704612731934 339.08819580078125 174.77517700195312 476.6842041015625 228.91262817382812 4.109114 1.735468 1.6930021 -6.710557 1.8022625 24.069313 -3.125467300415039 0.9742416143417358
Car 0.0 0 3.4197475910186768 321.197265625 179.505126953125 462.7166442871094 232.8922576904297 3.7504842 1.5203618 1.6386864 -6.4922543 1.7276535 21.600998 3.1277830600738525 0.9598828554153442
