Pedestrian 0.0 0 -3.0866429805755615 575.222412109375 164.33384704589844 610.863525390625 235.52980041503906 0.8563407 1.7364899 0.5508828 -0.23555407 1.3189943 17.81084 -3.099867582321167 0.966285765171051
Pedestrian 0.0 0 -2.2194461822509766 205.2180633544922 164.87887573242188 312.2624206542969 331.0028991699219 0.9039564 1.6070794 0.5622057 -3.5783198 1.4476585 7.4023685 -2.669727325439453 0.8632361888885498
Pedestrian 0.0 0 -0.5610145330429077 948.4006958007812 150.07876586914062 1026.04541015625 295.7283935546875 0.6445265 1.7893013 0.6093406 4.853664 1.4046319 9.149555 -0.07328066229820251 0.7821200489997864
Pedestrian 0.0 0 1.8307088613510132 516.1487426757812 164.04039001464844 549.5056762695312 228.3409423828125 0.72347635 1.7255865 0.75122714 -1.905325 1.258198 19.69285 1.7342569828033447 0.5207973718643188
Pedestrian 0.0 0 2.089207410812378 119.2911605834961 183.68130493164062 299.7396545410156 374.0 1.018668 1.5815864 0.64203465 -2.617053 1.599175 4.813114 1.5911877155303955 0.4785500466823578
Pedestrian 0.0 0 1.2505578994750977 796.232421875 157.60458374023438 838.7077026367188 253.2017364501953 0.73373556 1.7593602 0.5648625 4.0382857 1.3208565 13.593117 1.5393365621566772 0.3518248498439789
Pedestrian 0.0 0 -2.806577444076538 548.9678955078125 163.84185791015625 577.9866943359375 219.7997283935547 0.7521321 1.7345031 0.62389773 -1.220724 1.1882726 22.66738 -2.860379219055176 0.34599244594573975
Pedestrian 0.0 0 -1.6266252994537354 667.12548828125 160.17010498046875 679.8939819335938 198.931396484375 0.8297167 1.7319883 0.5281272 3.2470908 0.7798397 32.521072 -1.5271093845367432 0.31995880603790283
Pedestrian 0.0 0 1.5766077041625977 704.3899536132812 160.55198669433594 725.0711669921875 221.49612426757812 1.0157899 1.7905813 0.60144705 3.3880804 1.176245 21.652115 1.7318270206451416 0.12937062978744507
Cyclist 0.0 0 -1.8574812412261963 692.4285888671875 164.81231689453125 745.5721435546875 247.83132934570312 1.9913913 1.7170956 0.6112225 2.5279436 1.3731791 15.881532 -1.6996303796768188 0.8655034303665161
Cyclist 0.0 0 1.645276665687561 419.4742736816406 161.5669403076172 474.2781677246094 286.8103942871094 1.7632377 1.727397 0.68232995 -2.3386214 1.4537951 10.825117 1.4325098991394043 0.836885392665863
Cyclist 0.0 0 -1.68830406665802 649.9407348632812 162.4283905029297 672.4509887695312 213.88125610351562 1.8317914 1.8119801 0.6033497 2.1458452 1.1414086 26.22061 -1.6066479682922363 0.5686053037643433
Cyclist 0.0 0 2.1514382362365723 103.02166748046875 182.86758422851562 295.7437438964844 374.0 1.0573255 1.6006627 0.6598557 -2.6903806 1.6123118 4.8306437 1.6432820558547974 0.3412706255912781
Cyclist 0.0 0 -0.28723084926605225 572.2400512695312 169.52662658691406 625.9749145507812 237.13665771484375 1.2180561 1.6342378 0.57820755 -0.095335096 1.3460178 17.813124 -0.29258275032043457 0.12430189549922943
Car 0.0 0 -1.64780592918396 642.0354614257812 178.52761840820312 689.1162109375 219.74197387695312 3.3669004 1.4024403 1.4368981 2.2563806 1.3023713 26.130804 -1.561670184135437 0.23545843362808228
