Car 0.0 0 -1.5189263820648193 710.4127807617188 170.51625061035156 791.6272583007812 247.8955535888672 3.885736 1.5403323 1.6090983 3.258964 1.4941546 16.44115 -1.3232430219650269 0.9988975524902344
Car 0.0 0 -1.735487937927246 925.9284057617188 163.300537109375 1027.0277099609375 234.16847229003906 4.3740606 1.6904565 1.7115583 9.71923 1.4629301 19.550205 -1.2741292715072632 0.9903360605239868
Car 0.0 0 -1.9045218229293823 950.9579467773438 150.51011657714844 1144.7679443359375 261.0997619628906 4.4783764 1.7691262 1.7499037 8.070834 1.412044 13.904925 -1.378616452217102 0.9828500151634216
Car 0.0 0 -2.2438392639160156 0.0 192.73680114746094 307.45098876953125 338.4530334472656 3.492131 1.4640433 1.6144583 -5.7987714 1.7466942 8.923914 -2.8200747966766357 0.9800154566764832
Car 0.0 0 3.858351230621338 0.0 213.74681091308594 63.326473236083984 341.5172119140625 3.8350115 1.4850396 1.4743389 -10.031759 2.0931482 9.835473 3.0630736351013184 0.6916681528091431
Car 0.0 0 -1.6041171550750732 731.5147094726562 169.73529052734375 791.6121826171875 228.689697265625 3.5443966 1.5813156 1.5894341 4.336394 1.4980214 21.231043 -1.4026405811309814 0.498414546251297
Car 0.0 0 -1.7658448219299316 892.9901123046875 157.55442810058594 956.03955078125 208.82440185546875 3.993806 1.9617249 1.6222756 12.825108 1.3766805 29.728146 -1.3585549592971802 0.2526909410953522
Car 0.0 0 -0.1230841875076294 319.48126220703125 177.22503662109375 578.0994262695312 275.7164306640625 4.0916324 1.4713098 1.6513255 -2.8004935 1.5555637 12.376295 -0.3456155061721802 0.1820470541715622
Car 0.0 0 -2.8530993461608887 0.0 0.0 1242.0 375.0 3.9477837 1.5657796 1.6150706 3.044001 1.6497451 0.83865005 -1.5511423349380493 0.13978907465934753
Car 0.0 0 1.30629563331604 862.877685546875 168.9145965576172 895.5159301757812 187.5336151123047 4.0991426 1.4957075 1.5211753 22.34169 1.1796032 60.070496 1.6623672246932983 0.10499072819948196
Car 0.0 0 1.7367123365402222 543.0983276367188 175.09820556640625 600.161376953125 218.2976837158203 4.235326 1.5145005 1.5070821 -1.4368572 1.607865 27.71033 1.684906005859375 0.1047290563583374
