Pedestrian 0.0 0 -2.9224257469177246 536.0950927734375 166.91937255859375 589.5452270507812 258.463623046875 0.89937013 1.684716 0.6164193 -0.7622892 1.4176493 13.594276 -2.9784414768218994 0.9915283918380737
Pedestrian 0.0 0 0.9646190404891968 747.0548706054688 151.53463745117188 869.0498657226562 367.5043640136719 0.8874504 1.809359 0.68002284 1.8075323 1.5597014 6.546634 1.234008550643921 0.986868679523468
Pedestrian 0.0 0 2.3309335708618164 1121.3525390625 147.47889709472656 1197.4727783203125 270.1430358886719 0.6888058 1.7529613 0.56880784 8.176687 1.2680895 10.596629 2.98813533782959 0.9572288393974304
Pedestrian 0.0 0 -2.1279523372650146 987.906005859375 148.25799560546875 1063.0120849609375 271.9947509765625 0.8152587 1.767816 0.6219054 6.2386546 1.2942057 10.676447 -1.5991286039352417 0.9489590525627136
Pedestrian 0.0 0 1.1488265991210938 865.2276000976562 156.93199157714844 963.2225952148438 354.4330139160156 0.6649386 1.7062005 0.5941183 2.7770693 1.4953429 6.5415273 1.5502983331680298 0.9378828406333923
Pedestrian 0.0 0 1.8694939613342285 197.32693481445312 157.1798858642578 282.43084716796875 338.87933349609375 0.86062413 1.7632345 0.56202435 -3.7669713 1.5286001 7.4398484 1.4008002281188965 0.9267097115516663
Pedestrian 0.0 0 0.11668680608272552 485.6424560546875 165.55795288085938 520.2012329101562 221.39364624023438 1.0185153 1.7509941 0.6920922 -3.1560974 1.2521623 22.88056 -0.02038615755736828 0.7078636884689331
Pedestrian 0.0 0 -1.7193658351898193 716.7431030273438 164.51846313476562 750.9830932617188 244.49557495117188 1.0280476 1.7835257 0.62609965 3.0015528 1.4060476 16.540041 -1.539847493171692 0.5909655094146729
Pedestrian 0.0 0 2.875843048095703 87.22856140136719 153.2983856201172 172.48028564453125 308.7214050292969 0.7635294 1.8083191 0.5227649 -5.828442 1.4815457 8.814404 2.2916064262390137 0.45016273856163025
Pedestrian 0.0 0 -2.170828342437744 936.9007568359375 147.54197692871094 1002.267578125 248.3988037109375 0.9989109 1.7635003 0.5978171 6.6493635 1.1710141 13.09161 -1.7008726596832275 0.2624492347240448
Pedestrian 0.0 0 2.4629404544830322 1085.8607177734375 152.3153839111328 1152.5390625 258.2099914550781 0.6771328 1.7038826 0.58288383 8.499573 1.2355844 11.865933 3.0845227241516113 0.19949699938297272
Cyclist 0.0 0 -3.457143545150757 916.9558715820312 152.16307067871094 1017.2689208984375 247.7571563720703 1.4770327 1.6705556 0.6831642 6.546682 1.1591539 12.999433 -2.990609884262085 0.15915487706661224
Cyclist 0.0 0 -1.4927451610565186 507.2167663574219 167.09933471679688 531.2692260742188 225.7162628173828 1.8146943 1.7177155 0.5947694 -2.5259712 1.2968493 21.965118 -1.6072413921356201 0.1164684072136879
Cyclist 0.0 0 0.6015042662620544 168.22669982910156 157.0740203857422 324.06976318359375 331.91302490234375 1.2903181 1.7143625 0.68911546 -3.7185373 1.4762266 7.4719825 0.13972711563110352 0.10414127260446548
Car 0.0 0 1.7214152812957764 462.38250732421875 169.0112762451172 526.5565185546875 218.01101684570312 4.4239273 1.6880502 1.7331562 -3.9370003 1.2588804 26.960957 1.5764141082763672 0.79776930809021
