Car 0.0 0 -1.8968329429626465 782.6121826171875 184.25108337402344 980.037841796875 307.666015625 3.615589 1.4593983 1.587565 3.715286 1.6571499 10.6793785 -1.5620360374450684 0.9994372725486755
Car 0.0 0 -2.192117214202881 914.717529296875 184.27828979492188 1242.0 375.0 3.8576114 1.503509 1.5985985 3.7502286 1.616832 5.2003713 -1.5673396587371826 0.9992976188659668
Car 0.0 0 -1.7787209749221802 727.1720581054688 180.1958465576172 844.9268798828125 261.1211853027344 4.136342 1.5090005 1.6544827 3.6631134 1.6924965 15.912584 -1.5524604320526123 0.9991194605827332
Car 0.0 0 1.8217308521270752 404.43194580078125 182.07876586914062 497.5606994628906 241.49620056152344 4.25085 1.5086569 1.649207 -4.571533 1.8069031 21.142097 1.6087803840637207 0.998965859413147
Car 0.0 0 1.8642644882202148 328.6504211425781 186.60958862304688 457.29412841796875 268.1937255859375 3.9083905 1.4890956 1.6136029 -4.626567 1.8278975 15.789125 1.5792213678359985 0.9984217882156372
Car 0.0 0 2.008383274078369 128.23379516601562 194.5574188232422 381.91302490234375 336.3651123046875 4.028985 1.4849082 1.5896043 -4.7130795 1.852502 10.188243 1.5751007795333862 0.9981441497802734
Car 0.0 0 -1.6853269338607788 696.22900390625 177.55406188964844 754.3535766601562 224.21609497070312 3.6737368 1.5754595 1.6904916 4.132504 1.7613063 26.604023 -1.5312247276306152 0.9977306723594666
Car 0.0 0 -1.6839160919189453 708.4545288085938 180.23414611816406 782.9901733398438 238.87538146972656 3.9034762 1.5070544 1.6793741 3.8091238 1.7432065 21.047394 -1.504875659942627 0.9954116940498352
Car 0.0 0 1.707009196281433 512.5430908203125 178.93142700195312 552.0567626953125 209.45643615722656 3.2777128 1.4671508 1.5857557 -3.9777226 1.7931712 36.999912 1.5999141931533813 0.9943743944168091
Car 0.0 0 -1.6995145082473755 686.0762329101562 179.33056640625 738.0292358398438 215.26370239257812 3.9978878 1.4603454 1.7714294 4.421039 1.7664235 32.05049 -1.5624396800994873 0.9798734188079834
