Pedestrian 0.0 0 2.021113395690918 118.18377685546875 136.9668731689453 266.3171081542969 374.0 0.9831274 1.7667578 0.6045513 -3.0854845 1.4639425 5.415434 1.503227710723877 0.9662981033325195
Pedestrian 0.0 0 2.70654034614563 724.0753784179688 140.97837829589844 797.4501953125 287.0709228515625 0.7496721 1.7768013 0.5315836 1.9580574 1.2853119 9.075866 2.9190268516540527 0.8618777394294739
Pedestrian 0.0 0 -1.6462349891662598 610.4197998046875 155.02093505859375 639.997314453125 240.0087127685547 1.1336251 1.8513128 0.5792114 0.4895117 1.2757356 16.224422 -1.6160728931427002 0.8139983415603638
Pedestrian 0.0 0 1.7486283779144287 705.5371704101562 154.03707885742188 755.5048217773438 275.3517761230469 0.72127396 1.7079582 0.60738176 1.8607569 1.3226324 10.553922 1.9231443405151367 0.7063315510749817
Pedestrian 0.0 0 -1.4090371131896973 756.9019165039062 151.53060913085938 806.2948608398438 274.1457214355469 0.7570255 1.6841277 0.57724464 2.553642 1.2738178 10.325293 -1.1665832996368408 0.5902049541473389
Pedestrian 0.0 0 -1.6777441501617432 509.5402526855469 157.08975219726562 530.937255859375 215.5417022705078 0.9314985 1.8036032 0.57282984 -2.5964408 1.0515095 22.679642 -1.7917312383651733 0.5535165667533875
Pedestrian 0.0 0 1.7208170890808105 0.0 154.36074829101562 94.7093505859375 363.4548034667969 0.8468041 1.579771 0.58173907 -4.6458726 1.3761228 5.9363337 1.0567660331726074 0.4800073206424713
Pedestrian 0.0 0 -0.1225506067276001 789.5259399414062 148.68650817871094 880.4890747070312 312.85809326171875 0.85566586 1.6656368 0.53026754 2.409803 1.3340863 7.6241827 0.18358659744262695 0.3573721647262573
Pedestrian 0.0 0 -1.659704327583313 831.2001953125 134.0015869140625 916.5826416015625 345.504638671875 0.7936241 1.7267768 0.62632585 2.322462 1.340375 6.32666 -1.3078852891921997 0.3458627462387085
Pedestrian 0.0 0 1.5244975090026855 339.189453125 154.74722290039062 392.9842834472656 303.56427001953125 0.9898164 1.6915705 0.5689552 -2.920502 1.3888284 8.726762 1.2015529870986938 0.1969549059867859
Cyclist 0.0 0 0.0010012984275817871 596.2499389648438 157.44325256347656 655.6378784179688 239.89468383789062 1.315678 1.8253001 0.5449772 0.51476777 1.2939541 16.193705 0.03277873992919922 0.35011008381843567
Cyclist 0.0 0 -2.9325385093688965 424.8442687988281 156.11033630371094 506.1263122558594 250.1058349609375 1.3919082 1.7078638 0.6083382 -2.5542705 1.2478107 13.367466 -3.1213436126708984 0.2729172110557556
Cyclist 0.0 0 2.106205940246582 108.79605102539062 148.6782684326172 263.1506652832031 374.0 0.91195786 1.6777098 0.59175515 -3.0280735 1.4611474 5.2268953 1.5811269283294678 0.1602124571800232
Cyclist 0.0 0 1.0452585220336914 0.0 153.7627410888672 148.43544006347656 374.0 1.2168458 1.6917375 0.8104467 -4.573311 1.4890832 5.8858814 0.384702205657959 0.1342630386352539
Car 0.0 0 1.6859726905822754 536.9221801757812 164.61309814453125 591.7017211914062 207.24082946777344 3.7165859 1.52543 1.6861908 -1.3780727 0.9221868 27.612291 1.6361061334609985 0.9938606023788452
Car 0.0 0 2.0704970359802246 1190.989990234375 66.98358917236328 1238.0 374.0 4.332827 1.6008023 1.6234963 5.0375586 1.2927877 2.7505221 3.141524076461792 0.131445974111557
