Car 0.0 0 -1.7593839168548584 670.548095703125 180.45338439941406 764.0458984375 247.9051055908203 4.0749207 1.5090687 1.6231903 2.6010869 1.7280934 18.68327 -1.6210529804229736 0.9992640614509583
Car 0.0 0 3.5976531505584717 126.37828063964844 183.86903381347656 374.0079345703125 276.59674072265625 3.7793682 1.5950772 1.6833767 -6.616817 1.8137312 13.453045 3.1405506134033203 0.9984776377677917
Car 0.0 0 0.3688035011291504 269.0678405761719 188.0965576171875 445.9578552246094 250.43768310546875 3.934786 1.4678706 1.5125588 -6.337824 1.870375 18.211155 0.03389477729797363 0.9957315325737
Car 0.0 0 -1.6601262092590332 652.8292236328125 180.775634765625 699.02783203125 218.7004852294922 3.7117343 1.4301848 1.5637957 2.6258097 1.7785704 29.840073 -1.5723562240600586 0.9872293472290039
Car 0.0 0 3.369319200515747 333.403076171875 182.06507873535156 463.11810302734375 232.3830108642578 3.7135804 1.5220953 1.5914936 -6.730403 1.8282406 23.051657 3.085245132446289 0.9831544160842896
Car 0.0 0 0.3910927474498749 223.40264892578125 181.73109436035156 429.44891357421875 261.5091247558594 3.9484918 1.6562707 1.5749704 -6.2274156 1.8635154 15.987057 0.01964592933654785 0.9654780030250549
Car 0.0 0 -1.458750605583191 628.1676635742188 175.11744689941406 655.7527465820312 195.9751434326172 3.9578054 1.4580739 1.5922507 2.3537638 1.6311176 52.96689 -1.4143414497375488 0.8484178781509399
Car 0.0 0 -1.7183433771133423 661.2244262695312 182.9025421142578 725.1691284179688 231.58966064453125 3.598254 1.463829 1.6070241 2.6758657 1.827737 24.273846 -1.6085500717163086 0.8464165329933167
Car 0.0 0 -1.6157898902893066 638.53564453125 177.79843139648438 668.8567504882812 204.7139892578125 3.727208 1.4595178 1.5739179 2.450898 1.7583969 41.686047 -1.557063341140747 0.8242003321647644
Car 0.0 0 -2.2052602767944336 432.2073059082031 174.3849334716797 510.39129638671875 215.01638793945312 3.6347485 1.735281 1.6512941 -6.3772593 1.8091174 32.789566 -2.397352695465088 0.7180085182189941
Car 0.0 0 0.3535473942756653 308.90032958984375 181.50067138671875 454.1906433105469 239.69479370117188 3.6515036 1.5787586 1.5976669 -6.537096 1.8380673 20.720497 0.04794144630432129 0.6498335003852844
