Car 0.0 0 -1.7421332597732544 692.6661376953125 178.90380859375 788.0367431640625 251.54969787597656 3.693042 1.5373666 1.6266708 2.9769413 1.6993277 17.42284 -1.5729031562805176 0.9977031350135803
Car 0.0 0 1.883927822113037 327.18072509765625 191.5886993408203 435.8130187988281 254.42044067382812 4.02887 1.4146991 1.6195542 -6.0648184 1.9732859 19.473183 1.5820046663284302 0.9974564909934998
Car 0.0 0 1.7803874015808105 416.6160583496094 182.0638885498047 485.05731201171875 224.40623474121094 4.2508082 1.4570101 1.7314714 -6.0929475 1.8404917 27.882395 1.5652462244033813 0.9969743490219116
Car 0.0 0 2.0084707736968994 200.65020751953125 193.8842010498047 367.76153564453125 288.86065673828125 3.512499 1.4905809 1.5692053 -6.118545 1.9472606 13.880035 1.59328031539917 0.9965049028396606
Car 0.0 0 1.7600046396255493 459.5585632324219 181.4738006591797 505.86566162109375 214.27967834472656 3.6498394 1.4409386 1.5211731 -6.065639 1.8753048 34.490612 1.585921287536621 0.9923672080039978
Car 0.0 0 1.6797195672988892 529.3494262695312 178.20591735839844 550.6397705078125 196.98191833496094 3.594127 1.4892095 1.3834898 -5.8242407 1.9484675 60.060234 1.5830484628677368 0.9854629039764404
Car 0.0 0 -1.569366216659546 636.0526733398438 173.6193084716797 653.3072509765625 189.64295959472656 3.688144 1.4356889 1.5493454 3.187699 1.5087957 66.70526 -1.521614670753479 0.9793441891670227
Car 0.0 0 1.6286206245422363 561.5032958984375 177.4845428466797 582.7893676757812 195.0767364501953 3.8966901 1.4504976 1.6199378 -3.2704837 1.8643104 62.46972 1.5763152837753296 0.9299562573432922
Car 0.0 0 1.841878890991211 477.96612548828125 180.46665954589844 520.1900634765625 207.17889404296875 3.428556 1.4226437 1.5241302 -6.327623 1.8770416 41.239243 1.689629316329956 0.8691911101341248
Car 0.0 0 1.6698917150497437 496.3684387207031 180.36233520507812 528.7581176757812 205.08372497558594 3.5388982 1.4593617 1.6831448 -6.133884 1.9517324 45.481163 1.5358340740203857 0.6883789300918579
