Pedestrian 0.0 0 -2.1741082668304443 758.8995361328125 132.87994384765625 819.7432861328125 249.1132049560547 0.8700558 1.7149729 0.50189066 2.788533 1.0140216 10.922221 -1.9241398572921753 0.9787411093711853
Pedestrian 0.0 0 0.05121457576751709 824.1139526367188 136.08322143554688 920.0564575195312 330.5788269042969 0.84462243 1.7834458 0.5158348 2.5508475 1.3778616 6.8821583 0.40616297721862793 0.9717454314231873
Pedestrian 0.0 0 1.4200384616851807 646.754638671875 142.80369567871094 674.11083984375 207.15884399414062 0.89743966 1.8581523 0.6759335 1.5960891 0.77130044 20.882566 1.4963217973709106 0.9700564742088318
Pedestrian 0.0 0 1.9766765832901 394.5875549316406 130.37696838378906 429.7691345214844 199.13108825683594 0.7686272 1.8242868 0.6738211 -5.2599216 0.49593228 19.182585 1.709051489830017 0.462862104177475
Pedestrian 0.0 0 1.3877238035202026 617.4814453125 147.31309509277344 640.5770263671875 201.05203247070312 0.9882397 1.8799773 0.65375173 0.82408726 0.72051084 25.267637 1.420326590538025 0.4002421200275421
Pedestrian 0.0 0 -0.7784994840621948 385.3666687011719 134.20263671875 415.62896728515625 198.4353790283203 0.602277 1.8144028 0.5829244 -5.9251876 0.50819963 20.372292 -1.0615365505218506 0.3655133843421936
Pedestrian 0.0 0 1.5371919870376587 419.6742248535156 138.2534637451172 445.1791076660156 214.56570434570312 1.0573915 1.7994686 0.56582445 -4.258128 0.8048852 17.25321 1.2952253818511963 0.3104478716850281
Pedestrian 0.0 0 -2.5842227935791016 234.05975341796875 137.3967742919922 297.6064453125 247.7146759033203 0.7937633 1.8356758 0.5811235 -5.8364077 1.1200941 12.09176 -3.0339157581329346 0.2054762840270996
Pedestrian 0.0 0 -1.1243987083435059 409.5437927246094 131.98179626464844 438.97509765625 197.53065490722656 0.7457765 1.8506042 0.55581003 -5.2375035 0.4823904 20.376371 -1.375990390777588 0.16229143738746643
Pedestrian 0.0 0 -1.6730666160583496 477.19287109375 141.56900024414062 500.0102844238281 203.13771057128906 0.9063042 1.645959 0.52551186 -3.2363203 0.60677284 19.403555 -1.838335394859314 0.10742069035768509
