Pedestrian 0.0 0 1.7656055688858032 158.77040100097656 168.277099609375 269.53277587890625 374.0 0.8739416 1.6415787 0.6895811 -3.360494 1.5381634 6.210665 1.269633173942566 0.9934885501861572
Pedestrian 0.0 0 -1.9944173097610474 888.937744140625 145.52012634277344 952.1826171875 255.69802856445312 1.0234797 1.8117259 0.62183416 5.412059 1.2213745 12.3242 -1.5806305408477783 0.950433075428009
Pedestrian 0.0 0 -1.7336058616638184 721.5010375976562 162.31918334960938 744.7512817382812 219.2036895751953 0.7980699 1.7618883 0.5976085 4.1196375 1.1689112 22.650522 -1.553694248199463 0.8194120526313782
Pedestrian 0.0 0 -1.7112398147583008 296.94732666015625 182.9162139892578 370.32537841796875 346.3763427734375 0.9299812 1.4504601 0.5295331 -2.6431253 1.4665176 6.915753 -2.076298236846924 0.5341328978538513
Pedestrian 0.0 0 -2.4904356002807617 76.33504486083984 169.65345764160156 255.5317840576172 374.0 0.88101727 1.70771 0.7294171 -3.2579896 1.6275679 5.3507233 -3.0373644828796387 0.2697082459926605
Pedestrian 0.0 0 -2.8074545860290527 485.4664001464844 171.19586181640625 505.3934020996094 214.09295654296875 0.6289326 1.6291084 0.49868152 -4.0875673 1.2388129 27.581137 -2.954585313796997 0.17467337846755981
Pedestrian 0.0 0 0.1203717514872551 477.3760986328125 165.5643768310547 499.86590576171875 210.46656799316406 0.8108846 1.7497568 0.5959055 -4.4588714 1.1297891 28.301912 -0.03589048236608505 0.1480075865983963
Pedestrian 0.0 0 -1.454978108406067 567.9732055664062 168.42779541015625 579.6781005859375 198.61892700195312 0.8941981 1.7338566 0.5810408 -1.5991546 0.98391694 41.71915 -1.4932907819747925 0.10168696939945221
Cyclist 0.0 0 -1.961359977722168 842.2821655273438 157.57286071777344 974.5253295898438 374.0 1.4563121 1.7170181 0.5561897 2.6291637 1.5286012 6.42455 -1.5729161500930786 0.23716865479946136
Car 0.0 0 -1.7052940130233765 681.1233520507812 163.27378845214844 744.4114379882812 220.37210083007812 4.0127063 1.7925153 1.5927701 3.6949754 1.2214373 24.56634 -1.5560050010681152 0.9456061124801636
Car 0.0 0 -1.6205228567123413 654.8496704101562 170.2322540283203 681.116943359375 196.46926879882812 3.216901 1.515604 1.4056395 3.9689465 0.8654977 43.129192 -1.5287567377090454 0.141932874917984
Car 0.0 0 -1.6757287979125977 760.5541381835938 182.8626251220703 894.9647216796875 291.031982421875 3.5647855 1.4613061 1.6524861 3.4512198 1.4882832 11.652192 -1.3877744674682617 0.1285793036222458
