Pedestrian 0.0 0 0.9529974460601807 796.5341796875 138.0120391845703 891.0631103515625 327.4178161621094 0.6993925 1.8012359 0.6109009 2.3468378 1.3988756 7.143424 1.2704198360443115 0.995381772518158
Pedestrian 0.0 0 0.9843475222587585 657.8866577148438 150.95883178710938 727.6214599609375 284.92852783203125 0.81003255 1.6833302 0.559661 1.1033089 1.3138224 9.366875 1.1015956401824951 0.968499481678009
Pedestrian 0.0 0 1.016356348991394 705.7349853515625 140.0243377685547 806.361572265625 331.2989501953125 0.84785396 1.8385327 0.66672724 1.4904175 1.451177 7.3042426 1.2176413536071777 0.9647570848464966
Pedestrian 0.0 0 2.2694008350372314 881.9697875976562 171.4606170654297 927.4393920898438 240.08343505859375 0.9374825 1.6784135 0.5871331 7.4927163 1.4589218 17.763298 2.668565511703491 0.882640540599823
Pedestrian 0.0 0 0.9758549928665161 919.494384765625 141.80242919921875 1021.216796875 335.3720703125 0.7021753 1.7333796 0.55754393 3.3955667 1.3885512 6.7099566 1.444330096244812 0.8816854953765869
Pedestrian 0.0 0 1.2483091354370117 608.3705444335938 119.37907409667969 647.9655151367188 218.5603790283203 0.6755433 1.8428147 0.5710515 0.39415923 0.70880926 13.538092 1.2774157524108887 0.7870425581932068
Pedestrian 0.0 0 0.5904482007026672 488.7249450683594 142.9095001220703 589.7620849609375 316.48309326171875 0.9202299 1.7523793 0.57086164 -0.755575 1.3745633 7.60207 0.4913828372955322 0.7406763434410095
Pedestrian 0.0 0 -2.4291391372680664 998.0794067382812 147.29690551757812 1104.8900146484375 331.8545227050781 0.63515955 1.6459533 0.57218325 4.1588907 1.351537 6.6890616 -1.8728840351104736 0.508476734161377
Pedestrian 0.0 0 0.9055374264717102 541.0267333984375 129.90289306640625 648.6784057617188 299.0494079589844 1.1550242 1.8779922 0.739541 -0.18793969 1.3179117 8.52621 0.8834984302520752 0.4560738205909729
Pedestrian 0.0 0 1.3871536254882812 663.92431640625 129.5027313232422 697.8150024414062 219.5266571044922 0.7493004 1.69333 0.52131754 1.4182899 0.7357186 13.688834 1.4903944730758667 0.44364067912101746
Pedestrian 0.0 0 1.0749585628509521 622.0911865234375 132.64312744140625 702.2990112304688 288.43316650390625 0.8605241 1.8371227 0.67023486 0.6539046 1.2744623 8.8625555 1.1486079692840576 0.4013883173465729
Pedestrian 0.0 0 1.5760434865951538 568.4789428710938 132.6001739501953 597.4485473632812 228.0791778564453 0.6592719 1.7575489 0.53334475 -0.4588589 0.87746197 13.347433 1.5416789054870605 0.38734376430511475
Pedestrian 0.0 0 -0.7587913870811462 1097.52197265625 131.34622192382812 1224.0 370.0 0.6119543 1.6759875 0.6008513 2.3456419 1.5115225 2.6991563 -0.04335392266511917 0.34722816944122314
Pedestrian 0.0 0 -0.6412856578826904 231.7873077392578 127.90188598632812 306.7069396972656 244.4488983154297 0.8297341 1.8129581 0.7348242 -5.5134325 0.9964205 11.531711 -1.0872688293457031 0.22183765470981598
Pedestrian 0.0 0 1.726814866065979 491.76202392578125 129.08970642089844 530.0154418945312 230.4639129638672 0.8381662 1.8491832 0.5943119 -1.8052995 0.9130395 13.317732 1.592079997062683 0.1407226324081421
Pedestrian 0.0 0 0.5004592537879944 290.3212890625 137.98497009277344 345.72216796875 242.80642700195312 0.69828624 1.8057637 0.62125504 -5.118598 1.0750018 12.523232 0.11245131492614746 0.10304445028305054
Car 0.0 0 -0.6527494788169861 442.81103515625 163.47256469726562 752.7918701171875 318.3778076171875 3.700789 1.5613425 1.5521472 -0.026744967 1.391411 8.865019 -0.6557663679122925 0.12171506136655807
