Cyclist 0.0 0 -1.608983039855957 655.5685424804688 164.33718872070312 668.93212890625 210.5009002685547 1.6148891 1.9149326 0.50317216 2.1778257 1.5620017 30.742805 -1.53826105594635 0.20821984112262726
Car 0.0 0 1.7792778015136719 365.4129943847656 192.63490295410156 489.0861511230469 271.7223815917969 4.4203696 1.4057823 1.7825993 -3.9566727 1.9110826 16.178707 1.5394251346588135 0.9997181296348572
Car 0.0 0 -1.6338896751403809 634.0953369140625 176.18862915039062 670.9869384765625 207.98980712890625 4.14949 1.5052068 1.6006813 2.071547 1.6846411 36.66518 -1.5774506330490112 0.9987367987632751
Car 0.0 0 1.7447700500488281 458.3454284667969 186.67648315429688 518.3121948242188 233.60971069335938 3.2463083 1.453148 1.5031517 -4.1810894 1.9622707 24.925972 1.578576922416687 0.9980809688568115
Car 0.0 0 1.975570559501648 188.9918975830078 199.89874267578125 351.1253662109375 282.5404968261719 3.8186774 1.3391019 1.6297817 -6.8467784 1.969732 14.882348 1.5443819761276245 0.996736466884613
Car 0.0 0 -0.2387847602367401 740.6742553710938 167.11012268066406 849.4507446289062 205.65042114257812 4.040181 1.5384272 1.7101183 7.5035896 1.3095046 29.672155 0.008905649185180664 0.9429845809936523
Car 0.0 0 -3.593552589416504 937.1292724609375 156.08175659179688 1023.6182861328125 184.27989196777344 4.1922617 1.6232926 1.7271595 21.698599 0.6581168 42.440983 -3.1209335327148438 0.885044276714325
Car 0.0 0 -0.27061447501182556 743.9732666015625 161.74368286132812 833.5467529296875 198.50418090820312 3.656747 1.6329184 1.6547003 8.071544 1.139751 32.93055 -0.030245255678892136 0.31918612122535706
Car 0.0 0 1.6057549715042114 709.3995971679688 170.7803497314453 739.4052124023438 200.99688720703125 4.621716 1.5958115 1.505093 6.433396 1.4866544 40.515594 1.763228416442871 0.28097179532051086
Car 0.0 0 -2.9165711402893066 0.0 0.0 1242.0 375.0 3.8237674 1.5677195 1.6749419 2.6985776 1.667865 0.55295765 -1.5478841066360474 0.10343437641859055
