Car 0.0 0 -1.8145416975021362 705.9365844726562 176.69361877441406 851.70166015625 282.9912414550781 3.585458 1.577962 1.6175559 2.731373 1.6553555 12.656661 -1.6019960641860962 0.9989528656005859
Car 0.0 0 -1.6900643110275269 659.0940551757812 176.08499145507812 714.8623657226562 221.32998657226562 3.751968 1.522091 1.5787346 2.7043242 1.6492723 26.429781 -1.5880980491638184 0.9988942742347717
Car 0.0 0 0.5579575300216675 50.49227523803711 180.64852905273438 371.5744323730469 295.5350036621094 4.143775 1.6268536 1.7005621 -6.152506 1.7600392 11.319875 0.06010794639587402 0.9986106157302856
Car 0.0 0 -2.2256572246551514 856.6903686523438 197.194091796875 1242.0 375.0 4.021659 1.4239838 1.649464 2.7795208 1.6199886 3.770399 -1.590401530265808 0.9950413107872009
Car 0.0 0 0.2381981611251831 372.32275390625 177.4232635498047 499.3609619140625 223.96435546875 3.8420904 1.4861431 1.5794109 -5.766554 1.6434506 23.987278 0.0022745132446289062 0.9923690557479858
Car 0.0 0 3.4050791263580322 326.5928039550781 178.61968994140625 478.6431579589844 231.16754150390625 4.1102366 1.5061266 1.6611452 -6.2014604 1.6869998 21.727152 3.127047538757324 0.9917565584182739
Car 0.0 0 0.43564388155937195 149.99502563476562 184.63742065429688 404.146728515625 268.0386962890625 4.1815825 1.4854329 1.5154066 -6.308856 1.7245274 13.841512 0.00798344612121582 0.9831821918487549
Car 0.0 0 0.39151492714881897 207.71792602539062 166.7909698486328 398.60931396484375 253.6999969482422 3.5816257 1.8566228 1.7146269 -6.8597555 1.7274572 16.28159 -0.007234419230371714 0.9763027429580688
Car 0.0 0 3.313762664794922 375.3948974609375 176.759033203125 488.554443359375 219.0211181640625 3.820962 1.4864291 1.5203314 -6.495477 1.6346534 26.4291 3.0727691650390625 0.9658584594726562
Car 0.0 0 -0.15362292528152466 707.0076293945312 168.61083984375 817.002197265625 207.25970458984375 4.491458 1.6370721 1.6923767 6.5268445 1.4577 31.518469 0.05057096481323242 0.7358949184417725
