Pedestrian 0.0 0 0.9747087955474854 898.3947143554688 156.37904357910156 1031.14013671875 374.0 0.78755033 1.6879506 0.5669118 2.7258692 1.5100907 5.5528207 1.4310483932495117 0.9879278540611267
Pedestrian 0.0 0 1.7191942930221558 563.1029663085938 156.68031311035156 604.6995849609375 255.97247314453125 0.84531516 1.75828 0.64785373 -0.3512604 1.3200426 13.176634 1.6925427913665771 0.9467931389808655
Pedestrian 0.0 0 0.13773764669895172 595.1637573242188 162.33432006835938 626.7288208007812 236.50718688964844 0.6503194 1.6626904 0.5803375 0.18705681 1.2342807 16.435144 0.14911866188049316 0.8754283785820007
Pedestrian 0.0 0 2.6039953231811523 800.9879760742188 152.20497131347656 887.6289672851562 293.85162353515625 0.8888219 1.7379967 0.5565993 3.0472724 1.3798879 9.178792 2.924536943435669 0.8206406235694885
Pedestrian 0.0 0 -1.7212306261062622 759.9225463867188 162.37307739257812 779.7139282226562 207.3883514404297 0.6559504 1.7593827 0.6704448 6.6407166 1.0128362 28.42631 -1.4917347431182861 0.4754795432090759
Pedestrian 0.0 0 0.3514423966407776 608.833740234375 163.77383422851562 639.007568359375 234.96640014648438 0.603609 1.6961545 0.48438665 0.5142764 1.2750299 17.448668 0.3809075355529785 0.32258257269859314
Pedestrian 0.0 0 -1.6704416275024414 706.2192993164062 162.1065216064453 720.710205078125 204.84071350097656 0.7764823 1.7783258 0.5275975 4.704954 0.9722745 30.291952 -1.5163525342941284 0.10798581689596176
Cyclist 0.0 0 -1.9322407245635986 861.5466918945312 166.03155517578125 929.0838012695312 272.3095703125 1.5945842 1.7005075 0.5311615 4.951078 1.4542978 12.293939 -1.5493873357772827 0.6072424650192261
Cyclist 0.0 0 -1.8128761053085327 702.6072998046875 165.03900146484375 717.8098754882812 196.717041015625 1.4955121 1.6676873 0.4597902 5.83108 0.80194646 38.579796 -1.6628681421279907 0.12050154060125351
Car 0.0 0 -2.882167100906372 0.0 0.0 1238.0 374.0 3.8273602 1.4877106 1.548777 3.0849454 1.606046 0.90197194 -1.5958209037780762 0.1400207281112671
