Car 0.0 0 -1.7210339307785034 684.4044189453125 185.39369201660156 784.4103393554688 263.1705017089844 4.054495 1.4851267 1.6160141 2.6486642 1.8070489 16.465532 -1.5615391731262207 0.9991439580917358
Car 0.0 0 0.33542439341545105 244.07798767089844 183.1079559326172 438.212646484375 257.70965576171875 3.8900516 1.6153187 1.6437607 -6.162683 1.8653909 16.71233 -0.017856217920780182 0.9985462427139282
Car 0.0 0 0.43080806732177734 162.3333740234375 193.70968627929688 403.5303955078125 275.1483459472656 3.9886117 1.4483675 1.5669041 -6.2906046 1.8779259 14.043464 0.009670019149780273 0.9981354475021362
Car 0.0 0 -2.052701473236084 792.5389404296875 193.89852905273438 1242.0 375.0 3.818684 1.4605455 1.6386551 2.7142394 1.6805661 5.595399 -1.6010576486587524 0.9980474710464478
Car 0.0 0 -1.6746490001678467 665.0244750976562 182.77064514160156 732.6746826171875 237.7606964111328 3.9696789 1.5024596 1.6590312 2.6221838 1.838493 22.426037 -1.5582516193389893 0.9972147345542908
Car 0.0 0 -2.5043785572052 0.0 172.3973846435547 278.968505859375 334.22686767578125 3.7747378 1.8054134 1.749019 -6.4476047 1.8006772 8.945286 -3.1289167404174805 0.9920550584793091
Car 0.0 0 -1.6065354347229004 651.1575927734375 177.9730224609375 691.0917358398438 216.2065887451172 3.7172365 1.5574032 1.6085863 2.600379 1.7967441 31.78891 -1.5249156951904297 0.9912623167037964
Car 0.0 0 0.5300811529159546 67.55988311767578 188.73118591308594 366.872314453125 295.8575134277344 3.9483347 1.5489898 1.6134443 -6.2025743 1.823457 11.57284 0.03808140754699707 0.973191499710083
Car 0.0 0 -2.9245173931121826 416.36370849609375 174.67254638671875 507.04541015625 211.26026916503906 4.0819273 1.7425131 1.6857156 -7.2470746 1.8340986 35.320465 -3.126889228820801 0.9517095685005188
Car 0.0 0 -3.0011327266693115 475.89923095703125 180.39906311035156 545.5757446289062 206.99887084960938 3.9123905 1.53278 1.6251879 -5.891512 1.9899302 42.86036 -3.137734889984131 0.940289318561554
Car 0.0 0 -1.611913800239563 636.25390625 181.64515686035156 661.8103637695312 205.8543243408203 3.3304853 1.4262178 1.463443 2.393997 2.0000737 45.393776 -1.5592241287231445 0.9258782863616943
Car 0.0 0 0.24227331578731537 398.009033203125 184.4427490234375 505.2257080078125 222.8740997314453 4.106306 1.5287037 1.5581656 -6.5810065 2.0248744 30.034164 0.026565074920654297 0.8681572675704956
