Car 0.0 0 0.443286269903183 126.03109741210938 188.41566467285156 404.945556640625 282.3768310546875 4.0834947 1.4950069 1.6418618 -5.904468 1.7847058 12.582749 0.004539012908935547 0.9969461560249329
Car 0.0 0 -1.721526861190796 669.857421875 183.972900390625 750.7749633789062 240.4810791015625 4.1114373 1.3799628 1.6473786 2.6895907 1.728276 20.50506 -1.59110426902771 0.9969011545181274
Car 0.0 0 3.553420305252075 145.92686462402344 187.67156982421875 365.0583801269531 263.63519287109375 3.768753 1.4460691 1.5207728 -7.24363 1.7695627 14.895665 3.100799798965454 0.9954026937484741
Car 0.0 0 0.43083861470222473 229.690185546875 181.81556701660156 423.37335205078125 251.01910400390625 4.0441823 1.5574756 1.6153519 -6.793922 1.7854642 17.400166 0.05859065055847168 0.986509382724762
Car 0.0 0 0.9152116775512695 0.0 206.75387573242188 66.8272705078125 375.0 3.5206811 1.4757816 1.5263528 -5.986665 1.7386427 4.7879596 0.019016504287719727 0.9818722605705261
Car 0.0 0 -0.18005067110061646 737.8412475585938 179.54090881347656 866.8029174804688 223.01678466796875 4.175522 1.4591388 1.5791193 6.6554036 1.7041391 25.449574 0.07573437690734863 0.9790598154067993
Car 0.0 0 3.2803823947906494 438.4804382324219 179.32400512695312 523.67041015625 213.157958984375 3.8400052 1.5686082 1.6733149 -6.1865892 1.8883321 34.70481 3.1039721965789795 0.9766481518745422
Car 0.0 0 0.7241699695587158 0.0 186.51968383789062 228.0301055908203 375.0 3.4323688 1.6106349 1.6227316 -5.9509864 1.7614766 7.08746 0.025715351104736328 0.972186803817749
Car 0.0 0 -2.733720541000366 265.19244384765625 180.6496124267578 427.8341979980469 240.65740966796875 3.839962 1.5432006 1.6506861 -7.1749754 1.7669227 19.733738 -3.0824499130249023 0.9716300368309021
Car 0.0 0 0.2290172278881073 471.2991638183594 181.01124572753906 545.8370361328125 210.53868103027344 3.7427475 1.5455089 1.6612988 -5.5278096 2.0015192 39.307144 0.08930230140686035 0.9673888683319092
Car 0.0 0 1.6921250820159912 542.8102416992188 178.54148864746094 565.6875 197.02293395996094 3.6447377 1.4262605 1.4261307 -4.5293026 1.9037211 58.672306 1.6150813102722168 0.7096318602561951
Car 0.0 0 1.216338872909546 753.6154174804688 195.9894561767578 907.8563232421875 294.3161926269531 3.4059885 1.3847196 1.467487 3.6692386 1.8497226 12.735829 1.496846079826355 0.6865622401237488
