Car 0.0 0 3.444932222366333 287.95660400390625 183.82415771484375 454.0686340332031 244.34005737304688 3.786405 1.476136 1.6083078 -6.157327 1.7739371 18.729803 3.127316951751709 0.9987887740135193
Car 0.0 0 -1.6933250427246094 666.8258056640625 178.79795837402344 729.68359375 228.2248077392578 3.5261931 1.4505837 1.5825237 2.736172 1.6580142 23.36597 -1.576755166053772 0.9979286193847656
Car 0.0 0 0.4808318316936493 98.05482482910156 162.93295288085938 354.9122009277344 272.9540100097656 3.8435109 1.9056363 1.7173645 -6.99927 1.7341552 13.356979 -0.0018433965742588043 0.997894823551178
Car 0.0 0 0.667188823223114 0.0 189.72216796875 290.73455810546875 342.4769287109375 4.0505314 1.5178263 1.6808817 -6.1085515 1.7326577 8.268725 0.030924320220947266 0.9976896047592163
Car 0.0 0 -1.8849716186523438 732.2927856445312 173.04006958007812 947.0416259765625 321.01409912109375 3.7133949 1.6104928 1.6000738 2.775365 1.6138489 9.739647 -1.6073737144470215 0.9965147376060486
Car 0.0 0 0.5381208062171936 19.73081398010254 189.79345703125 343.1224060058594 295.98760986328125 4.007858 1.4610741 1.5503966 -6.403255 1.7377756 10.973152 0.009893417358398438 0.9919613003730774
Car 0.0 0 -0.1311202496290207 714.429931640625 170.92645263671875 831.2474365234375 214.4398651123047 4.2948513 1.6530678 1.8007517 6.300451 1.5801988 28.490917 0.08651614189147949 0.9915653467178345
Car 0.0 0 0.2779107689857483 339.01904296875 178.28453063964844 486.8359375 235.41741943359375 3.8537734 1.5826244 1.5951059 -5.6940827 1.7469604 20.962564 0.012679338455200195 0.9883763194084167
Car 0.0 0 0.3022060692310333 349.723388671875 177.0313720703125 477.6423034667969 227.362548828125 3.7040503 1.5647973 1.5943584 -6.3591647 1.7058854 23.439226 0.03727889060974121 0.9834961891174316
Car 0.0 0 0.3101627826690674 375.02532958984375 176.85165405273438 501.95977783203125 223.2025146484375 4.126252 1.5856926 1.5987276 -6.1218314 1.7343212 25.802565 0.07721328735351562 0.9634873867034912
Car 0.0 0 0.3833647668361664 192.3455047607422 180.78111267089844 402.79156494140625 253.4001922607422 3.9815147 1.5080863 1.5782579 -6.855911 1.6933419 15.995001 -0.02157513238489628 0.9461269974708557
