Car 0.0 0 -1.8759145736694336 768.1015625 181.54635620117188 1003.276611328125 325.2200012207031 4.191486 1.4328303 1.5970756 3.2562387 1.5738821 9.562387 -1.5477049350738525 0.9996080994606018
Car 0.0 0 -1.7462025880813599 684.009765625 175.52304077148438 754.4080810546875 230.79591369628906 3.4383743 1.5109147 1.489518 3.144986 1.5977385 21.630533 -1.6018186807632446 0.9979634284973145
Car 0.0 0 -1.6965579986572266 663.6231689453125 171.8562469482422 720.6989135742188 219.25802612304688 3.7602477 1.5880557 1.5714501 2.8503695 1.554987 26.063314 -1.587627649307251 0.9977759718894958
Car 0.0 0 -2.324920177459717 972.873291015625 188.7890625 1242.0 375.0 3.5237916 1.4781213 1.5714748 3.6287596 1.6052485 3.9653783 -1.583819031715393 0.9974800944328308
Car 0.0 0 1.8388515710830688 292.8583679199219 168.8491668701172 481.18505859375 303.0083312988281 4.127852 1.6372573 1.6154934 -3.1447628 1.5887408 10.877337 1.557413935661316 0.9963222742080688
Car 0.0 0 1.6911816596984863 486.8867492675781 165.99497985839844 543.9315185546875 213.7392578125 4.0453715 1.6650099 1.655137 -3.5278127 1.4261699 27.189548 1.562153697013855 0.9940265417098999
Car 0.0 0 -1.8039255142211914 725.2041625976562 177.13160705566406 843.20263671875 260.4336242675781 3.494504 1.4819388 1.542934 3.3728333 1.580258 14.767305 -1.5793784856796265 0.9912639856338501
Car 0.0 0 1.627270221710205 508.5751647949219 170.48182678222656 550.6083984375 205.97459411621094 4.201521 1.4973156 1.6516821 -3.6084194 1.3976 32.57857 1.516959309577942 0.9599503874778748
Car 0.0 0 -1.6926559209823608 648.8478393554688 173.04505920410156 698.153076171875 209.7565155029297 4.065829 1.5138705 1.6700089 2.6932514 1.5232054 31.835537 -1.6082580089569092 0.8384299874305725
Car 0.0 0 2.00935697555542 0.0 113.28067779541016 417.0677185058594 375.0 4.1267157 1.8681059 1.6718329 -2.8571098 1.5831636 5.5457335 1.5336308479309082 0.8000150918960571
