Pedestrian 0.0 0 -0.7803588509559631 1064.824951171875 144.39080810546875 1117.127685546875 246.42742919921875 0.5950419 1.6846701 0.4441258 8.06668 1.2150879 12.185818 -0.1956128627061844 0.42226430773735046
Car 0.0 0 -1.7439336776733398 597.7664184570312 178.12449645996094 694.751953125 253.68630981445312 3.689321 1.5504073 1.6382449 0.6898173 1.6891756 17.009005 -1.703399896621704 0.9985539317131042
Car 0.0 0 -1.7026134729385376 576.5935668945312 177.0176544189453 640.386962890625 231.09597778320312 3.5208433 1.5768331 1.5814445 -0.16641779 1.7216291 23.174425 -1.7097944021224976 0.9972518086433411
Car 0.0 0 -1.5198709964752197 534.965087890625 177.94570922851562 564.1127319335938 206.0494384765625 3.3813603 1.4896728 1.4655156 -3.4009004 1.7884916 40.577934 -1.6034871339797974 0.9953455328941345
Car 0.0 0 -1.6878944635391235 555.4572143554688 180.1050262451172 606.2260131835938 222.67335510253906 3.5216293 1.4836036 1.5284333 -1.2168391 1.780442 27.638945 -1.7318923473358154 0.9873902797698975
Car 0.0 0 -1.3643736839294434 375.2641296386719 181.2923583984375 442.6407165527344 226.40203857421875 3.5764787 1.451069 1.6134694 -7.128621 1.7738478 25.730362 -1.6346455812454224 0.9844781160354614
Car 0.0 0 1.9553442001342773 0.0 166.09646606445312 351.27294921875 375.0 4.066637 1.8000057 1.6264409 -3.8030198 1.7565614 6.793527 1.4450078010559082 0.8853420615196228
Car 0.0 0 -1.576715350151062 510.7418518066406 174.87350463867188 528.208251953125 192.55242919921875 3.8304703 1.5490062 1.5320152 -8.271823 1.7387779 65.673195 -1.702009916305542 0.43096819519996643
Car 0.0 0 2.0099093914031982 150.74569702148438 198.68492126464844 330.20855712890625 278.1942443847656 4.3723207 1.2879552 1.655845 -7.624618 1.9158491 15.32193 1.548161268234253 0.36231884360313416
Car 0.0 0 -0.5791167616844177 1210.1102294921875 134.5430450439453 1242.0 375.0 4.2261963 1.5147873 1.506483 7.7925925 1.2756662 5.925109 0.3415863513946533 0.12267082929611206
