Car 0.0 0 0.566491425037384 0.0 194.57345581054688 334.8192443847656 310.2218017578125 4.0527415 1.417871 1.5615784 -6.1726437 1.7419623 9.948569 0.011166810989379883 0.9969593286514282
Car 0.0 0 0.41065025329589844 249.83518981933594 184.38832092285156 447.2503356933594 252.45704650878906 4.110443 1.4904594 1.5059085 -6.1189528 1.7764455 16.980488 0.06478309631347656 0.9960306286811829
Car 0.0 0 3.4729208946228027 279.85546875 180.89707946777344 435.1319274902344 243.48873901367188 3.64951 1.6061565 1.5784734 -6.791917 1.8329296 19.512922 3.1379640102386475 0.9957754015922546
Car 0.0 0 -1.7829965353012085 704.4141845703125 186.30841064453125 822.4560546875 269.95758056640625 3.561943 1.4102709 1.5682682 2.8950982 1.7150823 14.53163 -1.5863440036773682 0.9954209923744202
Car 0.0 0 0.43292754888534546 171.79837036132812 185.3098602294922 406.2585144042969 264.2587585449219 4.066077 1.4852755 1.5863167 -6.452577 1.7531617 14.664095 0.01839923858642578 0.9945916533470154
Car 0.0 0 0.4655276834964752 135.25843811035156 185.7652130126953 404.17791748046875 285.6951904296875 3.7929976 1.5365102 1.5934515 -5.6538725 1.7699093 12.166462 0.030508756637573242 0.9940910935401917
Car 0.0 0 0.7465486526489258 0.0 195.0722198486328 146.40357971191406 373.8661193847656 3.676526 1.5109563 1.6735057 -7.071993 1.7607312 7.206621 -0.029421135783195496 0.9937053322792053
Car 0.0 0 3.404930830001831 337.062255859375 183.72718811035156 479.6971740722656 234.4915771484375 3.9089558 1.4636943 1.5376103 -6.095267 1.806255 21.921469 3.1337311267852783 0.9934072494506836
Car 0.0 0 3.302687168121338 396.4064025878906 180.7317352294922 496.1670227050781 220.62107849121094 3.6940038 1.5293423 1.5866035 -6.5427914 1.855396 28.923315 3.0802197456359863 0.9907071590423584
Car 0.0 0 -2.8654465675354004 366.27734375 178.89512634277344 487.3838195800781 231.28526306152344 3.642107 1.6856233 1.6421158 -6.1463118 1.8966407 24.285679 -3.113325595855713 0.9847599864006042
Car 0.0 0 -1.6414518356323242 638.4139404296875 181.2389373779297 666.954833984375 204.36279296875 4.047825 1.4408464 1.6240555 2.797222 2.0280945 48.465866 -1.5838005542755127 0.9845304489135742
Car 0.0 0 -0.3016163110733032 766.38330078125 178.3824462890625 933.2676391601562 237.3363494873047 3.9799778 1.5181727 1.6827574 6.369814 1.6754171 19.606848 0.012504339218139648 0.9813918471336365
