Pedestrian 0.0 0 -1.8977874517440796 679.5733032226562 162.20274353027344 738.3065185546875 294.37408447265625 0.9206111 1.7800423 0.5512569 1.46174 1.5214778 10.174718 -1.7550997734069824 0.9896689057350159
Pedestrian 0.0 0 -1.7746044397354126 624.551513671875 154.35369873046875 681.74560546875 288.8804931640625 0.81076014 1.795846 0.64116573 0.6630312 1.4347868 10.03227 -1.7086105346679688 0.8567566275596619
Pedestrian 0.0 0 1.6908596754074097 483.9546203613281 165.31268310546875 511.4698791503906 231.0595703125 1.4287506 1.7837865 0.6025997 -2.9348085 1.3457649 20.208057 1.5466383695602417 0.32808011770248413
Pedestrian 0.0 0 1.6834495067596436 453.5268859863281 171.58782958984375 473.4096374511719 219.91075134277344 1.2394742 1.6207628 0.5388772 -4.7650437 1.2893867 24.729307 1.4930943250656128 0.3228355050086975
Pedestrian 0.0 0 -3.1863019466400146 661.9339599609375 167.77073669433594 687.8214721679688 224.97938537597656 0.7544269 1.7054843 0.49828628 2.1839726 1.2973183 21.681887 -3.0859124660491943 0.29099011421203613
Pedestrian 0.0 0 -1.2911115884780884 712.5870361328125 162.20616149902344 737.1115112304688 219.49688720703125 0.62066954 1.7368164 0.5993718 3.7868736 1.1530274 22.183943 -1.1220378875732422 0.2293291687965393
Pedestrian 0.0 0 1.6797837018966675 282.2607116699219 167.38211059570312 348.00543212890625 299.2115173339844 0.83703864 1.6800929 0.73732626 -3.8716705 1.5015023 9.654443 1.2983942031860352 0.13220882415771484
Pedestrian 0.0 0 -0.41817957162857056 727.0855712890625 162.36708068847656 752.273193359375 225.0972900390625 0.47021013 1.7268491 0.6462863 3.841458 1.2013084 20.140034 -0.22970600426197052 0.10899173468351364
Pedestrian 0.0 0 3.0689451694488525 498.8727722167969 164.74903869628906 542.3566284179688 241.80197143554688 0.9465937 1.7279601 0.6524078 -1.9011694 1.3535256 16.515108 2.9543325901031494 0.10056900233030319
Cyclist 0.0 0 1.8056683540344238 399.76373291015625 166.60743713378906 469.1604309082031 289.8310241699219 1.7703532 1.7009854 0.6244896 -2.5124888 1.4967287 10.80045 1.5771052837371826 0.9500644207000732
Cyclist 0.0 0 1.7581226825714111 500.2030029296875 166.6207733154297 540.4986572265625 244.68783569335938 1.7612202 1.6981984 0.6074972 -1.8772051 1.3757536 16.524088 1.6450035572052002 0.944324791431427
Cyclist 0.0 0 1.6908596754074097 483.9546203613281 165.31268310546875 511.4698791503906 231.0595703125 1.4287506 1.7837865 0.6025997 -2.9348085 1.3457649 20.208057 1.5466383695602417 0.781112551689148
Cyclist 0.0 0 1.6572256088256836 453.5908508300781 171.44308471679688 472.61761474609375 219.3759002685547 1.258917 1.607235 0.5394362 -4.779418 1.2710965 24.738012 1.4663755893707275 0.6642084121704102
Cyclist 0.0 0 -3.2057723999023438 660.7888793945312 158.7156982421875 745.677490234375 290.8951721191406 1.1471927 1.8055983 0.6203132 1.3745049 1.4956827 10.159663 -3.071298599243164 0.2650771737098694
Car 0.0 0 -2.8568804264068604 0.0 0.0 1238.0 374.0 3.9450383 1.5847199 1.6293745 3.0024865 1.5468992 0.8402263 -1.5589476823806763 0.12080907076597214
