Pedestrian 0.0 0 1.5235340595245361 541.63671875 155.91119384765625 565.13427734375 223.33969116210938 0.9047467 1.7801484 0.5897306 -1.3391145 1.1057582 19.44528 1.4547768831253052 0.9784660935401917
Pedestrian 0.0 0 0.008012935519218445 575.6011352539062 157.67379760742188 613.6981201171875 239.51992797851562 0.8329703 1.7893884 0.5966195 -0.18630396 1.2697026 16.002045 -0.0036290474236011505 0.9188589453697205
Pedestrian 0.0 0 -1.190482497215271 9.03773021697998 154.94097900390625 159.30050659179688 374.0 0.86871904 1.615957 0.5811623 -3.6522262 1.4480746 5.06796 -1.8149336576461792 0.9187136292457581
Pedestrian 0.0 0 1.5940132141113281 358.83514404296875 141.90603637695312 424.6671142578125 317.8287658691406 1.1720891 1.835657 0.6674496 -2.4114015 1.423878 8.1457405 1.306200623512268 0.468401700258255
Pedestrian 0.0 0 0.4307296872138977 473.8268127441406 156.94790649414062 519.9944458007812 234.60704040527344 0.91207314 1.7538254 0.54713285 -2.448617 1.2005641 16.610523 0.28437018394470215 0.37791192531585693
Pedestrian 0.0 0 1.467864990234375 558.0169067382812 162.77569580078125 574.1572875976562 212.32855224609375 0.93305457 1.6682444 0.45814753 -1.2430493 1.0389519 24.676846 1.4175344705581665 0.28421318531036377
Pedestrian 0.0 0 1.2248516082763672 810.9653930664062 147.54161071777344 860.9042358398438 259.8096618652344 0.8659301 1.8058923 0.5265421 3.8592658 1.2609465 11.994018 1.5361555814743042 0.24029229581356049
Pedestrian 0.0 0 1.4995365142822266 447.8009033203125 168.2904815673828 478.41497802734375 258.9779052734375 0.85759765 1.5107727 0.45654678 -2.4448128 1.2919998 12.437866 1.3054487705230713 0.1952795386314392
Cyclist 0.0 0 -1.9518568515777588 700.4067993164062 153.8312530517578 768.196044921875 254.73989868164062 1.8893667 1.762996 0.58384997 2.4224613 1.2808659 13.531794 -1.774713397026062 0.8019663095474243
Cyclist 0.0 0 1.5818419456481934 357.0901184082031 149.848388671875 425.38201904296875 325.7156677246094 1.4872919 1.7876483 0.67496306 -2.4125648 1.4672829 8.106821 1.2925913333892822 0.45732349157333374
Cyclist 0.0 0 -1.8859806060791016 1053.6868896484375 135.57052612304688 1183.9793701171875 337.8128356933594 1.3172367 1.7194626 0.6133168 4.802154 1.3303564 6.824292 -1.2727856636047363 0.43039771914482117
Cyclist 0.0 0 -2.46577787399292 876.4773559570312 108.621337890625 1183.0205078125 374.0 1.4164537 1.7889858 0.7323339 2.3944774 1.4356129 4.2884884 -1.956546425819397 0.11215554177761078
Cyclist 0.0 0 1.5753355026245117 542.8294067382812 156.30909729003906 564.6159057617188 222.25180053710938 0.9283296 1.7356898 0.57278955 -1.3183763 1.073804 19.386179 1.5074340105056763 0.10688579827547073
Car 0.0 0 -2.994842052459717 0.0 0.0 1238.0 374.0 3.8195531 1.5492841 1.6316521 2.419849 1.5729254 0.5449854 -1.6455645561218262 0.10488207638263702
