Pedestrian 0.0 0 1.4768638610839844 550.3937377929688 129.4478302001953 579.8472290039062 214.80844116210938 0.81872475 1.7813792 0.5545597 -0.90570396 0.71760046 15.197273 1.4173377752304077 0.9547064900398254
Pedestrian 0.0 0 -1.8049880266189575 675.5188598632812 144.9495391845703 701.9000244140625 206.7481231689453 0.8196502 1.8792182 0.63827574 2.5592911 0.79973173 21.940084 -1.688863754272461 0.8532363176345825
Pedestrian 0.0 0 1.3131358623504639 768.5285034179688 140.78567504882812 835.1674194335938 301.16668701171875 0.7093004 1.830832 0.59958285 2.280096 1.3791573 8.423002 1.5774987936019897 0.8327494263648987
Pedestrian 0.0 0 0.45062151551246643 686.9224853515625 136.87579345703125 810.0200805664062 333.0060729980469 0.97332805 1.7969794 0.7645838 1.3857399 1.3989865 7.07106 0.6441423892974854 0.686309278011322
Pedestrian 0.0 0 0.6464794874191284 758.1934204101562 131.04806518554688 877.5535888671875 320.8945617675781 1.004533 1.863064 0.6930798 2.2054436 1.3794614 7.5434885 0.9309160709381104 0.6483018398284912
Pedestrian 0.0 0 1.5772215127944946 583.7969360351562 124.77096557617188 612.6007080078125 213.79920959472656 0.6988064 1.8987092 0.61435235 -0.18791011 0.711793 15.425455 1.5650403499603271 0.4378053545951843
Pedestrian 0.0 0 0.9747734069824219 419.0200500488281 131.74725341796875 465.15350341796875 218.5576171875 1.0190285 1.9417626 0.564253 -3.815143 0.8528801 16.363157 0.745711088180542 0.29901963472366333
Pedestrian 0.0 0 1.233715534210205 447.3153991699219 133.12481689453125 487.6304016113281 209.7770233154297 1.188094 1.7637854 0.58389485 -3.3417547 0.67527926 16.924427 1.038771629333496 0.2277594953775406
Pedestrian 0.0 0 1.431994080543518 509.63482666015625 126.50782012939453 539.2893676757812 212.52194213867188 0.74701864 1.963127 0.5904316 -1.9327426 0.7324558 16.568111 1.3158645629882812 0.163450688123703
Pedestrian 0.0 0 1.3346163034439087 477.5401916503906 135.20843505859375 513.2860717773438 213.92477416992188 1.0272747 1.8719879 0.64427876 -2.7455106 0.7964921 17.407475 1.1781847476959229 0.13154807686805725
Pedestrian 0.0 0 -2.577956438064575 234.13687133789062 136.07640075683594 298.55859375 244.01458740234375 0.79752034 1.780617 0.5852804 -5.7813964 1.0494282 11.995243 -3.0270795822143555 0.10291962325572968
