Pedestrian 0.0 0 1.3489587306976318 656.232666015625 140.9548797607422 700.432861328125 267.07647705078125 0.6095471 1.7440859 0.5036216 0.9928792 1.1989008 10.106084 1.446890115737915 0.965451717376709
Pedestrian 0.0 0 1.4247757196426392 523.80029296875 133.70559692382812 551.0420532226562 206.81385803222656 0.813031 1.8154385 0.5764653 -1.7657943 0.6550268 18.01666 1.3270788192749023 0.9548206925392151
Pedestrian 0.0 0 1.725514531135559 402.95831298828125 130.04537963867188 433.67535400390625 203.14500427246094 1.0471185 1.8510619 0.6240066 -4.8978295 0.57501984 18.452547 1.4660686254501343 0.9235509634017944
Pedestrian 0.0 0 -2.571315288543701 1069.891357421875 150.12533569335938 1224.0 370.0 0.8934353 1.6577934 0.56455743 3.0102472 1.5223343 3.7009988 -1.888480544090271 0.7597901821136475
Pedestrian 0.0 0 1.6583278179168701 468.391357421875 139.8842315673828 492.8413391113281 207.27505493164062 0.61379075 1.7882332 0.60065234 -3.3888974 0.7120679 19.088905 1.4826260805130005 0.6967077255249023
Pedestrian 0.0 0 -2.5623974800109863 1006.513671875 131.97238159179688 1224.0 370.0 0.7738178 1.6926844 0.5397759 2.4377875 1.489944 3.4329739 -1.9449186325073242 0.6292252540588379
Pedestrian 0.0 0 1.3132787942886353 605.9901733398438 137.71466064453125 659.6478271484375 262.15740966796875 0.8457921 1.6986139 0.5662451 0.33785802 1.1162742 10.121323 1.3466472625732422 0.3625797629356384
Pedestrian 0.0 0 -1.0121729373931885 266.79034423828125 144.4017333984375 322.5357360839844 250.7626190185547 0.6936478 1.6889333 0.5566435 -5.1293545 1.1173744 11.605269 -1.4283416271209717 0.346037358045578
Pedestrian 0.0 0 -1.6689995527267456 545.692138671875 128.08175659179688 573.9830322265625 202.83078002929688 0.9192913 1.887623 0.6430294 -1.2174311 0.5655082 18.356073 -1.7352256774902344 0.33976781368255615
Pedestrian 0.0 0 1.4213858842849731 489.62945556640625 140.51625061035156 514.8576049804688 210.82334899902344 0.67693824 1.8007472 0.55727714 -2.7314563 0.7782506 18.509401 1.274872064590454 0.3120296597480774
Pedestrian 0.0 0 -1.6362628936767578 514.9700317382812 135.35940551757812 537.2401123046875 202.5394744873047 0.6486888 1.8251208 0.5697348 -2.2239058 0.60033995 19.573645 -1.7493951320648193 0.20767298340797424
Pedestrian 0.0 0 2.037912607192993 501.7710266113281 141.6394805908203 526.181640625 196.206787109375 0.44989607 1.646966 0.6040179 -2.8179035 0.47562665 21.647688 1.908469319343567 0.15052247047424316
Pedestrian 0.0 0 1.0870037078857422 640.573486328125 127.26429748535156 689.4881591796875 254.66009521484375 0.6733618 1.9281771 0.50887954 0.8900832 1.1240976 11.106019 1.166977047920227 0.1410997211933136
Pedestrian 0.0 0 1.661903977394104 436.83984375 134.42417907714844 462.21435546875 205.99803161621094 1.0325705 1.8424524 0.5683191 -4.1489625 0.6579598 18.743923 1.4440666437149048 0.11434444040060043
Cyclist 0.0 0 -3.6281120777130127 1003.54833984375 146.1563262939453 1224.0 370.0 1.2538128 1.7379105 0.6418791 2.8109324 1.5822378 3.6572242 -2.9728145599365234 0.17098449170589447
Cyclist 0.0 0 1.6793971061706543 402.7142028808594 129.5592041015625 432.2623596191406 203.74241638183594 1.0972009 1.8757465 0.63362193 -4.9219604 0.5892852 18.463217 1.4188737869262695 0.10968845337629318
