Pedestrian 0.0 0 -2.3212499618530273 0.0 170.26426696777344 68.05603790283203 294.5196838378906 0.7429561 1.6835568 0.5578145 -8.217625 1.6488259 10.100636 -3.004213809967041 0.7504766583442688
Pedestrian 0.0 0 1.4390861988067627 207.42356872558594 162.7487335205078 230.1959228515625 218.9081573486328 0.46291158 1.6756529 0.5503007 -11.908283 1.3744957 21.875229 0.9405734539031982 0.21421018242835999
Car 0.0 0 -1.699215054512024 655.4928588867188 181.78628540039062 714.7235107421875 227.40768432617188 4.1622114 1.4953699 1.6293589 2.6386757 1.850807 26.575846 -1.6002509593963623 0.9978216886520386
Car 0.0 0 -1.9592034816741943 778.6754760742188 189.78106689453125 1140.298828125 375.0 4.312517 1.4545214 1.5757629 2.9658048 1.6780041 7.348234 -1.57559072971344 0.997478187084198
Car 0.0 0 -2.824085235595703 321.6161193847656 182.82516479492188 459.2852783203125 238.64051818847656 3.564089 1.5620337 1.6492563 -6.4739738 1.8696501 21.365303 -3.118304491043091 0.9971221089363098
Car 0.0 0 -1.6231906414031982 647.9600830078125 181.41281127929688 681.349365234375 211.36328125 3.5709956 1.4358358 1.5323722 2.7559183 1.9014505 37.418777 -1.5496727228164673 0.9583348631858826
Car 0.0 0 -1.7078171968460083 632.2174682617188 181.9755859375 661.03759765625 205.00282287597656 3.4877362 1.474333 1.5032818 2.4460871 2.122347 49.42542 -1.6583670377731323 0.9303911924362183
Car 0.0 0 -2.924762487411499 409.8240966796875 182.89047241210938 501.8554382324219 218.5959014892578 3.5914276 1.4642185 1.5840751 -6.581404 1.9048047 30.842058 -3.1349997520446777 0.8075528144836426
Car 0.0 0 0.4767429828643799 381.29730224609375 180.5568389892578 504.4692687988281 226.86207580566406 4.0708823 1.5846006 1.7086414 -6.1447678 1.8816469 26.45971 0.24855661392211914 0.7243926525115967
Car 0.0 0 0.30230921506881714 350.7992858886719 184.36204528808594 487.9245910644531 234.2799835205078 4.1103635 1.5630846 1.5442718 -6.2834253 1.9576795 23.85211 0.04472851753234863 0.42192545533180237
Car 0.0 0 -2.868163585662842 388.34857177734375 175.96304321289062 488.8433532714844 218.1087188720703 4.201251 1.8766161 1.6759112 -7.8707438 2.0239456 33.18359 -3.101047992706299 0.3417390286922455
Car 0.0 0 0.6167439818382263 0.0 184.40020751953125 300.73394775390625 309.30096435546875 3.7844772 1.5594823 1.5283998 -6.554045 1.7331008 9.992309 0.03622603416442871 0.23890410363674164
