Pedestrian 0.0 0 1.5213536024093628 631.2512817382812 160.8786163330078 661.3211059570312 246.2660675048828 0.9604309 1.8306823 0.6127909 0.9450156 1.3897935 15.881534 1.5807875394821167 0.9923420548439026
Pedestrian 0.0 0 0.8588974475860596 428.984619140625 166.68601989746094 520.5614013671875 316.35296630859375 0.9211689 1.6003782 0.5599701 -1.4961462 1.4433323 8.185466 0.678112268447876 0.9911920428276062
Pedestrian 0.0 0 -0.3753652572631836 669.4530639648438 162.42083740234375 710.3597412109375 244.74220275878906 0.7473149 1.7502899 0.5079378 1.881598 1.3458652 15.610522 -0.25540998578071594 0.673608660697937
Pedestrian 0.0 0 -1.238276481628418 652.05322265625 162.5605926513672 670.1609497070312 204.05447387695312 0.72525126 1.8398712 0.6089422 2.673575 1.0010313 32.303528 -1.155700445175171 0.6064928770065308
Pedestrian 0.0 0 1.4838428497314453 730.0265502929688 157.35545349121094 752.9341430664062 223.09881591796875 0.93779135 1.7749863 0.54006547 3.8387265 1.124275 19.885838 1.6745355129241943 0.37151920795440674
Pedestrian 0.0 0 -1.5162997245788574 391.8515319824219 165.12930297851562 419.6899719238281 242.67877197265625 0.82391787 1.7212999 0.5720148 -4.4960423 1.3591523 16.404768 -1.7838003635406494 0.2951107323169708
Pedestrian 0.0 0 0.7846757173538208 363.7934875488281 156.2748565673828 471.8157653808594 326.0927734375 0.96064454 1.6951346 0.6197345 -2.0100186 1.4447032 7.6776733 0.5286219120025635 0.23707613348960876
Pedestrian 0.0 0 3.0595781803131104 622.7802734375 161.98558044433594 643.5228881835938 216.95223999023438 0.64877385 1.8215636 0.57887053 1.0357388 1.1759524 24.104486 3.10252046585083 0.2275770604610443
Pedestrian 0.0 0 -1.2007741928100586 553.85693359375 168.19729614257812 569.2348022460938 199.88380432128906 0.80165637 1.6898907 0.5790593 -2.1536696 0.9812756 38.778046 -1.2562556266784668 0.1668677031993866
Pedestrian 0.0 0 -2.287604808807373 947.7308349609375 157.88436889648438 1137.8138427734375 374.0 1.0161124 1.6751658 0.62599164 3.0120425 1.5277535 5.080548 -1.752453327178955 0.12709324061870575
Pedestrian 0.0 0 -3.1291584968566895 687.5187377929688 159.57464599609375 711.3971557617188 212.73138427734375 0.79058546 1.7722347 0.5964787 3.2939312 1.0423306 24.299511 -2.994424343109131 0.10277664661407471
Cyclist 0.0 0 1.1167902946472168 888.2476196289062 105.06820678710938 1164.1298828125 374.0 1.7643033 1.7283589 0.542775 2.1357617 1.3998355 3.9901693 1.6082432270050049 0.33001095056533813
Cyclist 0.0 0 0.7508515119552612 1128.560546875 134.7908172607422 1238.0 374.0 1.5797678 1.6668687 0.5881178 4.0719523 1.4362297 4.3749413 1.5003951787948608 0.2133932262659073
Car 0.0 0 1.654751181602478 565.8267211914062 169.67233276367188 597.2433471679688 196.29208374023438 3.8030486 1.5355563 1.5849203 -1.1578579 0.85406494 43.378197 1.6280653476715088 0.998167872428894
Car 0.0 0 -2.502441883087158 1171.2452392578125 0.0 1238.0 374.0 4.11928 1.6940528 1.745455 4.631594 1.3651527 2.8922365 -1.4898550510406494 0.13590946793556213
