Car 0.0 0 0.775964081287384 0.0 192.52325439453125 198.44288635253906 375.0 3.9380288 1.5503559 1.7140089 -6.070381 1.7443382 6.2352686 0.003964424133300781 0.9991925358772278
Car 0.0 0 -2.56758451461792 0.21045184135437012 162.08731079101562 312.5399475097656 293.07598876953125 3.8713033 1.9069835 1.7210206 -7.0451827 1.7505957 11.401736 -3.121065139770508 0.9988238215446472
Car 0.0 0 3.476923942565918 244.7428436279297 188.5968475341797 440.0773010253906 253.71922302246094 3.957501 1.4031037 1.5740874 -6.155091 1.787076 16.759491 3.1249561309814453 0.9986121654510498
Car 0.0 0 -1.7129864692687988 673.6058349609375 181.89891052246094 746.117431640625 237.4224395751953 3.6452634 1.4659371 1.6144011 2.8347328 1.7584939 21.47539 -1.5817461013793945 0.9972615242004395
Car 0.0 0 -1.928880214691162 763.7474365234375 177.14785766601562 1053.6552734375 371.672119140625 3.5445514 1.5724996 1.5877631 2.775396 1.6292391 7.690147 -1.582525610923767 0.9971135854721069
Car 0.0 0 0.29610610008239746 356.6040954589844 180.87078857421875 497.8444519042969 230.7909698486328 4.2211275 1.5625196 1.6477633 -6.005805 1.8376925 23.805336 0.04897499084472656 0.9962270259857178
Car 0.0 0 0.2975096106529236 322.020263671875 182.49330139160156 463.8121032714844 235.85104370117188 3.748734 1.5072896 1.5454845 -6.4257665 1.8047022 21.448103 0.006423473358154297 0.994724452495575
Car 0.0 0 0.315405011177063 308.6321105957031 181.8380126953125 471.06060791015625 244.24427795410156 3.7810187 1.5505395 1.6131957 -5.764392 1.7982197 19.014355 0.021051645278930664 0.9942936301231384
Car 0.0 0 3.71152663230896 0.0 197.6182861328125 309.9198913574219 330.22772216796875 3.9687328 1.4471997 1.5850908 -6.124771 1.7865629 9.03068 3.1155693531036377 0.9919679760932922
Car 0.0 0 3.5905678272247314 119.01045227050781 186.06134033203125 364.11846923828125 269.6702880859375 3.9459612 1.4994515 1.6023432 -7.078934 1.7721398 14.038412 3.1235222816467285 0.9902383089065552
Car 0.0 0 3.3319859504699707 398.5503234863281 182.17527770996094 507.41156005859375 220.90846252441406 4.0114665 1.476226 1.5705802 -6.2320743 1.8585023 28.728945 3.1183688640594482 0.983279824256897
Car 0.0 0 3.3842408657073975 361.667236328125 182.2816925048828 477.74993896484375 225.2193145751953 3.872493 1.5087347 1.4950758 -6.9621153 1.8650821 26.46682 3.1270174980163574 0.9771724343299866
Car 0.0 0 -0.192384272813797 722.4927368164062 174.41976928710938 844.2839965820312 219.55596923828125 4.0975537 1.5981112 1.7369444 6.2590103 1.6581645 26.557917 0.039066314697265625 0.9634414911270142
