Pedestrian 0.0 0 -0.7485358715057373 996.9453735351562 152.1598358154297 1022.248291015625 201.5340118408203 0.505213 1.8660107 0.70266145 15.2768135 1.0842686 27.668463 -0.24405257403850555 0.12787838280200958
Cyclist 0.0 0 -3.1069183349609375 616.644775390625 168.75570678710938 634.122314453125 189.42724609375 1.3962158 1.6648483 0.59193903 1.2250497 1.3351367 58.442947 -3.0859599113464355 0.18466816842556
Car 0.0 0 2.130521059036255 0.0 195.97874450683594 277.04180908203125 358.0865783691406 3.6934052 1.5208384 1.568593 -5.8955975 1.8741099 9.152475 1.5582668781280518 0.999625563621521
Car 0.0 0 1.9337365627288818 235.26602172851562 191.46932983398438 377.2620849609375 281.1587829589844 3.3539188 1.459059 1.452378 -5.8362947 1.8679888 14.1366415 1.5422029495239258 0.9993506073951721
Car 0.0 0 -1.8316881656646729 723.8720703125 183.7837677001953 846.8135986328125 267.98895263671875 3.2859955 1.3732953 1.4602331 3.1810925 1.608991 13.865498 -1.606165885925293 0.9987123012542725
Car 0.0 0 -1.9818861484527588 776.0291748046875 181.7193603515625 1036.65283203125 352.01300048828125 3.2314532 1.5168453 1.5089495 3.0521193 1.6389809 8.252563 -1.627647876739502 0.9986289739608765
Car 0.0 0 -2.346616506576538 946.515380859375 185.54759216308594 1242.0 375.0 3.5421212 1.5026473 1.5221149 2.9332578 1.5870198 3.0004745 -1.5725457668304443 0.997829020023346
Car 0.0 0 0.33245500922203064 342.10357666015625 181.39744567871094 430.34210205078125 211.94271850585938 4.176626 1.5694082 1.6795686 -11.924928 2.0361853 38.48263 0.031960487365722656 0.9930300116539001
Car 0.0 0 1.1555140018463135 953.3819580078125 162.74435424804688 1015.66748046875 191.20326232910156 4.275 1.4872066 1.4428691 20.572708 0.9592545 39.88088 1.6317641735076904 0.6728871464729309
Car 0.0 0 1.7607353925704956 313.976806640625 183.9156494140625 385.659423828125 228.8357696533203 4.3128533 1.4549068 1.7098706 -9.575493 1.8999717 26.742985 1.4169015884399414 0.45478886365890503
