Pedestrian 0.0 0 1.8255600929260254 377.73138427734375 171.94476318359375 439.3160095214844 286.70794677734375 1.6012982 1.7504532 0.5895074 -3.3163912 1.7369424 11.808791 1.551771879196167 0.13217124342918396
Cyclist 0.0 0 1.8282415866851807 374.1734619140625 171.58628845214844 439.5093078613281 286.78875732421875 1.7275015 1.7325606 0.6043703 -3.313402 1.7138529 11.717736 1.5526678562164307 0.9764423966407776
Car 0.0 0 -1.7107499837875366 633.6240234375 178.767333984375 701.4138793945312 228.97189331054688 4.11302 1.436464 1.593529 1.7134964 1.6445783 23.24269 -1.637161135673523 0.9983402490615845
Car 0.0 0 2.511251211166382 897.0885620117188 183.4197540283203 1242.0 339.56402587890625 4.159159 1.4440391 1.6058766 5.37622 1.5682441 7.6190114 3.1257472038269043 0.9951397180557251
Car 0.0 0 3.513835906982422 229.8328399658203 180.93731689453125 404.4176940917969 250.07315063476562 3.5894678 1.5841337 1.6360635 -7.0779557 1.790665 17.563374 3.1307501792907715 0.989973783493042
Car 0.0 0 1.1158325672149658 0.0 201.794921875 102.63758850097656 375.0 3.2926483 1.4589922 1.5485392 -6.6069703 1.7721208 6.535636 0.32500672340393066 0.9835295081138611
Car 0.0 0 -0.4715469181537628 849.4531860351562 170.03404235839844 1172.5545654296875 297.26361083984375 3.5989735 1.6220398 1.5870944 5.3323803 1.5864462 10.02094 0.01746821403503418 0.9605515599250793
Car 0.0 0 3.323136806488037 424.028564453125 179.42259216308594 505.9160461425781 212.10032653808594 3.6129744 1.5099634 1.574927 -6.924137 1.8317142 34.483814 3.1249780654907227 0.9370465874671936
Car 0.0 0 -1.5442270040512085 619.56005859375 177.72596740722656 650.3884887695312 205.90179443359375 3.695911 1.4105589 1.5555083 1.3405745 1.684791 38.66583 -1.5095701217651367 0.836654543876648
Car 0.0 0 2.102419853210449 1100.36181640625 176.54208374023438 1242.0 375.0 3.7833152 1.4222165 1.6515502 5.659934 1.4540974 4.9939866 2.9502439498901367 0.8295909762382507
Car 0.0 0 3.381937026977539 330.819091796875 179.270751953125 453.3277587890625 226.6277313232422 3.83948 1.582726 1.566871 -7.591496 1.815352 25.232876 3.089693784713745 0.6651166081428528
Car 0.0 0 3.458397626876831 286.59002685546875 184.0062713623047 447.2110595703125 241.40966796875 3.9670944 1.5146357 1.5201849 -6.7375236 1.8377914 20.10891 3.135101318359375 0.60480135679245
Car 0.0 0 -1.8183422088623047 456.6901550292969 177.31509399414062 501.6458435058594 204.6985626220703 4.093078 1.5053824 1.6498657 -7.803429 1.7826827 42.585648 -1.999572515487671 0.5924627780914307
