Pedestrian 0.0 0 1.822721004486084 263.22027587890625 169.86790466308594 309.0513000488281 255.2938690185547 0.9421217 1.6906838 0.64879525 -6.489089 1.4617183 14.731564 1.4078047275543213 0.992138683795929
Pedestrian 0.0 0 1.310397982597351 671.0543212890625 157.27285766601562 714.2620239257812 262.0796203613281 0.79661244 1.7378865 0.54620975 1.5149959 1.3374437 12.340823 1.4325497150421143 0.9729477763175964
Pedestrian 0.0 0 -3.3553261756896973 770.035400390625 149.88943481445312 833.0335693359375 262.3728942871094 0.8750686 1.7687742 0.579912 3.1770954 1.2730035 11.6059475 -3.088124990463257 0.9637905955314636
Pedestrian 0.0 0 -1.9803882837295532 640.2463989257812 158.20751953125 691.136962890625 254.97927856445312 0.88410467 1.7236555 0.6371355 1.1394434 1.3100522 13.312552 -1.8950047492980957 0.9107959270477295
Pedestrian 0.0 0 -1.6529731750488281 608.5199584960938 154.61419677734375 648.2661743164062 265.1253356933594 0.82437 1.7967528 0.5991623 0.40117565 1.360919 12.102859 -1.6198381185531616 0.8792150020599365
Pedestrian 0.0 0 -1.9537415504455566 878.4612426757812 153.1908416748047 975.1079711914062 339.8733215332031 0.7767434 1.641187 0.56779236 2.9635627 1.3936942 6.7100163 -1.5378426313400269 0.7408628463745117
Pedestrian 0.0 0 -3.7679789066314697 1136.7041015625 129.2051544189453 1238.0 304.73602294921875 0.77618086 1.7623209 0.6303981 6.1981025 1.2386503 7.547752 -3.0804529190063477 0.7286763787269592
Pedestrian 0.0 0 0.6819822192192078 1012.068115234375 146.63204956054688 1135.1275634765625 321.7275390625 0.8426874 1.6106371 0.57172567 4.5885806 1.2912773 7.0942082 1.2561092376708984 0.41946136951446533
Pedestrian 0.0 0 2.12918758392334 4.493992328643799 148.5618438720703 151.9837646484375 374.0 1.0727679 1.8261254 0.5483341 -4.524489 1.5677071 6.217912 1.5001418590545654 0.20452724397182465
Cyclist 0.0 0 1.9259636402130127 49.65738296508789 173.15505981445312 197.14041137695312 374.0 1.5394772 1.7295475 0.5308088 -3.999275 1.6699799 6.0553827 1.3422775268554688 0.5679425001144409
Cyclist 0.0 0 2.019578456878662 257.32977294921875 167.01914978027344 311.66986083984375 249.7264862060547 1.0662984 1.6342909 0.6209825 -6.520661 1.3493989 14.734488 1.6029419898986816 0.15922057628631592
Car 0.0 0 1.709324836730957 465.64739990234375 166.39903259277344 558.216064453125 237.66587829589844 4.210161 1.5875903 1.737477 -2.1571364 1.2524085 18.121595 1.5908455848693848 0.9945451021194458
Car 0.0 0 1.777276635169983 377.0049743652344 159.9149627685547 472.4527282714844 232.3968963623047 4.1289716 1.9061437 1.8889519 -5.051853 1.339665 20.98002 1.5409815311431885 0.832596480846405
Car 0.0 0 3.6656031608581543 0.0 183.70838928222656 285.4179382324219 374.0 3.358336 1.6075579 1.5370715 -4.719112 1.630663 6.078111 3.0054121017456055 0.1685428023338318
