Cyclist 0.0 0 3.0236120223999023 637.9790649414062 188.85739135742188 661.5993041992188 221.9809112548828 1.3850082 2.013202 0.7013372 2.4234612 3.0121496 44.62616 3.077864646911621 0.13920605182647705
Cyclist 0.0 0 2.8229236602783203 704.7197265625 190.94760131835938 734.2263793945312 228.15174865722656 1.4265476 2.0145805 0.8533418 6.048226 3.0349963 40.13455 2.97249698638916 0.10545367002487183
Car 0.0 0 -0.018576718866825104 622.2489624023438 198.969482421875 671.9360961914062 224.68463134765625 3.035998 1.5084038 1.6436119 2.260505 3.1675048 44.956783 0.031662702560424805 0.461442232131958
Car 0.0 0 3.1524338722229004 546.4144287109375 190.3761444091797 590.5571899414062 209.11639404296875 3.935622 1.6315585 1.4437368 -3.75852 3.2338417 65.14922 3.0948069095611572 0.4401240050792694
Car 0.0 0 1.1803463697433472 941.23583984375 174.21878051757812 1034.8475341796875 223.93862915039062 3.5481577 1.5461575 1.5512512 12.606179 1.5960875 24.370625 1.6577138900756836 0.258392870426178
Car 0.0 0 -0.32640957832336426 692.3565063476562 198.9366912841797 759.4833984375 229.2567596435547 3.3569057 1.5685747 1.6114273 6.4080863 3.062982 40.252018 -0.16853530704975128 0.22281773388385773
Car 0.0 0 -2.3080172538757324 0.0 192.4243621826172 83.0298843383789 354.790771484375 3.8717542 1.5714319 1.7488358 -8.548084 1.8169787 8.119419 -3.1191282272338867 0.21861237287521362
Car 0.0 0 -2.49733829498291 145.4934844970703 184.92713928222656 273.1680603027344 227.55160522460938 3.9670243 1.5020629 1.723555 -15.0902605 1.9762092 27.187075 -3.0040526390075684 0.12294560670852661
Car 0.0 0 1.8801790475845337 422.2584228515625 183.12069702148438 480.3229064941406 218.26734924316406 4.3482447 1.5677354 1.5561433 -7.8129206 2.1083238 35.726704 1.6648826599121094 0.10517092794179916
Car 0.0 0 2.044171094894409 258.45263671875 182.6316680908203 351.78411865234375 222.99322509765625 4.411224 1.4532787 1.6610419 -12.30073 1.881871 29.336042 1.64713454246521 0.10059332102537155
