Car 0.0 0 0.506679356098175 49.15483856201172 181.73500061035156 356.5307312011719 289.2344970703125 3.954452 1.5685782 1.687706 -6.371024 1.7210755 11.511605 0.001196146011352539 0.9986929297447205
Car 0.0 0 0.3861527740955353 296.5670471191406 178.26690673828125 477.62542724609375 247.4879608154297 4.136268 1.6725047 1.6740566 -5.715342 1.8200805 18.60554 0.08811736106872559 0.9985758066177368
Car 0.0 0 -2.8712189197540283 355.80621337890625 174.72674560546875 488.4293212890625 228.65371704101562 3.8964436 1.6968995 1.6870564 -6.1268816 1.7608917 23.63852 -3.124828577041626 0.9982654452323914
Car 0.0 0 3.539680004119873 168.70388793945312 186.75741577148438 419.3869323730469 270.663330078125 4.125041 1.4866942 1.5711515 -5.97907 1.7695577 13.853443 3.132236957550049 0.9982129335403442
Car 0.0 0 -0.4312353730201721 808.2952880859375 183.9537353515625 1011.4935302734375 251.07553100585938 4.0175443 1.4378592 1.6392796 6.774964 1.7085959 16.663864 -0.04508130997419357 0.9976603984832764
Car 0.0 0 -0.5656015872955322 895.0625 183.02706909179688 1242.0 318.6015930175781 4.4077477 1.53586 1.6651322 6.108287 1.6781247 9.182698 0.021381616592407227 0.9968339800834656
Car 0.0 0 -0.22000665962696075 709.3314819335938 175.84295654296875 822.625244140625 215.56056213378906 4.1481395 1.5277768 1.6311938 6.1035333 1.650568 28.715433 -0.010571170598268509 0.9957643747329712
Car 0.0 0 0.23221634328365326 449.0885314941406 178.5475311279297 532.5350952148438 207.62750244140625 3.9611351 1.4375713 1.5738009 -6.1034265 1.7367626 36.947655 0.06850361824035645 0.9923282265663147
Car 0.0 0 -1.6494505405426025 643.2996215820312 178.41033935546875 674.4313354492188 203.2554473876953 3.7778573 1.3968619 1.5641415 2.8595343 1.7453958 43.312157 -1.5835247039794922 0.9875357747077942
Car 0.0 0 0.2740420401096344 330.39654541015625 183.55470275878906 482.7388000488281 237.0535430908203 3.9836366 1.4694066 1.5033399 -5.852579 1.7904708 20.869217 0.0006246566772460938 0.9685664772987366
Car 0.0 0 -0.27575168013572693 786.781494140625 176.63990783691406 948.1218872070312 237.41925048828125 3.684749 1.5085022 1.6053886 6.6053815 1.6129868 18.930576 0.0599665641784668 0.9593986868858337
