Car 0.0 0 1.8173192739486694 372.548095703125 201.0314483642578 489.7757263183594 280.7051696777344 3.8825214 1.4227211 1.6402533 -3.9112236 2.1323173 16.209497 1.5805529356002808 0.9992793202400208
Car 0.0 0 -1.7439351081848145 685.8065795898438 192.16978454589844 798.0457763671875 274.7220153808594 4.115128 1.4149313 1.6187016 2.604505 1.8825902 15.391215 -1.5763028860092163 0.9991720914840698
Car 0.0 0 -1.8408879041671753 733.2593994140625 188.16458129882812 946.5031127929688 341.2835693359375 3.7740495 1.5210593 1.6041628 2.6732278 1.7618239 9.435027 -1.5647938251495361 0.9991331696510315
Car 0.0 0 -2.1365842819213867 856.959228515625 188.994384765625 1242.0 375.0 3.2458696 1.5119207 1.5299667 2.9461904 1.6571547 4.836824 -1.58948814868927 0.9987710118293762
Car 0.0 0 1.8987748622894287 238.3654022216797 205.83883666992188 444.0373840332031 344.1363525390625 3.9409015 1.4778867 1.5975784 -3.7323213 2.0547225 10.629501 1.5610949993133545 0.9986118078231812
Car 0.0 0 -1.716280460357666 671.1063842773438 187.02342224121094 747.5217895507812 243.61825561523438 4.017782 1.4424747 1.6543772 2.7964427 1.9032586 21.421518 -1.5864708423614502 0.9970177412033081
Car 0.0 0 1.7526953220367432 465.47308349609375 196.39755249023438 530.8182373046875 242.9954376220703 3.9289017 1.4618584 1.6975478 -4.08473 2.396182 26.631643 1.6005024909973145 0.9850506782531738
Car 0.0 0 -1.7410354614257812 658.5703735351562 186.13052368164062 712.5112915039062 228.6419677734375 3.4335668 1.4195337 1.4290847 2.7166736 1.9483333 26.953959 -1.6405853033065796 0.9006962776184082
Car 0.0 0 1.8213282823562622 429.86016845703125 197.5778045654297 509.8027038574219 252.68807983398438 3.972739 1.3925388 1.4548644 -4.227968 2.2188745 22.075327 1.632095217704773 0.8261120915412903
Car 0.0 0 1.4155457019805908 627.8428344726562 190.52223205566406 663.05029296875 214.88504028320312 4.210928 1.4676684 1.7407042 2.3198211 2.717169 48.82304 1.4630248546600342 0.7887811064720154
