Pedestrian 0.0 0 1.014036774635315 0.0 142.4083709716797 85.64810180664062 333.6670837402344 0.95810145 1.830864 0.6073967 -6.043987 1.5397747 7.3452764 0.32552337646484375 0.14582134783267975
Cyclist 0.0 0 2.242473602294922 0.0 130.10235595703125 90.72382354736328 321.2456970214844 1.1968275 1.803115 0.6180648 -6.120708 1.4001834 7.40788 1.5519345998764038 0.11458330601453781
Car 0.0 0 -1.6497185230255127 476.91748046875 172.58709716796875 510.95318603515625 201.82888793945312 3.5073843 1.5587342 1.6002703 -6.5623283 1.5448647 40.352497 -1.8109322786331177 0.9775393009185791
Car 0.0 0 3.1521124839782715 153.43124389648438 175.4802703857422 333.2825622558594 236.4026641845703 4.0414467 1.4479061 1.677029 -9.5458 1.5231605 18.930735 2.6850717067718506 0.9732918739318848
Car 0.0 0 3.5160515308380127 199.1020050048828 170.95138549804688 349.4366149902344 220.95262145996094 3.9734075 1.5091687 1.6172237 -10.513205 1.4521005 22.700018 3.082327127456665 0.9546264410018921
Car 0.0 0 0.4018203616142273 91.00301361083984 166.47769165039062 311.856689453125 246.45863342285156 4.06325 1.7131716 1.6882027 -9.23873 1.5769503 16.5112 -0.10832016170024872 0.9249926209449768
Car 0.0 0 3.899057149887085 0.0 198.67227172851562 118.65479278564453 356.0364990234375 3.8185844 1.379439 1.6854765 -7.687442 1.6822896 7.536586 3.103750228881836 0.8549946546554565
Car 0.0 0 0.7960715889930725 1180.74853515625 177.36997985839844 1242.0 212.9187469482422 4.6046724 1.462848 1.6109856 28.490858 1.6821159 32.62896 1.5138682126998901 0.27078548073768616
Car 0.0 0 3.130150318145752 235.2259063720703 168.97210693359375 350.9642028808594 219.8392333984375 3.5943756 1.672617 1.5729588 -11.055924 1.5453306 25.180658 2.716427803039551 0.2516646683216095
Car 0.0 0 0.6820226907730103 0.0 164.83609008789062 237.23312377929688 295.052490234375 4.1730967 1.6808296 1.5801531 -7.7886896 1.5776925 10.158872 0.027926206588745117 0.13137730956077576
