Car 0.0 0 -2.5470426082611084 841.5347290039062 172.56301879882812 1059.6627197265625 265.1435852050781 3.6162288 1.5649511 1.5336459 6.450387 1.5603904 14.136687 -2.1189727783203125 0.9994528889656067
Car 0.0 0 -1.734566569328308 651.9280395507812 181.39303588867188 708.345458984375 225.48587036132812 3.301629 1.4688525 1.5224148 2.459774 1.8017149 26.392859 -1.6416364908218384 0.9989362359046936
Car 0.0 0 -1.684791088104248 627.6075439453125 179.49314880371094 669.8953857421875 211.365966796875 4.260249 1.463189 1.6315329 1.8460922 1.8167453 36.205315 -1.6338456869125366 0.9969859719276428
Car 0.0 0 3.4224042892456055 326.368896484375 188.8050079345703 464.9146423339844 240.7200927734375 3.7637298 1.4950998 1.6519324 -6.5412407 2.003285 22.13028 3.1350085735321045 0.9947757720947266
Car 0.0 0 3.4913225173950195 223.05177307128906 189.35107421875 402.01416015625 257.68560791015625 3.676852 1.52797 1.5617933 -7.11545 1.9455276 17.393194 3.103001117706299 0.9910325407981873
Car 0.0 0 3.817748785018921 0.0 207.51499938964844 208.54013061523438 363.4938049316406 3.465334 1.4025983 1.5384696 -6.4841843 1.8102598 7.6617527 3.115403413772583 0.9905211925506592
Car 0.0 0 0.4495876729488373 162.10647583007812 190.3863067626953 378.4815368652344 269.0673522949219 3.7523465 1.503457 1.5613065 -6.976301 1.886655 14.948107 0.012932062149047852 0.9896578192710876
Car 0.0 0 -2.5535027980804443 0.0 172.70098876953125 334.70819091796875 316.6605224609375 3.8718035 1.826649 1.6748164 -6.1522517 1.825065 10.065723 -3.1021227836608887 0.9863358736038208
Car 0.0 0 0.28804177045822144 365.38946533203125 187.89901733398438 471.49493408203125 228.6246337890625 3.5557077 1.4432546 1.4852295 -7.1473765 2.0220976 26.947147 0.028774738311767578 0.9702358841896057
Car 0.0 0 0.2465025633573532 379.7343444824219 184.5718994140625 488.37109375 224.13528442382812 4.000383 1.5287206 1.59167 -7.096966 2.0160196 29.16949 0.007838726043701172 0.9597582817077637
