Car 0.0 0 -2.587319850921631 0.0 172.55287170410156 338.469970703125 299.2225036621094 4.071075 1.7005908 1.6829175 -6.3758783 1.6969059 10.547049 -3.131054639816284 0.9991996884346008
Car 0.0 0 -1.9558393955230713 769.6056518554688 182.490966796875 1086.665283203125 375.0 3.9770577 1.5354134 1.5932685 2.948247 1.6666553 7.790289 -1.5940461158752441 0.9987857937812805
Car 0.0 0 0.6647071242332458 0.0 188.9143524169922 268.7481689453125 340.632080078125 4.127558 1.4929073 1.6494576 -6.33933 1.6919528 8.097832 0.0005156993865966797 0.9982355833053589
Car 0.0 0 -1.7285786867141724 674.320068359375 184.59214782714844 757.8897094726562 243.48089599609375 4.0005155 1.3869311 1.630051 2.7509723 1.742411 19.810402 -1.590596079826355 0.9954932928085327
Car 0.0 0 0.4291702210903168 270.55682373046875 182.61195373535156 447.4043273925781 248.33279418945312 3.9061904 1.5495708 1.6620226 -6.346236 1.8115005 18.324802 0.09577798843383789 0.9942829608917236
Car 0.0 0 -2.867339611053467 337.7200927734375 172.86648559570312 478.9875183105469 231.79661560058594 4.0210695 1.8093871 1.7447714 -6.398106 1.8101585 23.030645 -3.138314962387085 0.9927720427513123
Car 0.0 0 -1.6526387929916382 656.0932006835938 178.59951782226562 702.740234375 217.38595581054688 3.8682158 1.5082761 1.6420796 2.8376944 1.7675815 30.57383 -1.5600894689559937 0.9926042556762695
Car 0.0 0 -2.5930604934692383 1042.1060791015625 182.48146057128906 1242.0 375.0 3.5434563 1.5268089 1.5770711 2.9348664 1.5759418 1.867065 -1.5888534784317017 0.9913922548294067
Car 0.0 0 -2.8935129642486572 420.97552490234375 177.42117309570312 515.6203002929688 217.8318328857422 3.676618 1.6666727 1.6955343 -6.064163 1.8687322 30.916307 -3.0872015953063965 0.9188513159751892
Car 0.0 0 0.23244524002075195 400.0693359375 181.9891815185547 505.4204406738281 222.31776428222656 3.7626648 1.506523 1.5113891 -6.114579 1.8726643 28.098715 0.018175125122070312 0.8830484747886658
