Car 0.0 0 -2.5268394947052 0.0 173.6509552001953 295.273681640625 305.76715087890625 3.7969954 1.6822098 1.6348575 -6.698271 1.6946472 10.064315 -3.1140663623809814 0.9992648959159851
Car 0.0 0 -2.0511786937713623 804.5142211914062 174.8538055419922 1242.0 375.0 3.9573145 1.6089516 1.587384 2.891887 1.6310966 5.862434 -1.5929124355316162 0.9991573095321655
Car 0.0 0 3.5738887786865234 122.91691589355469 184.4547576904297 404.9563903808594 279.7305603027344 4.1409445 1.5264453 1.622837 -5.928457 1.74252 12.586559 3.133697032928467 0.9980060458183289
Car 0.0 0 -2.278787612915039 716.6483154296875 175.6593780517578 796.328857421875 211.322021484375 3.5144808 1.4338936 1.4252701 6.225734 1.5628285 31.18552 -2.081742763519287 0.9970905780792236
Car 0.0 0 3.5404884815216064 200.89764404296875 184.8616485595703 398.48504638671875 262.1557312011719 3.473953 1.506615 1.520999 -6.426891 1.7705549 15.067946 3.137324810028076 0.9835065007209778
Car 0.0 0 -1.6831542253494263 627.3988647460938 176.1727294921875 660.4298706054688 202.23239135742188 3.8410857 1.4884968 1.56822 1.9774333 1.6988345 43.680904 -1.6379151344299316 0.9615445733070374
Car 0.0 0 -2.7618255615234375 305.8610534667969 176.1151885986328 450.38372802734375 231.83694458007812 3.9046571 1.6329641 1.6466669 -7.116631 1.7380534 22.211771 -3.071890354156494 0.9564775824546814
Car 0.0 0 0.7408204078674316 0.0 178.2669219970703 196.5243682861328 354.4441833496094 3.577275 1.6335145 1.5716997 -6.623122 1.6968062 7.562151 0.021523237228393555 0.950549304485321
Car 0.0 0 -1.4724397659301758 616.6117553710938 177.3136749267578 643.113037109375 198.1090850830078 3.5918808 1.4494393 1.6020529 1.4618322 1.7888949 52.978085 -1.444853663444519 0.9108763337135315
Car 0.0 0 0.0962560698390007 438.57977294921875 175.68052673339844 519.1722412109375 207.5974578857422 4.128125 1.6661671 1.677833 -7.040421 1.8226695 38.849434 -0.08302148431539536 0.6121984720230103
