Car 0.0 0 -1.4288570880889893 459.2425537109375 180.4685516357422 512.7291870117188 218.56468200683594 4.087699 1.4545348 1.6008879 -4.958778 1.274417 29.505495 -1.595363974571228 0.9981694221496582
Car 0.0 0 -1.3393759727478027 393.8713073730469 184.0513153076172 481.4765930175781 241.01902770996094 3.2849636 1.4003755 1.5740737 -4.5146875 1.3728838 19.310934 -1.5690401792526245 0.9969507455825806
Car 0.0 0 -1.143352746963501 47.42146682739258 201.7902374267578 377.0863037109375 374.9857482910156 4.124899 1.3927537 1.643113 -4.1247087 1.6327796 8.267159 -1.6061415672302246 0.9952065348625183
Car 0.0 0 -1.5433810949325562 579.3673706054688 178.1255340576172 609.93798828125 207.30941772460938 3.9113324 1.5041198 1.5540253 -0.6990679 1.1398287 39.008595 -1.5613000392913818 0.9935321807861328
Car 0.0 0 2.332510232925415 0.0 199.598876953125 92.03276824951172 376.0 4.4869137 1.472774 1.5974067 -8.304147 1.6836247 8.211922 1.5415281057357788 0.9895569682121277
Car 0.0 0 -1.2851357460021973 349.8948669433594 181.82212829589844 419.8360290527344 222.04891967773438 3.701041 1.4507103 1.6016635 -8.562836 1.3294586 27.781553 -1.584116816520691 0.9849900007247925
Car 0.0 0 1.6707417964935303 497.273193359375 181.05581665039062 533.7199096679688 208.12551879882812 3.4864414 1.3942522 1.6123713 -4.963203 1.1811255 38.78622 1.5434703826904297 0.9844262599945068
Car 0.0 0 2.1115314960479736 172.0628662109375 197.2532501220703 313.3658447265625 265.72015380859375 3.1747112 1.3597027 1.4560822 -8.270538 1.6643898 16.486012 1.6465486288070679 0.7841305732727051
Car 0.0 0 3.943756580352783 0.0 202.70103454589844 131.58132934570312 376.0 3.7350252 1.5970498 1.5209924 -5.535073 1.7329429 4.6468463 3.071342945098877 0.606987476348877
Car 0.0 0 -0.8323472738265991 0.0 194.08493041992188 92.74080657958984 273.0715637207031 4.0661297 1.3280696 1.6048545 -12.788835 1.5345314 14.590604 -1.5520328283309937 0.4707993268966675
