Car 0.0 0 -1.7596834897994995 690.4006958007812 180.16807556152344 812.9747924804688 263.5080261230469 4.2288666 1.4244775 1.6473614 2.6820378 1.5966575 14.825088 -1.5807071924209595 0.997352123260498
Car 0.0 0 3.838386297225952 0.0 184.0703582763672 250.3161163330078 371.9049072265625 3.8860343 1.5559635 1.6630175 -5.8637376 1.67703 6.918665 3.135331153869629 0.9964009523391724
Car 0.0 0 3.751433849334717 0.0 173.5699920654297 225.66188049316406 310.7235412597656 3.8304572 1.5847332 1.6165679 -7.3452177 1.5952044 9.266311 3.081172466278076 0.9956437349319458
Car 0.0 0 0.5743001699447632 29.971233367919922 173.07522583007812 326.6416015625 281.74346923828125 3.8936653 1.6286774 1.5841373 -6.899754 1.6328864 11.686034 0.040949106216430664 0.995315432548523
Car 0.0 0 -0.23989981412887573 771.9376831054688 177.21971130371094 924.6149291992188 232.43649291992188 3.7146733 1.4365549 1.5606711 6.4039574 1.5624144 19.826456 0.07252264022827148 0.9676558971405029
Car 0.0 0 3.3416762351989746 408.1097106933594 167.79798889160156 517.1434326171875 211.23023986816406 4.0345483 1.6867875 1.5685822 -5.866977 1.4907842 28.80575 3.1407506465911865 0.9546874165534973
Car 0.0 0 0.34213829040527344 381.37451171875 167.98016357421875 496.98638916015625 213.9932861328125 3.8200662 1.6342816 1.6685286 -6.306926 1.4615315 26.663296 0.10986781120300293 0.9162874817848206
Car 0.0 0 -2.6160025596618652 119.39055633544922 166.9922637939453 353.9391784667969 259.6719665527344 3.7197158 1.6820006 1.6590645 -7.1862946 1.5759765 14.016901 -3.0897488594055176 0.8085253834724426
Car 0.0 0 -1.504271149635315 632.6502075195312 172.42103576660156 653.9694213867188 190.7005615234375 3.7707648 1.4325387 1.4813763 2.7031014 1.3989649 58.499775 -1.458096981048584 0.7137388586997986
Car 0.0 0 3.1817502975463867 444.1168518066406 169.30299377441406 526.8927001953125 203.7063751220703 3.6925502 1.5445316 1.5633614 -5.758541 1.3854682 33.405888 3.011046886444092 0.6965675354003906
Car 0.0 0 3.4681289196014404 247.81723022460938 179.1920623779297 450.8987731933594 246.017333984375 4.027724 1.4156259 1.4851799 -5.795831 1.565186 16.206163 3.1246719360351562 0.4916078746318817
