Pedestrian 0.0 0 2.4152185916900635 742.523193359375 150.2950439453125 799.8565063476562 253.6735076904297 0.93884546 1.8677521 0.5198737 2.9626088 1.4605343 13.48944 2.631410598754883 0.40445762872695923
Pedestrian 0.0 0 1.4836912155151367 727.6953735351562 140.02371215820312 770.5188598632812 260.6328125 0.8420586 2.0118256 0.652439 2.3417275 1.4645562 12.483915 1.6691160202026367 0.3525429964065552
Pedestrian 0.0 0 -3.34249210357666 770.1181640625 155.98960876464844 842.4568481445312 276.1804504394531 0.9562926 1.7521024 0.5351272 2.8736877 1.5066166 10.810841 -3.0826847553253174 0.17676064372062683
Cyclist 0.0 0 -3.2163970470428467 771.2429809570312 156.23390197753906 862.0052490234375 277.82513427734375 1.2574888 1.7448351 0.59595174 3.0046284 1.5066942 10.766787 -2.944256067276001 0.3544045388698578
Car 0.0 0 -1.5397543907165527 597.2257080078125 174.03265380859375 624.3258056640625 199.67315673828125 4.236877 1.5791528 1.6280851 0.058281507 1.6594268 46.77616 -1.538508415222168 0.9962295889854431
Car 0.0 0 -1.0718200206756592 0.0 181.256591796875 421.98126220703125 375.0 3.888348 1.5043852 1.6296364 -2.6760983 1.5851728 4.956478 -1.566890835762024 0.9960076808929443
Car 0.0 0 1.7825323343276978 428.49884033203125 182.8455810546875 468.6083068847656 206.39059448242188 4.118423 1.314622 1.5625061 -9.844099 1.9543247 44.10204 1.5629204511642456 0.9828431010246277
Car 0.0 0 2.088912010192871 211.53326416015625 186.36656188964844 328.0971374511719 239.0213165283203 3.8838012 1.3342383 1.3579173 -9.935361 1.7706947 21.293081 1.652339220046997 0.6771787405014038
Car 0.0 0 -2.494821786880493 40.53782653808594 179.88804626464844 117.69783020019531 205.37730407714844 4.211763 1.7538803 1.7169472 -37.52397 2.2602565 51.018658 -3.1289749145507812 0.29678231477737427
Car 0.0 0 -1.4761592149734497 731.6884765625 173.58151245117188 783.837890625 217.38758850097656 3.9425375 1.4135835 1.4353426 5.227685 1.4417125 25.445251 -1.27353036403656 0.20837898552417755
Car 0.0 0 -0.305209755897522 0.0 0.0 1242.0 375.0 3.8140876 1.490714 1.6488094 -2.5080829 1.6294739 0.66317534 -1.6175068616867065 0.13110022246837616
