Car 0.0 0 3.7148427963256836 0.0 187.04029846191406 308.4311218261719 314.5236511230469 3.7493773 1.5226212 1.6391667 -6.296637 1.7287055 9.630369 3.1357789039611816 0.9995335340499878
Car 0.0 0 0.42371803522109985 253.82798767089844 182.76173400878906 458.1646423339844 256.1158752441406 4.1539807 1.5709709 1.6679379 -5.850041 1.8150665 16.735466 0.08743572235107422 0.9992971420288086
Car 0.0 0 3.586712598800659 98.47203826904297 189.135986328125 393.6609802246094 288.1882019042969 4.087492 1.4916786 1.584372 -5.91575 1.7804062 11.954862 3.1272010803222656 0.9979311227798462
Car 0.0 0 2.6632795333862305 829.5497436523438 191.5637664794922 1065.2685546875 270.09942626953125 4.105898 1.4649776 1.5963428 6.7508497 1.8721188 14.785015 3.091609001159668 0.9969606995582581
Car 0.0 0 -2.8531746864318848 328.2193298339844 173.98519897460938 474.6395568847656 234.53457641601562 3.9091086 1.7451906 1.6918656 -6.23271 1.7809083 21.688766 -3.133004903793335 0.9966805577278137
Car 0.0 0 -3.8351783752441406 968.5521240234375 189.19554138183594 1242.0 358.162841796875 4.2324705 1.4932493 1.6519823 6.131734 1.6791528 7.361876 -3.1406936645507812 0.9952141046524048
Car 0.0 0 -0.25820186734199524 714.9423828125 181.09291076660156 837.391845703125 224.3380889892578 4.1627135 1.5362837 1.6182263 6.078016 1.8533252 26.848791 -0.03557480499148369 0.995020866394043
Car 0.0 0 0.24962827563285828 446.422607421875 179.50645446777344 526.7571411132812 211.47828674316406 3.5726852 1.4943812 1.5462909 -5.993067 1.82603 35.01614 0.08011913299560547 0.9935145378112793
Car 0.0 0 -0.34235963225364685 799.9067993164062 185.6468048095703 990.9937133789062 253.03878784179688 3.921289 1.4923155 1.5467637 6.612537 1.8107553 17.112816 0.026375293731689453 0.9861839413642883
Car 0.0 0 -1.5699772834777832 642.822998046875 182.68154907226562 671.71630859375 207.98532104492188 3.6897807 1.3316358 1.5780238 2.6710181 1.9207524 41.331387 -1.5054426193237305 0.9849929809570312
Car 0.0 0 0.3139236867427826 298.18890380859375 184.414306640625 468.7713623046875 244.12722778320312 4.011974 1.4831253 1.5369824 -5.931137 1.8008934 19.016752 0.011594533920288086 0.9828416109085083
