Car 0.0 0 3.629978656768799 0.0 180.14117431640625 255.26138305664062 283.8450927734375 4.006707 1.4982929 1.6301504 -8.176845 1.6267961 11.628019 3.0171070098876953 0.9985445737838745
Car 0.0 0 -0.539490818977356 865.9805297851562 180.4774627685547 1242.0 343.7226867675781 4.112537 1.4362975 1.5362238 4.857547 1.5228863 7.2926435 0.0481114387512207 0.9970321655273438
Car 0.0 0 3.729480504989624 0.0 184.7178955078125 183.9454345703125 323.43267822265625 3.700824 1.5239716 1.5548242 -7.7499747 1.6900313 9.084338 3.023181438446045 0.9947516322135925
Car 0.0 0 3.870859146118164 0.0 188.2957763671875 100.99271392822266 375.0 3.937744 1.4898586 1.6558825 -7.278433 1.6526906 6.552702 3.0330381393432617 0.9856855869293213
Car 0.0 0 2.1875064373016357 976.8179321289062 176.58724975585938 1242.0 375.0 4.05941 1.4594479 1.6663574 4.8190575 1.4913096 4.9071927 2.96384334564209 0.964383065700531
Car 0.0 0 3.380387306213379 186.53431701660156 170.3209991455078 349.9109802246094 235.34005737304688 3.8782165 1.7242432 1.6526264 -9.541882 1.6574281 20.32698 2.9415018558502197 0.9207461476325989
Car 0.0 0 0.5273278951644897 77.46065521240234 176.80654907226562 320.9564208984375 268.8879089355469 3.9123013 1.7024577 1.5793723 -8.022293 1.7852236 14.224224 0.013808727264404297 0.8483970165252686
Car 0.0 0 -1.8377137184143066 464.7218017578125 176.11419677734375 505.9859619140625 203.35887145996094 3.7234774 1.5759857 1.5594244 -7.713495 1.785336 44.23428 -2.0103559494018555 0.5821238160133362
Car 0.0 0 3.157581090927124 245.1717987060547 179.25401306152344 362.13128662109375 226.677490234375 3.782406 1.5933381 1.5808624 -11.042786 1.8377653 26.071192 2.7569284439086914 0.40454694628715515
Car 0.0 0 -0.5935662388801575 834.9942016601562 179.59317016601562 1204.7061767578125 310.2354736328125 4.052746 1.5139133 1.5077162 5.1394343 1.6108056 9.394152 -0.09296093136072159 0.2454424649477005
