Car 0.0 0 -1.7743076086044312 720.5047607421875 179.7852020263672 845.3422241210938 267.7713928222656 4.0959673 1.4927309 1.6095936 3.2763414 1.6534023 14.624555 -1.5539164543151855 0.9996383190155029
Car 0.0 0 1.9761065244674683 231.26795959472656 193.41094970703125 408.76470947265625 281.0657043457031 4.408243 1.4170946 1.7787033 -5.7909846 1.9069692 14.944626 1.6064256429672241 0.9992071986198425
Car 0.0 0 1.8273093700408936 442.7214660644531 182.81846618652344 505.9288330078125 223.29957580566406 4.1166234 1.5084485 1.5906409 -5.6019015 1.9527457 30.033077 1.6429040431976318 0.9988043308258057
Car 0.0 0 1.8622339963912964 361.8313903808594 188.44590759277344 455.00823974609375 248.52792358398438 3.6732912 1.5006528 1.5961981 -5.751244 1.991358 20.83493 1.5929025411605835 0.9986053109169006
Car 0.0 0 2.24277663230896 0.0 210.4575958251953 227.30564880371094 375.0 4.146385 1.4376194 1.6579794 -5.973824 1.9381237 7.5203013 1.5714843273162842 0.9982670545578003
Car 0.0 0 -1.9231114387512207 770.5908203125 181.75119018554688 1028.1768798828125 332.6366882324219 4.088277 1.4510454 1.6187032 3.2856212 1.590567 9.230638 -1.5811481475830078 0.997812032699585
Car 0.0 0 1.411193609237671 682.710693359375 179.9077606201172 745.4273071289062 229.02560424804688 3.569112 1.501774 1.5314049 3.3943703 1.7580572 24.375738 1.5495558977127075 0.9969291090965271
Car 0.0 0 1.6437158584594727 503.2164611816406 181.23387145996094 533.8648071289062 206.13563537597656 3.91732 1.4440547 1.6246461 -5.7174325 1.9924161 45.18349 1.517846703529358 0.9954814910888672
Car 0.0 0 2.4637837409973145 993.7252197265625 150.3727264404297 1242.0 269.61322021484375 4.205559 1.644162 1.688146 8.26051 1.3345339 10.84668 3.1146488189697266 0.9742273688316345
Car 0.0 0 -1.7241970300674438 666.0810546875 179.20640563964844 723.3070068359375 217.73916625976562 4.1595416 1.4676684 1.7534678 3.4334471 1.7533337 30.29028 -1.6113272905349731 0.956391453742981
