Pedestrian 0.0 0 1.234460711479187 546.5962524414062 130.43829345703125 586.75341796875 221.0433349609375 0.93960446 1.7853307 0.53720516 -0.8353383 0.8005178 14.464021 1.1767719984054565 0.9757573008537292
Pedestrian 0.0 0 -2.1384737491607666 841.0637817382812 146.87371826171875 906.8419189453125 270.8498229980469 0.77917784 1.6637217 0.5232426 3.7121572 1.2141387 9.918899 -1.7803598642349243 0.9522308111190796
Pedestrian 0.0 0 -2.608881950378418 1010.5211791992188 139.1428985595703 1183.742431640625 370.0 1.0315903 1.7575238 0.5865723 4.0155993 1.4484301 5.9002028 -2.0113041400909424 0.8601629137992859
Pedestrian 0.0 0 1.7216840982437134 474.7745056152344 132.74722290039062 505.0642395019531 210.64317321777344 0.9493993 1.8679848 0.6038772 -2.8651094 0.72445035 17.428728 1.5587513446807861 0.8460342288017273
Pedestrian 0.0 0 1.4661366939544678 647.1763916015625 142.2218780517578 672.7084350585938 206.80612182617188 1.0057304 1.8585038 0.6462779 1.5785664 0.7585661 20.853432 1.541690707206726 0.8249648213386536
Pedestrian 0.0 0 1.6587740182876587 512.7880859375 131.10626220703125 543.7724609375 224.7159423828125 0.9340103 1.8083451 0.53889984 -1.5651206 0.85579306 14.126658 1.5484319925308228 0.7738969326019287
Pedestrian 0.0 0 0.4001554548740387 461.0513610839844 136.9461212158203 501.0482177734375 208.7917022705078 0.8958408 1.847927 0.5365783 -3.283255 0.72927576 18.542326 0.22490382194519043 0.44502320885658264
Pedestrian 0.0 0 0.5376479029655457 436.05877685546875 136.1721649169922 475.2964172363281 209.8487548828125 0.8609543 1.8202579 0.4452824 -3.7982442 0.72668874 17.81272 0.3275620937347412 0.308634489774704
Pedestrian 0.0 0 0.3991823196411133 234.03289794921875 136.02467346191406 294.858642578125 248.58009338378906 0.77886194 1.8719673 0.5616444 -5.840617 1.1339254 12.055 -0.05198650807142258 0.24572189152240753
Cyclist 0.0 0 -3.2527127265930176 997.3037719726562 139.28021240234375 1194.5941162109375 369.64215087890625 1.2844998 1.7382516 0.63554543 3.97293 1.428928 5.9090114 -2.66078519821167 0.22317330539226532
Cyclist 0.0 0 1.7517446279525757 426.5787658691406 130.5979461669922 459.845703125 211.32252502441406 1.0745953 1.9114746 0.61250675 -3.9820101 0.73144925 17.28787 1.5253576040267944 0.13888724148273468
