Car 0.0 0 0.4276496171951294 134.7564697265625 165.63771057128906 396.91259765625 265.3547668457031 4.1035624 1.7479361 1.6875805 -6.3403573 1.6218 13.511567 -0.011100083589553833 0.9984005093574524
Car 0.0 0 -1.8189220428466797 736.6033935546875 176.19775390625 921.7008666992188 303.6738586425781 3.9092162 1.5276861 1.63107 2.9502616 1.5868621 10.71852 -1.5503243207931519 0.9976898431777954
Car 0.0 0 3.8867173194885254 0.0 184.09910583496094 213.55824279785156 374.735595703125 4.0320916 1.5077689 1.6218951 -6.156756 1.6241033 6.619735 3.137540102005005 0.9973690509796143
Car 0.0 0 -2.073312759399414 839.335693359375 193.0487518310547 1242.0 375.0 3.4283738 1.456252 1.5366722 2.8699887 1.6479437 5.112365 -1.5617730617523193 0.9973624348640442
Car 0.0 0 3.636986255645752 31.324581146240234 187.7223663330078 361.5687561035156 290.1219177246094 4.128135 1.4156944 1.6064612 -6.1973124 1.6610458 11.050844 3.1258890628814697 0.9972769618034363
Car 0.0 0 -1.7140445709228516 668.9917602539062 178.53257751464844 736.8442993164062 227.50384521484375 3.8199463 1.3920717 1.5823549 2.8120046 1.5876843 22.880733 -1.591759443283081 0.9960705041885376
Car 0.0 0 -1.6149978637695312 651.818359375 174.1363067626953 689.43212890625 208.37831115722656 3.695842 1.500936 1.5742253 2.7386148 1.5644178 33.64082 -1.5337694883346558 0.9954547882080078
Car 0.0 0 0.40178486704826355 322.7667541503906 175.14126586914062 471.22601318359375 229.69940185546875 3.8686666 1.5279565 1.6689262 -6.2862883 1.5993179 21.344404 0.11536598205566406 0.9911773204803467
Car 0.0 0 -2.900021553039551 375.63446044921875 170.03408813476562 503.6137390136719 219.67013549804688 4.2198243 1.7377816 1.749773 -6.1452136 1.6394135 26.156284 -3.1307787895202637 0.9804773330688477
Car 0.0 0 -2.429518699645996 0.0 163.1231689453125 269.8125 327.036865234375 4.096969 1.7688271 1.6728375 -6.610722 1.6641774 8.751502 -3.0764548778533936 0.9687227606773376
