Cyclist 0.0 0 -3.5072922706604004 1138.2965087890625 131.8499755859375 1242.0 223.90821838378906 1.9564631 1.75695 0.63757205 11.753741 0.97473764 14.377947 -2.8219809532165527 0.10473553836345673
Car 0.0 0 1.7954740524291992 342.49517822265625 194.1553497314453 480.1899108886719 283.9270935058594 4.306171 1.4365648 1.7664721 -3.9074748 1.937197 14.76103 1.5366941690444946 0.9997913241386414
Car 0.0 0 -1.6525806188583374 634.7557983398438 177.00570678710938 674.6666259765625 209.15338134765625 4.1712914 1.4649694 1.6127331 2.1061728 1.6818514 35.524292 -1.593361735343933 0.9983412027359009
Car 0.0 0 1.7424612045288086 448.20806884765625 188.40892028808594 513.4586791992188 238.6197052001953 3.3746834 1.4268601 1.5128825 -4.1299267 1.9647169 23.239403 1.5665850639343262 0.9964660406112671
Car 0.0 0 2.0073182582855225 155.6090850830078 201.88140869140625 335.8780517578125 296.9832763671875 3.7458055 1.4145188 1.6129013 -6.7690253 2.0449924 13.771202 1.550465703010559 0.9962091445922852
Car 0.0 0 2.8472900390625 752.7112426757812 168.04031372070312 867.9996948242188 208.83267211914062 4.053434 1.5539058 1.6817766 7.775367 1.3708965 28.377876 3.1147208213806152 0.9763945937156677
Car 0.0 0 2.9250636100769043 698.9882202148438 167.20309448242188 795.692626953125 199.4610595703125 4.7159915 1.643848 1.6275862 7.0808506 1.3562382 37.652054 3.110952615737915 0.3479047119617462
Car 0.0 0 1.766581654548645 494.1846923828125 183.2750244140625 524.9253540039062 205.16741943359375 4.0356693 1.4187055 1.3851479 -7.0542445 2.1819732 50.76575 1.6285090446472168 0.3012104034423828
Car 0.0 0 -0.4433802664279938 953.6029052734375 156.35366821289062 1047.9420166015625 185.55300903320312 4.3549347 1.6115167 1.7672169 22.005087 0.70121866 40.81274 0.051111698150634766 0.28459471464157104
Car 0.0 0 1.7907308340072632 387.95172119140625 183.5135040283203 456.8457336425781 226.4681854248047 4.146783 1.5322795 1.8035561 -7.451627 1.9903908 28.880697 1.5382238626480103 0.12935398519039154
Car 0.0 0 -2.886035919189453 0.0 0.0 1242.0 375.0 3.8922086 1.5501106 1.6283892 3.0051181 1.6271999 0.74779123 -1.5591254234313965 0.12300393730401993
