Car 0.0 0 3.7535502910614014 0.0 192.7495574951172 300.6197814941406 346.7278137207031 4.1594496 1.5271522 1.6364027 -6.01716 1.7782596 8.233079 3.1224172115325928 0.9992799162864685
Car 0.0 0 0.47287559509277344 148.00840759277344 184.8859405517578 419.70989990234375 277.97418212890625 4.174206 1.526176 1.6439427 -5.795842 1.7589127 13.000253 0.05349874496459961 0.999085545539856
Car 0.0 0 3.9521546363830566 0.0 195.76202392578125 133.5858154296875 375.0 3.9053402 1.4889851 1.5997852 -6.3074503 1.6970956 5.6899996 3.1153366565704346 0.9985111355781555
Car 0.0 0 -0.3010496199131012 720.1393432617188 180.9890899658203 871.5615234375 227.8529510498047 4.4280815 1.4259766 1.6483678 5.8623924 1.6987977 23.221243 -0.05375874787569046 0.9968398809432983
Car 0.0 0 -1.6224920749664307 638.4221801757812 179.8952178955078 672.0639038085938 208.077392578125 3.6619709 1.3621851 1.5542201 2.2799308 1.7477103 37.62887 -1.5619760751724243 0.9942651391029358
Car 0.0 0 0.2127685844898224 420.9662780761719 178.8566131591797 515.0478515625 214.71702575683594 3.7546406 1.4985253 1.5438722 -6.138242 1.7653904 31.225632 0.018666505813598633 0.9939084053039551
Car 0.0 0 3.491234302520752 203.36370849609375 186.2118682861328 425.7889404296875 259.8191833496094 4.0690737 1.4401908 1.5680635 -6.1755576 1.739253 15.27833 3.107109308242798 0.9924980998039246
Car 0.0 0 -0.5924946069717407 891.243896484375 187.15602111816406 1206.9107666015625 289.7437438964844 3.9946992 1.4260108 1.5705961 6.605927 1.665885 11.179541 -0.05879734084010124 0.9922588467597961
Car 0.0 0 0.32012784481048584 266.9772644042969 174.50502014160156 445.9540710449219 246.3458251953125 3.8838139 1.694798 1.5830513 -6.229964 1.7379484 17.877726 -0.015188947319984436 0.9920567870140076
Car 0.0 0 0.5927107334136963 0.0 183.209716796875 332.74334716796875 300.8011779785156 4.113929 1.5625955 1.6556158 -6.5258074 1.7291888 10.663235 0.04352068901062012 0.9870728254318237
Car 0.0 0 -0.427731454372406 848.8338623046875 180.57211303710938 1092.431640625 265.408447265625 3.7332697 1.4604611 1.5698794 6.5069103 1.6130613 13.399717 0.02433037757873535 0.9557596445083618
