Car 0.0 0 -1.8545114994049072 740.9168701171875 181.55465698242188 961.0882568359375 324.2915344238281 4.191311 1.46553 1.5907063 2.886825 1.6089206 9.760108 -1.5669326782226562 0.9989720582962036
Car 0.0 0 0.7002514600753784 0.0 192.7479248046875 261.7334289550781 374.174560546875 4.0873327 1.5153124 1.634982 -5.88633 1.7322288 7.0279937 0.0030269622802734375 0.9988254904747009
Car 0.0 0 -1.6876124143600464 680.4653930664062 175.29888916015625 738.6193237304688 222.42401123046875 3.407065 1.4923995 1.5727406 3.2997775 1.5824155 24.741299 -1.5550236701965332 0.9981203675270081
Car 0.0 0 0.6250748634338379 0.0 191.1961212158203 313.31640625 316.17041015625 4.1309834 1.4714042 1.6657088 -6.4363236 1.7407916 9.669941 0.037810325622558594 0.9976922273635864
Car 0.0 0 0.525370717048645 106.06346893310547 185.05796813964844 368.2928161621094 281.38189697265625 3.6763017 1.4940561 1.5877187 -6.285364 1.7176399 12.304772 0.053114891052246094 0.9968710541725159
Car 0.0 0 -2.9133524894714355 471.6790466308594 175.26454162597656 543.888427734375 206.79318237304688 3.5523632 1.6397716 1.6341246 -5.4777083 1.7724694 38.640884 -3.054173469543457 0.9932378530502319
Car 0.0 0 3.342785120010376 404.5773010253906 178.1212615966797 511.6075134277344 218.10061645507812 3.9026809 1.523156 1.561699 -5.9818654 1.737277 28.487623 3.1358108520507812 0.9922987818717957
Car 0.0 0 0.559881329536438 358.7456970214844 179.93894958496094 489.5948791503906 233.16708374023438 3.5067043 1.479132 1.5696027 -5.607275 1.704796 21.665218 0.3066239356994629 0.980803906917572
Car 0.0 0 0.04384596273303032 510.1837158203125 174.56935119628906 563.4340209960938 198.17332458496094 3.4754941 1.5441331 1.6113474 -4.8900757 1.6613147 48.234093 -0.05719095841050148 0.8788328170776367
Car 0.0 0 -1.6532769203186035 673.4254760742188 172.85052490234375 722.618896484375 214.3546905517578 4.0306697 1.6024083 1.6806004 3.5364544 1.6026317 29.898357 -1.5355414152145386 0.8062261343002319
