Car 0.0 0 1.900368332862854 269.67767333984375 194.30149841308594 408.31817626953125 273.2723693847656 4.180127 1.4454626 1.6726764 -6.0292573 1.9977183 16.45657 1.5491816997528076 0.9996626377105713
Car 0.0 0 1.8423347473144531 391.0083923339844 187.42611694335938 473.4122314453125 237.78994750976562 4.087804 1.4448789 1.6131808 -5.835526 1.9710526 23.963844 1.6034700870513916 0.9991050362586975
Car 0.0 0 2.059990167617798 66.0466537475586 204.27125549316406 307.9990539550781 336.0986633300781 3.5033739 1.446072 1.5415059 -5.9283013 1.9818804 10.525051 1.54702627658844 0.9988412261009216
Car 0.0 0 -1.7059388160705566 676.5575561523438 173.44264221191406 741.662353515625 224.50843811035156 3.952033 1.5445762 1.591176 3.1416185 1.5660056 23.846382 -1.5749491453170776 0.9962525367736816
Car 0.0 0 1.7598990201950073 483.5848388671875 182.8461456298828 525.1207275390625 211.29074096679688 3.8512776 1.4100808 1.5312127 -5.70681 1.9790435 39.098877 1.6149640083312988 0.9958739876747131
Car 0.0 0 -1.7456861734390259 695.0408325195312 176.3607940673828 790.3251953125 241.5791778564453 4.081283 1.4537896 1.6596546 3.1904721 1.553243 18.343674 -1.5734812021255493 0.9938109517097473
Car 0.0 0 1.7855144739151 439.7698669433594 187.19491577148438 497.0536804199219 224.34234619140625 3.6203578 1.3706368 1.5905972 -5.830054 2.0008051 29.857891 1.5926806926727295 0.9937241673469543
Car 0.0 0 2.3469460010528564 0.0 228.5423126220703 129.71629333496094 375.0 3.5364842 1.4255658 1.5665437 -5.898761 2.0153158 5.8556285 1.5578783750534058 0.9843336939811707
Car 0.0 0 1.4496493339538574 659.2874145507812 177.33892822265625 699.8933715820312 209.83944702148438 3.7419586 1.4106327 1.4359884 3.161752 1.6323918 33.72621 1.543123722076416 0.9739080667495728
Car 0.0 0 -0.600520670413971 1004.3132934570312 132.32125854492188 1242.0 238.58566284179688 4.1630087 1.6701057 1.6648171 9.196112 1.0334302 12.258615 0.04309272766113281 0.9476828575134277
Car 0.0 0 2.4452133178710938 886.5607299804688 156.90049743652344 1071.86279296875 223.08944702148438 3.9155405 1.5026339 1.5978179 8.913807 1.1408123 17.597652 2.914074420928955 0.9245213270187378
