Pedestrian 0.0 0 -1.7008181810379028 418.0159912109375 165.42904663085938 478.6094055175781 307.456787109375 0.86892 1.7116071 0.6440179 -2.014756 1.519275 9.1721525 -1.9170442819595337 0.9613342881202698
Pedestrian 0.0 0 -2.8268001079559326 304.00665283203125 159.0284881591797 454.6158142089844 374.0 0.92844117 1.7120054 0.6381361 -1.6838766 1.5551316 5.3813567 -3.1300578117370605 0.9526083469390869
Pedestrian 0.0 0 1.298048734664917 300.9508056640625 165.5537109375 369.41119384765625 286.21734619140625 0.9184539 1.6833334 0.7236485 -3.9827704 1.4621918 10.602887 0.9387252330780029 0.934658944606781
Pedestrian 0.0 0 0.4425538182258606 253.57513427734375 166.52224731445312 332.12274169921875 314.4939880371094 0.6389526 1.6433405 0.6000974 -3.5923884 1.4783552 8.285613 0.033447265625 0.8602668046951294
Pedestrian 0.0 0 -1.229804515838623 150.68875122070312 167.2571258544922 230.77244567871094 314.33087158203125 0.93412113 1.6823767 0.5674317 -5.008442 1.5208024 8.724753 -1.7509243488311768 0.8350217938423157
Pedestrian 0.0 0 0.7069003582000732 214.137939453125 161.28001403808594 277.4830627441406 263.4753112792969 0.84253925 1.7560092 0.56134415 -6.3297906 1.4098513 12.714917 0.2449951171875 0.7647588849067688
Pedestrian 0.0 0 1.5890461206436157 276.53680419921875 159.62791442871094 326.4344787597656 271.97650146484375 0.7226928 1.7306517 0.7182682 -4.8489056 1.3950288 11.531573 1.1910021305084229 0.7436190843582153
Pedestrian 0.0 0 1.8767684698104858 207.06561279296875 150.91424560546875 304.4970703125 349.9840087890625 0.8458991 1.731103 0.59545976 -3.2465663 1.4665139 6.7055106 1.4258698225021362 0.6117160320281982
Pedestrian 0.0 0 3.2461085319519043 259.1788330078125 161.94932556152344 312.72613525390625 265.94354248046875 0.78535503 1.7253418 0.5926809 -5.43763 1.4022683 12.317449 2.830381155014038 0.5673485398292542
Pedestrian 0.0 0 0.24024057388305664 649.9675903320312 168.7850799560547 672.3477783203125 224.87843322753906 0.5951362 1.7891538 0.6150143 1.9142294 1.3846989 23.295311 0.32222867012023926 0.42136749625205994
Pedestrian 0.0 0 -1.838523507118225 543.326171875 168.7586669921875 563.1722412109375 212.0824737548828 1.0288231 1.6742272 0.5256741 -1.924533 1.1828624 28.329361 -1.90635347366333 0.22769658267498016
Pedestrian 0.0 0 1.2867777347564697 345.56011962890625 153.2304229736328 417.87713623046875 302.4905700683594 0.79890645 1.7988067 0.68367577 -2.8611665 1.4594586 9.176262 0.984529972076416 0.14410153031349182
Cyclist 0.0 0 1.51386559009552 482.4771728515625 163.38612365722656 504.3169860839844 223.56504821777344 1.77076 1.8397853 0.58308595 -3.4809694 1.287126 22.88476 1.3629140853881836 0.9662367105484009
Cyclist 0.0 0 2.0716552734375 0.0 165.6710662841797 168.5990753173828 374.0 1.7878953 1.7058717 0.5859493 -3.9018338 1.6132241 5.1928062 1.4272637367248535 0.26270735263824463
Car 0.0 0 1.6099989414215088 355.8189697265625 181.59893798828125 439.6455078125 259.90484619140625 3.4493015 1.4578131 1.5235497 -4.2739325 1.4613662 15.229087 1.3363943099975586 0.38160210847854614
Car 0.0 0 3.4616992473602295 49.458431243896484 173.4395294189453 573.2561645507812 374.0 3.7193103 1.6645191 1.6662089 -2.1585646 1.6083162 6.0098634 3.1168782711029053 0.12801270186901093
