Car 0.0 0 3.6794028282165527 0.0 186.8984375 325.1022644042969 315.1982727050781 4.0092573 1.5082769 1.610731 -6.1438346 1.7114589 9.544092 3.1074469089508057 0.9993376135826111
Car 0.0 0 -2.6374197006225586 76.4433822631836 178.4029541015625 360.2000732421875 285.73114013671875 3.8190463 1.6309843 1.5702432 -6.340367 1.7287686 11.855698 -3.128514289855957 0.9978122711181641
Car 0.0 0 -1.782945990562439 694.23974609375 182.3931884765625 792.0135498046875 251.5446319580078 3.44068 1.4168587 1.5474886 2.9755507 1.6652985 17.012789 -1.6097965240478516 0.9978020787239075
Car 0.0 0 0.36749863624572754 253.67401123046875 182.58145141601562 447.154296875 252.92686462402344 3.9534714 1.536168 1.5261838 -5.9951496 1.7738514 16.789587 0.02453446388244629 0.9972142577171326
Car 0.0 0 3.8314690589904785 0.0 193.45382690429688 182.83509826660156 366.6829833984375 3.5563166 1.4843206 1.5552881 -6.5967155 1.7163235 7.247981 3.0930769443511963 0.9959858059883118
Car 0.0 0 0.42344313859939575 190.15162658691406 183.35031127929688 423.5111999511719 266.5757751464844 3.9908462 1.5465991 1.7092642 -6.037498 1.7719707 14.550774 0.0301358699798584 0.9902157783508301
Car 0.0 0 -2.255039691925049 919.5933227539062 185.0999298095703 1242.0 375.0 3.610279 1.5274972 1.5864007 3.0921323 1.6217277 3.7154193 -1.5609452724456787 0.987194836139679
Car 0.0 0 -3.3827149868011475 759.9943237304688 181.43276977539062 881.35400390625 228.0726776123047 3.620002 1.4875479 1.6449088 6.9553027 1.7866148 24.229486 -3.1031720638275146 0.9821130037307739
Car 0.0 0 -2.846586227416992 332.2616882324219 177.36888122558594 467.51495361328125 236.26467895507812 3.5743363 1.685378 1.6112698 -6.264097 1.8260962 21.60032 -3.1288437843322754 0.9797565340995789
Car 0.0 0 2.9307663440704346 697.1664428710938 179.6686553955078 796.8026123046875 211.89761352539062 4.4523625 1.4885713 1.5614781 6.4645214 1.8228478 34.51504 3.1159169673919678 0.9421527981758118
Car 0.0 0 0.08561258763074875 478.4589538574219 173.73318481445312 547.506591796875 201.3094024658203 4.2017045 1.7068863 1.7168658 -6.128194 1.7640715 45.67712 -0.04775433987379074 0.9101465940475464
