Pedestrian 0.0 0 -1.618850588798523 827.2312622070312 158.1555633544922 860.2757568359375 233.38340759277344 0.5603527 1.7108207 0.7025261 5.375259 1.3769088 16.767998 -1.308633804321289 0.4706282615661621
Pedestrian 0.0 0 -1.4616444110870361 701.9306640625 167.50527954101562 717.5376586914062 208.33790588378906 0.8818383 1.7512869 0.5825093 4.3096533 1.5222415 31.44204 -1.3254265785217285 0.28158965706825256
Pedestrian 0.0 0 1.613326907157898 479.88970947265625 165.91529846191406 503.6876220703125 231.0821075439453 1.3678217 1.800876 0.6178486 -3.4195323 1.6094843 20.65318 1.4492461681365967 0.1210920587182045
Cyclist 0.0 0 1.7929728031158447 526.9606323242188 175.5122528076172 546.4292602539062 212.6911163330078 1.7054445 1.7453281 0.5768767 -3.5711527 1.8774319 34.876335 1.6909337043762207 0.32924380898475647
Cyclist 0.0 0 1.6271435022354126 502.4329528808594 170.9684295654297 525.8212890625 233.2748565673828 1.5552633 1.7403616 0.590016 -2.8181143 1.6880513 20.949568 1.4934272766113281 0.2240304797887802
Cyclist 0.0 0 1.5104002952575684 475.3407287597656 166.95216369628906 501.56341552734375 233.46266174316406 1.7864234 1.811003 0.62503785 -3.5298996 1.6506608 20.584839 1.3405715227127075 0.18409563601016998
Car 0.0 0 -2.0076351165771484 775.5931396484375 175.68731689453125 1154.18896484375 375.0 3.294454 1.5838542 1.5358227 2.5819051 1.6152427 6.220562 -1.6142139434814453 0.998898983001709
Car 0.0 0 2.034058094024658 94.45500946044922 187.5101318359375 356.474365234375 339.1568908691406 3.665183 1.6102378 1.6383278 -4.971193 1.8480139 9.849643 1.5666513442993164 0.9987775683403015
Car 0.0 0 1.766144871711731 506.1120300292969 180.1764373779297 545.4964599609375 209.59954833984375 4.3768153 1.686344 1.6057202 -5.1927357 2.163292 44.714172 1.6505310535430908 0.9840608239173889
Car 0.0 0 -1.5350748300552368 642.8845825195312 175.05792236328125 668.9334716796875 199.96241760253906 3.4793406 1.5310026 1.5536449 2.9560575 1.6788694 46.48182 -1.4715644121170044 0.893423318862915
Car 0.0 0 1.7416898012161255 429.5981750488281 174.79824829101562 495.8788146972656 230.2449951171875 4.086844 1.8234762 1.6594098 -5.2433786 1.8993007 25.937643 1.542224645614624 0.8131182193756104
Car 0.0 0 -2.7885794639587402 0.0 0.0 1242.0 375.0 3.889454 1.5289166 1.6301848 2.3195398 1.6400294 0.8670748 -1.5755130052566528 0.15239529311656952
