Pedestrian 0.0 0 -2.7461414337158203 477.1415710449219 172.0226287841797 501.7936706542969 210.49642944335938 0.9021632 1.6921186 0.6530766 -5.407886 1.6559124 32.151592 -2.912781238555908 0.4243704080581665
Cyclist 0.0 0 1.365143895149231 500.393798828125 169.57412719726562 522.165283203125 208.42501831054688 1.839527 1.777573 0.6508032 -4.700822 1.6278651 33.985924 1.2276992797851562 0.504054605960846
Cyclist 0.0 0 2.098358631134033 161.78945922851562 193.49676513671875 221.5745391845703 267.5469665527344 1.7147319 1.7410431 0.5210645 -10.623083 2.28951 18.297813 1.5723516941070557 0.19061876833438873
Car 0.0 0 -1.5825861692428589 577.828369140625 174.43052673339844 604.1728515625 200.38702392578125 3.4173603 1.5044067 1.5353378 -1.2084396 1.6041932 43.765385 -1.6101908683776855 0.9966848492622375
Car 0.0 0 -1.6800845861434937 647.3475952148438 173.0641632080078 703.4127807617188 220.60606384277344 3.6591322 1.5381795 1.5430205 2.1693637 1.5464177 25.205484 -1.594228982925415 0.995586633682251
Car 0.0 0 1.6144596338272095 428.22821044921875 178.5411376953125 478.3520812988281 222.39999389648438 3.8140635 1.5194935 1.7040628 -5.955375 1.7529132 27.543013 1.4015167951583862 0.9910290241241455
Car 0.0 0 -1.7746132612228394 692.6438598632812 177.41976928710938 800.69677734375 251.9630126953125 3.782207 1.440908 1.5949354 2.858596 1.5552108 16.091454 -1.598800539970398 0.9774077534675598
Car 0.0 0 -1.789113163948059 731.4329223632812 162.1813201904297 926.8920288085938 304.2420654296875 4.3982887 1.6728992 1.749987 2.9040365 1.5475762 10.731071 -1.5248240232467651 0.9631892442703247
Car 0.0 0 -2.401944160461426 0.0 198.54837036132812 75.7344970703125 265.59234619140625 3.2260385 1.5422351 1.5708011 -15.604908 2.2152886 18.0589 -3.1145739555358887 0.9368811249732971
Car 0.0 0 -1.7074453830718994 614.2693481445312 174.75048828125 655.819091796875 210.23394775390625 3.3386257 1.4811953 1.3916534 1.0260124 1.5703149 32.03468 -1.6754281520843506 0.8532018661499023
Car 0.0 0 -1.403493881225586 551.9764404296875 176.7216796875 578.0216064453125 196.4012451171875 3.1976209 1.4003559 1.4224886 -3.346516 1.6972804 53.65916 -1.465779423713684 0.16263416409492493
