Pedestrian 0.0 0 1.8430702686309814 216.51084899902344 170.21646118164062 309.88446044921875 366.8487548828125 0.8413157 1.6924266 0.5796697 -3.1495278 1.5966929 6.6438527 1.4003962278366089 0.9611791968345642
Pedestrian 0.0 0 -0.9280290603637695 995.6439208984375 151.2540740966797 1076.59521484375 297.78021240234375 0.71244836 1.657632 0.49014017 5.0838084 1.3168148 8.485506 -0.38825926184654236 0.9214664697647095
Pedestrian 0.0 0 -1.953021764755249 896.93017578125 160.01272583007812 934.5377197265625 228.5671844482422 0.99215 1.7602333 0.5777386 8.245236 1.2096932 18.945696 -1.5425403118133545 0.8425265550613403
Pedestrian 0.0 0 -1.9003281593322754 782.5873413085938 162.862548828125 816.4583129882812 245.10556030273438 0.7648229 1.848043 0.53049093 4.51669 1.4304652 16.537075 -1.6337058544158936 0.822273313999176
Pedestrian 0.0 0 -1.8102103471755981 757.8821411132812 168.48046875 855.1109619140625 374.0 0.9303341 1.703238 0.550741 1.5990059 1.6063911 5.8899655 -1.5451198816299438 0.3726033568382263
Pedestrian 0.0 0 -1.7017227411270142 507.72088623046875 172.82664489746094 522.784423828125 216.7129364013672 0.7192231 1.7387699 0.51032245 -3.4846478 1.3961385 28.869463 -1.8218451738357544 0.3516819477081299
Pedestrian 0.0 0 0.0011554956436157227 498.1182861328125 178.87928771972656 519.2237548828125 223.24072265625 0.8032277 1.6988411 0.52977055 -3.6117377 1.5995015 27.820301 -0.12794625759124756 0.33568668365478516
Pedestrian 0.0 0 -3.1370954513549805 800.0771484375 165.08164978027344 842.5104370117188 246.75570678710938 0.881596 1.7605159 0.47635612 4.8082514 1.4078383 15.838912 -2.84236478805542 0.3194302022457123
Cyclist 0.0 0 0.8741903305053711 841.1165771484375 153.0177459716797 1066.4962158203125 374.0 1.9083546 1.7838393 0.51915354 2.6940327 1.591747 5.8663673 1.3046963214874268 0.42613816261291504
Cyclist 0.0 0 1.7110652923583984 400.5309143066406 172.64199829101562 441.308837890625 255.47218322753906 1.5501792 1.6671157 0.6334086 -3.8500807 1.4900755 15.259704 1.4639195203781128 0.25470033288002014
Cyclist 0.0 0 -0.48913681507110596 880.736328125 162.59725952148438 939.145751953125 230.68179321289062 1.3044515 1.7695609 0.5712397 8.122952 1.2794391 19.007513 -0.08527328819036484 0.13924379646778107
Cyclist 0.0 0 -3.336369514465332 733.3407592773438 165.88040161132812 901.9710693359375 374.0 1.2395737 1.764977 0.58458114 1.695966 1.6447133 5.9353557 -3.058046579360962 0.10256174206733704
Car 0.0 0 1.4470964670181274 619.4463500976562 172.82472229003906 646.9366455078125 193.1038818359375 3.831057 1.5139183 1.65951 2.4439993 0.8668526 55.599445 1.491025447845459 0.9950472116470337
Car 0.0 0 1.650093674659729 553.0291748046875 173.04934692382812 599.638427734375 211.20814514160156 4.559233 1.6782955 1.8422422 -1.122947 1.3075727 33.910824 1.6169910430908203 0.9548429846763611
Car 0.0 0 1.9802193641662598 42.8187141418457 191.64085388183594 320.78759765625 349.4205627441406 3.4815793 1.535108 1.7168185 -4.973985 1.6895715 9.032852 1.4768733978271484 0.662421703338623
Car 0.0 0 2.7420268058776855 684.935546875 187.1279754638672 1159.7945556640625 374.0 3.2913992 1.4787383 1.5756034 2.402894 1.5339506 6.046584 3.1202871799468994 0.24307207763195038
Car 0.0 0 1.6894471645355225 570.4825439453125 178.5252685546875 602.8543090820312 203.10374450683594 4.847146 1.4871669 1.5079439 -0.8848017 1.3079267 45.94804 1.6701929569244385 0.10595176368951797
