Pedestrian 0.0 0 -1.7240771055221558 53.92048263549805 179.5008087158203 124.30463409423828 335.42596435546875 0.7166745 1.5979513 0.5156308 -5.738146 1.6747984 7.8646793 -2.354400157928467 0.5535407066345215
Pedestrian 0.0 0 -1.6978373527526855 821.832763671875 160.42001342773438 847.1488037109375 227.8511505126953 0.5757522 1.7880532 0.58228695 6.0027075 1.4587029 19.463558 -1.3986852169036865 0.11159185320138931
Car 0.0 0 1.758744478225708 445.8947448730469 181.4453582763672 508.2939758300781 227.57431030273438 3.9157338 1.5594487 1.5975043 -4.9483633 1.905719 27.084797 1.5780385732650757 0.9989678859710693
Car 0.0 0 -1.6907670497894287 664.2710571289062 176.11380004882812 726.4278564453125 227.93653869628906 3.3855896 1.5470511 1.5948056 2.6559134 1.6610358 23.449303 -1.5779857635498047 0.9980512857437134
Car 0.0 0 -1.894770622253418 761.6417846679688 180.19168090820312 1022.2507934570312 359.50286865234375 3.3359804 1.496175 1.5463997 2.7029612 1.593209 7.829282 -1.5623449087142944 0.9955270886421204
Car 0.0 0 1.6871206760406494 505.80517578125 178.51779174804688 541.214111328125 209.91519165039062 4.1261253 1.7399879 1.6183367 -5.113044 2.092493 42.793842 1.5682035684585571 0.9935674071311951
Car 0.0 0 -1.2370084524154663 268.0122985839844 179.14556884765625 439.3376159667969 287.68634033203125 4.0538464 1.6283051 1.6527284 -4.462294 1.760524 13.088286 -1.5655875205993652 0.985909640789032
Car 0.0 0 2.4474668502807617 0.0 225.7027587890625 181.4897003173828 375.0 4.388267 1.4005301 1.7225183 -4.230201 1.8132478 3.4211094 1.5567148923873901 0.9024173021316528
Car 0.0 0 -1.3532029390335083 632.2054443359375 173.08766174316406 661.1080322265625 191.0084228515625 4.328631 1.5352691 1.6739321 3.2774358 1.5571604 64.180374 -1.3021812438964844 0.884891927242279
Car 0.0 0 -2.842292070388794 0.0 0.0 1242.0 375.0 3.8321452 1.4608375 1.5779494 3.1071482 1.5432825 1.002893 -1.5837090015411377 0.12085659801959991
