Pedestrian 0.0 0 -1.3251919746398926 381.348876953125 172.13787841796875 405.7778015136719 220.3661346435547 0.87861264 1.6082027 0.6033976 -7.078444 1.2970997 24.40082 -1.6075327396392822 0.9745083451271057
Pedestrian 0.0 0 1.3290400505065918 646.3795166015625 160.54705810546875 679.5030517578125 231.9517364501953 1.0132574 1.8064276 0.63283163 1.560239 1.2775316 18.720392 1.4121922254562378 0.9558831453323364
Pedestrian 0.0 0 -1.3893523216247559 206.92459106445312 177.64437866210938 291.0311584472656 347.05572509765625 0.8053648 1.5177956 0.5932566 -3.4099185 1.4846324 6.9016433 -1.8482474088668823 0.9120766520500183
Pedestrian 0.0 0 1.4171022176742554 94.39920043945312 153.12933349609375 170.95338439941406 326.87786865234375 0.7237202 1.7915374 0.5959472 -5.190875 1.5003686 7.8724236 0.834165096282959 0.6802474856376648
Pedestrian 0.0 0 -0.945415198802948 0.0 157.8971405029297 145.69903564453125 374.0 0.67017704 1.6346576 0.6463717 -3.2872093 1.5074452 4.2575936 -1.6028993129730225 0.6399503946304321
Pedestrian 0.0 0 -2.381636619567871 90.84646606445312 162.4878387451172 161.3116912841797 292.44720458984375 0.6106024 1.7860155 0.57017744 -6.7870803 1.5260553 10.202751 -2.968637466430664 0.2675153315067291
Pedestrian 0.0 0 0.9505497813224792 0.0 155.1862335205078 81.7389907836914 347.3681335449219 0.6409463 1.7585772 0.57619774 -5.592529 1.5191687 6.9341407 0.27184534072875977 0.2579643130302429
Pedestrian 0.0 0 3.251966714859009 420.40313720703125 162.54244995117188 475.2637634277344 258.2828063964844 0.96150124 1.7955754 0.77335316 -2.9964163 1.4412942 13.9030695 3.039691686630249 0.24641099572181702
Pedestrian 0.0 0 -2.0048584938049316 172.6031494140625 163.37655639648438 247.6286163330078 300.55938720703125 0.823166 1.6107774 0.5140296 -4.889118 1.3993211 8.882752 -2.5080132484436035 0.12072189152240753
Cyclist 0.0 0 1.6841537952423096 429.0903015136719 161.78347778320312 467.3558044433594 263.316650390625 1.6547858 1.8379555 0.54236156 -2.9716895 1.4823151 13.850654 1.4728056192398071 0.9661536812782288
Car 0.0 0 1.8595261573791504 198.1724090576172 184.19760131835938 402.442626953125 303.8284606933594 4.531103 1.4921465 1.6915852 -4.4884844 1.5449442 11.39195 1.4841985702514648 0.9958111047744751
Car 0.0 0 -1.4021093845367432 498.8819274902344 169.13308715820312 554.9786376953125 215.53948974609375 3.429531 1.7105359 1.641189 -2.883366 1.2557324 28.240969 -1.5038554668426514 0.21134603023529053
