Car 0.0 0 2.0168285369873047 185.61827087402344 195.5679473876953 371.50567626953125 297.7721862792969 3.6898644 1.4596102 1.577298 -5.7883115 1.9279132 12.996549 1.5978292226791382 0.9994418025016785
Car 0.0 0 -2.0226213932037354 812.6781005859375 183.81661987304688 1231.455078125 375.0 4.0755067 1.477225 1.5951535 3.2392828 1.611977 6.7993464 -1.5780225992202759 0.9989748001098633
Car 0.0 0 1.899080514907837 375.5835266113281 185.56591796875 470.3077087402344 240.0886688232422 3.985088 1.4420788 1.5988082 -5.646273 1.8676766 22.085396 1.6487853527069092 0.9989689588546753
Car 0.0 0 1.7715613842010498 476.45904541015625 178.340576171875 521.6503295898438 209.65818786621094 3.735247 1.4987407 1.5841398 -5.6847377 1.7956942 37.09839 1.6195100545883179 0.9984641075134277
Car 0.0 0 2.2579474449157715 0.0 207.75840759277344 236.37527465820312 375.0 3.7955866 1.4891338 1.6504656 -5.697938 1.9370894 7.330968 1.5972381830215454 0.9982752799987793
Car 0.0 0 -1.7271754741668701 684.116943359375 181.71255493164062 759.1052856445312 234.35238647460938 4.1208534 1.4295624 1.6469249 3.3058238 1.729827 22.35669 -1.5803719758987427 0.9982386827468872
Car 0.0 0 1.3588144779205322 715.5172729492188 181.61805725097656 814.9901733398438 255.15234375 3.4617095 1.4695197 1.5071737 3.397226 1.6922761 16.568996 1.5610467195510864 0.9976790547370911
Car 0.0 0 -1.6763728857040405 661.2223510742188 177.2749481201172 707.7141723632812 212.34454345703125 3.975079 1.3989172 1.5796351 3.1233563 1.6031178 31.273796 -1.576831579208374 0.99293452501297
Car 0.0 0 -2.6935598850250244 514.6762084960938 174.22357177734375 566.7429809570312 192.35093688964844 4.1004047 1.5041252 1.6817149 -5.93404 1.6242328 61.589367 -2.78961181640625 0.8420383334159851
Car 0.0 0 -1.6909984350204468 654.9434814453125 174.4712677001953 694.4920654296875 206.85267639160156 3.671579 1.5518324 1.5601093 3.1980062 1.6384532 36.62238 -1.6038955450057983 0.8142939805984497
