Cyclist 0.0 0 -0.22328361868858337 654.1802978515625 174.87112426757812 675.995361328125 198.0831756591797 1.504382 1.6899657 0.58926827 4.0165257 1.8396239 53.00117 -0.14764636754989624 0.22283804416656494
Car 0.0 0 1.8225932121276855 401.4803771972656 189.73480224609375 531.2196655273438 278.4148864746094 4.1779833 1.4675256 1.6069987 -2.832272 1.8662056 14.8868 1.634586215019226 0.998778760433197
Car 0.0 0 1.2685439586639404 762.1971435546875 182.98167419433594 1054.619384765625 374.1785583496094 4.286968 1.5597672 1.7226458 2.9335768 1.7070256 8.288469 1.608719825744629 0.9986287355422974
Car 0.0 0 -1.7507373094558716 708.6832275390625 186.37277221679688 818.2792358398438 272.6038818359375 3.665191 1.5042361 1.5568848 3.002261 1.8204339 15.008645 -1.5533076524734497 0.9962279796600342
Car 0.0 0 1.6560255289077759 520.67724609375 181.27035522460938 564.1709594726562 220.69993591308594 3.1332843 1.5164756 1.5404056 -2.8032951 1.8850517 29.991983 1.5628281831741333 0.9911412000656128
Car 0.0 0 1.7236469984054565 469.5253601074219 184.397705078125 542.15625 244.73936462402344 3.3056893 1.5733314 1.6157852 -3.0117059 1.9380195 21.107948 1.5819224119186401 0.990611732006073
Car 0.0 0 -1.7235749959945679 680.4886474609375 184.31561279296875 762.1094970703125 245.24374389648438 3.9149685 1.4837911 1.6603823 2.9694743 1.8373905 20.271204 -1.5781221389770508 0.981779158115387
Car 0.0 0 1.7848619222640991 540.4085083007812 179.3538818359375 585.0460815429688 211.40322875976562 3.5176744 1.5347321 1.5838811 -2.421717 1.8865874 37.15929 1.7197827100753784 0.8920423984527588
Car 0.0 0 1.4688388109207153 663.0316162109375 179.98887634277344 704.226318359375 212.94857788085938 3.7936673 1.4570158 1.5764196 3.43975 1.8184671 34.614872 1.5678856372833252 0.8815065622329712
Car 0.0 0 -1.6439440250396729 652.9909057617188 177.5591583251953 676.9483642578125 198.2889404296875 3.5013473 1.4884192 1.542207 4.085217 1.8546498 54.351894 -1.568922758102417 0.4519680440425873
