Pedestrian 0.0 0 2.0788626670837402 225.8826446533203 169.1558074951172 264.9112548828125 241.09768676757812 0.7074465 1.8059951 0.62820816 -9.376859 1.7135156 18.475924 1.6092188358306885 0.11037882417440414
Car 0.0 0 3.541849136352539 52.64486312866211 188.65750122070312 324.9627685546875 276.10809326171875 4.1515374 1.4798722 1.5901935 -7.80847 1.8013705 13.621104 3.0213215351104736 0.9994722008705139
Car 0.0 0 3.4803972244262695 171.25433349609375 184.47909545898438 354.0744323730469 245.7974853515625 3.9313884 1.4622334 1.6287104 -8.878385 1.7788501 18.608086 3.0352163314819336 0.9988638162612915
Car 0.0 0 -0.38889116048812866 739.007080078125 191.61183166503906 1000.1421508789062 281.1358642578125 3.966922 1.3950908 1.539318 4.3224187 1.7430298 12.488426 -0.05568249151110649 0.9974901676177979
Car 0.0 0 0.7773460149765015 0.0 201.2922821044922 180.70635986328125 345.57879638671875 4.379391 1.4581544 1.5832635 -7.757284 1.828422 8.508202 0.03808140754699707 0.9962669014930725
Car 0.0 0 3.461557388305664 268.01953125 176.42022705078125 383.5340576171875 221.4088592529297 3.7562296 1.6392527 1.6152182 -10.741281 1.7792456 27.340477 3.087211847305298 0.9681000113487244
Car 0.0 0 3.46095871925354 131.65264892578125 186.46035766601562 329.2433166503906 261.2213134765625 3.6226919 1.5270836 1.5119679 -8.404127 1.8515402 16.14828 2.9810972213745117 0.9502849578857422
Car 0.0 0 -3.3673782348632812 825.6878662109375 176.2098388671875 893.599853515625 199.43759155273438 3.9328752 1.4773504 1.6213007 16.251461 1.7019417 47.195896 -3.0357542037963867 0.4659644067287445
Car 0.0 0 3.194697618484497 328.6101379394531 182.81446838378906 396.431396484375 209.92694091796875 3.7231069 1.5229304 1.6683468 -14.65329 2.1322718 42.801006 2.8648464679718018 0.42715924978256226
Car 0.0 0 -1.7484816312789917 702.845703125 182.83522033691406 808.1594848632812 261.1800537109375 3.5139115 1.4961165 1.6574494 3.0464327 1.7421529 15.991631 -1.5602355003356934 0.26561713218688965
