Car 0.0 0 1.7801803350448608 463.12646484375 183.9432373046875 529.3980102539062 231.3092041015625 3.9230359 1.510393 1.5695 -4.0460916 1.9402862 25.9441 1.6254723072052002 0.9994776844978333
Car 0.0 0 -1.9094573259353638 802.1345825195312 191.77490234375 1034.4666748046875 329.44439697265625 4.033943 1.4286872 1.6344563 3.9295862 1.747252 10.089244 -1.5380502939224243 0.9989619255065918
Car 0.0 0 -1.847415804862976 745.5652465820312 185.18272399902344 866.8982543945312 264.0495910644531 3.6152287 1.4758533 1.6163248 4.123316 1.7790607 15.895901 -1.5936145782470703 0.9942626357078552
Car 0.0 0 -2.297788381576538 956.1361694335938 191.44822692871094 1242.0 375.0 3.7752852 1.5023347 1.5875692 3.7794998 1.6650699 4.3973374 -1.5878063440322876 0.9938467144966125
Car 0.0 0 -1.7305817604064941 722.7176513671875 185.83935546875 802.171875 242.35882568359375 4.0028863 1.4083824 1.61126 4.2665815 1.8222992 20.943949 -1.5296173095703125 0.991472065448761
Car 0.0 0 1.6473573446273804 566.640625 180.54673767089844 590.6567993164062 201.9071044921875 3.2682056 1.4834771 1.5176995 -2.3020422 2.0661895 52.9608 1.6039178371429443 0.9888167381286621
Car 0.0 0 -1.6823163032531738 690.37744140625 180.4893798828125 738.7144775390625 217.62950134277344 3.9116611 1.4887518 1.6631826 4.4886065 1.8456709 31.71286 -1.5417113304138184 0.9885572195053101
Car 0.0 0 -1.6669198274612427 707.8431396484375 181.9980010986328 763.96533203125 226.41400146484375 3.807609 1.4527866 1.6440108 4.48063 1.812081 26.362186 -1.49856436252594 0.9855307340621948
Car 0.0 0 1.7128757238388062 522.9617309570312 183.25424194335938 563.0101318359375 214.16871643066406 3.6473904 1.4378418 1.5265789 -3.3936985 1.9935548 36.666702 1.6205832958221436 0.9720259308815002
Car 0.0 0 1.7203830480575562 504.8978576660156 183.90283203125 552.2177124023438 219.60997009277344 3.5750062 1.4353228 1.5667953 -3.5882614 1.9526279 31.94043 1.6085097789764404 0.9206298589706421
