Pedestrian 0.0 0 -3.012563705444336 649.4471435546875 167.40731811523438 659.2230834960938 196.4144744873047 0.5426904 1.8071005 0.5779204 3.3279028 0.9298772 45.08623 -2.938885450363159 0.11059749126434326
Cyclist 0.0 0 -1.6767334938049316 665.7675170898438 165.26644897460938 678.418212890625 199.85752868652344 1.2987568 1.6971552 0.49223047 3.5175846 0.9015732 35.89273 -1.5790427923202515 0.10790744423866272
Car 0.0 0 -1.3540610074996948 558.5709228515625 170.80471801757812 599.4300537109375 196.96823120117188 3.8923085 1.4643404 1.6043291 -1.2680874 0.86654484 42.262993 -1.3840566873550415 0.9973461627960205
Car 0.0 0 2.03165602684021 373.3230285644531 172.5062255859375 427.83251953125 199.00755310058594 4.111138 1.5420485 1.5463741 -12.217339 1.0195016 43.96012 1.7605783939361572 0.9949658513069153
Car 0.0 0 -0.8862866163253784 460.4096984863281 170.21328735351562 546.0643920898438 205.70782470703125 4.136532 1.5236741 1.6607298 -4.4481735 1.0401349 33.030384 -1.0201504230499268 0.9947326183319092
Car 0.0 0 -1.1148827075958252 0.0 189.8716583251953 427.0677490234375 374.0 4.240418 1.4361285 1.6564798 -2.6569753 1.5239394 5.28684 -1.580579400062561 0.9837577939033508
Car 0.0 0 3.833711862564087 0.0 185.14625549316406 46.7495231628418 232.60362243652344 3.9791083 1.455682 1.5872867 -20.431032 1.5780108 23.023182 3.107895612716675 0.9369521141052246
Car 0.0 0 -1.6645312309265137 574.587158203125 163.00851440429688 602.3706665039062 189.10433959960938 3.8870933 1.8680209 1.7039813 -0.98144513 0.54495686 53.44473 -1.682892918586731 0.32262951135635376
Car 0.0 0 -1.3247795104980469 512.508056640625 175.13523864746094 550.7927856445312 199.80996704101562 3.283319 1.3997211 1.5008334 -4.0849047 1.0394658 42.48176 -1.4206414222717285 0.1441435068845749
Car 0.0 0 0.9122785925865173 1117.2772216796875 156.31137084960938 1238.0 200.0466766357422 4.1832957 1.2976967 1.5108823 19.018064 0.55143714 23.42037 1.5943125486373901 0.12256460636854172
