Pedestrian 0.0 0 -2.3224544525146484 991.60009765625 132.2486114501953 1106.5947265625 314.5610656738281 0.7594541 1.8096749 0.69658035 4.645888 1.3221627 7.5694046 -1.7719701528549194 0.9440034031867981
Pedestrian 0.0 0 -1.7627118825912476 537.0382690429688 170.21438598632812 561.3809204101562 223.90731811523438 0.8029357 1.721813 0.6516142 -1.7397896 1.3610066 23.505743 -1.836592674255371 0.49917399883270264
Pedestrian 0.0 0 -1.9499684572219849 665.490478515625 169.0820770263672 692.4122924804688 224.7380828857422 0.9929754 1.8319222 0.5727622 2.5793374 1.4242736 24.196753 -1.843770980834961 0.45779484510421753
Pedestrian 0.0 0 -2.135570764541626 610.1077270507812 171.98260498046875 626.9655151367188 203.34483337402344 0.7441245 1.7561537 0.6587299 0.96700746 1.2240257 40.70969 -2.111821413040161 0.2866576910018921
Pedestrian 0.0 0 0.8581677675247192 743.8163452148438 165.27828979492188 808.3474731445312 273.6566467285156 0.76753724 1.7782781 0.75481755 2.9412985 1.5134006 12.298207 1.0929229259490967 0.2775683104991913
Pedestrian 0.0 0 -1.5751538276672363 928.5919189453125 161.7053680419922 966.8704833984375 254.27674865722656 0.6088545 1.5813384 0.5948032 6.061951 1.2444803 12.670614 -1.1289138793945312 0.22549279034137726
Pedestrian 0.0 0 1.2628710269927979 761.8816528320312 161.97958374023438 799.340576171875 250.95111083984375 0.71704036 1.6826102 0.5103369 3.4336834 1.3147029 13.95711 1.50409734249115 0.22300273180007935
Pedestrian 0.0 0 -1.4277551174163818 689.2171020507812 172.97250366210938 708.2054443359375 224.7446746826172 0.8652259 1.7158432 0.51996565 3.2700908 1.4343091 24.29178 -1.2939423322677612 0.12724323570728302
Pedestrian 0.0 0 0.13192719221115112 840.7875366210938 135.65333557128906 936.93017578125 333.16363525390625 0.789187 1.7704153 0.5747314 2.707789 1.3608416 6.8790936 0.5069265365600586 0.06281033903360367
Pedestrian 0.0 0 -2.9962944984436035 783.634765625 168.8765411376953 814.7542724609375 236.6080322265625 0.6663227 1.6372961 0.5784121 4.859154 1.3333396 17.76042 -2.7292354106903076 0.056092649698257446
Cyclist 0.0 0 -0.1931610107421875 662.4837036132812 166.14651489257812 718.2161865234375 218.1536865234375 1.7700258 1.7254628 0.6616596 2.963784 1.2171589 24.223011 -0.07141207903623581 0.7124543190002441
Cyclist 0.0 0 3.013484001159668 521.4547119140625 167.4554901123047 578.225341796875 223.63807678222656 1.792484 1.7985216 0.5424691 -1.7126751 1.3500266 23.437536 2.940539598464966 0.09168151021003723
Cyclist 0.0 0 1.6570059061050415 612.4783325195312 170.94602966308594 625.2959594726562 202.4466094970703 1.6670146 1.7403761 0.58400255 0.9914973 1.1580949 40.54536 1.6814550161361694 0.06330306082963943
Cyclist 0.0 0 -0.39144590497016907 795.7871704101562 137.8032989501953 999.36962890625 331.02520751953125 1.688638 1.7707603 0.663653 2.7597175 1.3716847 6.9224977 -0.012095922604203224 0.05821043998003006
Car 0.0 0 2.2619879245758057 0.0 202.15579223632812 410.47418212890625 374.0 3.8646557 1.5697961 1.580324 -2.674046 1.7498802 4.1967793 1.6946876049041748 0.9972625970840454
