Pedestrian 0.0 0 1.8611173629760742 331.99493408203125 162.36253356933594 368.09100341796875 228.39744567871094 0.93697655 1.798996 0.7120184 -7.1441226 1.3064549 19.745193 1.5139552354812622 0.39306971430778503
Pedestrian 0.0 0 -1.440712332725525 213.863525390625 167.4512481689453 244.08859252929688 237.04971313476562 1.0094508 1.739604 0.5648116 -9.727322 1.4150469 18.239462 -1.9306529760360718 0.18241439759731293
Pedestrian 0.0 0 3.473268508911133 236.93710327148438 175.89840698242188 277.27020263671875 235.39797973632812 0.89514273 1.6571585 0.5512231 -9.8768635 1.5305728 20.017437 3.014904260635376 0.17554673552513123
Pedestrian 0.0 0 -3.6475250720977783 1100.349365234375 137.4929962158203 1156.7420654296875 222.0065460205078 0.7997836 1.7754146 0.56284016 11.189265 0.8735682 15.178958 -3.0122947692871094 0.1415875405073166
Pedestrian 0.0 0 -3.639249563217163 1141.87255859375 147.08274841308594 1174.5966796875 191.99917602539062 0.7488094 1.654908 0.6376071 20.642952 0.42519355 26.421812 -2.976025104522705 0.1353684514760971
Pedestrian 0.0 0 -1.321864128112793 287.9131774902344 173.67787170410156 321.7641296386719 243.0304718017578 0.7767646 1.6235172 0.5766416 -7.2365212 1.4654189 16.974785 -1.7248438596725464 0.10847936570644379
Pedestrian 0.0 0 1.1801872253417969 567.330322265625 159.0188751220703 601.1925659179688 223.8622283935547 0.8396069 1.7402108 0.6615987 -0.6128355 1.1653013 19.48868 1.1487518548965454 0.09731335937976837
Pedestrian 0.0 0 -1.744521141052246 206.76004028320312 171.98477172851562 236.01773071289062 233.3868408203125 0.9204276 1.8269994 0.6344533 -11.752546 1.5751951 21.59069 -2.2430038452148438 0.052332065999507904
Cyclist 0.0 0 -0.8977623581886292 183.27792358398438 167.0061492919922 245.42481994628906 229.69850158691406 1.8345797 1.8122476 0.6450968 -11.817281 1.42375 21.392065 -1.4024572372436523 0.6895009875297546
Cyclist 0.0 0 1.578945517539978 570.9730224609375 153.27001953125 593.2364501953125 223.15484619140625 1.8155551 1.8402977 0.5862312 -0.6626894 1.1248285 19.52899 1.5450248718261719 0.6005442142486572
Cyclist 0.0 0 -0.2630709409713745 277.4754333496094 164.10604858398438 356.787353515625 237.6876220703125 1.6979905 1.7049402 0.53294426 -6.987149 1.326687 17.104275 -0.6508859992027283 0.4380726218223572
Cyclist 0.0 0 -3.571498155593872 1079.6219482421875 123.65840911865234 1183.2376708984375 209.07237243652344 1.718331 1.7802286 0.5310449 11.224344 0.59713805 15.168158 -2.934431791305542 0.3248629570007324
Cyclist 0.0 0 -1.8433245420455933 860.1620483398438 151.37400817871094 885.153076171875 199.45465087890625 1.6243607 1.8216032 0.49010283 10.415758 0.71963346 27.613195 -1.4826245307922363 0.23866774141788483
Cyclist 0.0 0 0.18409040570259094 220.3530731201172 166.7204132080078 302.93463134765625 234.2507781982422 2.0277114 1.8607103 0.6267566 -9.738987 1.4826099 20.047615 -0.2681269645690918 0.1561424732208252
Cyclist 0.0 0 -0.5180242657661438 994.0606689453125 137.63780212402344 1062.76416015625 202.7753448486328 1.7127613 1.8778594 0.46917054 12.311453 0.64374816 20.630323 0.020013093948364258 0.10860283672809601
Cyclist 0.0 0 -1.2916743755340576 392.1089172363281 152.11842346191406 435.3973693847656 232.67800903320312 1.7399325 1.8507627 0.55708873 -4.6417527 1.2003373 17.112497 -1.5565502643585205 0.1027660071849823
Cyclist 0.0 0 1.3979040384292603 797.5846557617188 153.55743408203125 817.3867797851562 194.0151824951172 1.7384684 1.7097776 0.5336588 8.77981 0.5726428 30.767933 1.6758723258972168 0.08068880438804626
Cyclist 0.0 0 -0.8448513746261597 193.001953125 162.5666046142578 269.3071594238281 238.51492309570312 1.8718326 1.8392307 0.65088505 -9.566982 1.4065397 18.103973 -1.3309963941574097 0.051460474729537964
Car 0.0 0 -1.3117270469665527 340.15679931640625 178.10902404785156 485.520263671875 276.2534484863281 3.6502728 1.4731631 1.556554 -3.2383504 1.4389353 12.436433 -1.5664623975753784 0.9990476965904236
Car 0.0 0 -1.392560601234436 471.5157165527344 169.86395263671875 502.00885009765625 190.7034149169922 3.8397968 1.5088569 1.6061426 -8.833982 0.74004805 53.118656 -1.5573588609695435 0.9680658578872681
Car 0.0 0 -0.43992310762405396 1034.599853515625 149.45602416992188 1173.877685546875 192.79408264160156 4.24225 1.6459438 1.5578612 19.623125 0.46842766 27.978123 0.1717243194580078 0.27122658491134644
