Pedestrian 0.0 0 -1.6197397708892822 544.2326049804688 172.8903350830078 559.1144409179688 211.4310760498047 0.7570297 1.6958518 0.6241354 -2.2348325 1.3179659 32.018024 -1.6894259452819824 0.6085529327392578
Pedestrian 0.0 0 -0.9853029251098633 486.07879638671875 170.7746124267578 518.4205932617188 236.32591247558594 0.6848797 1.6795417 0.5548711 -2.6285896 1.4059149 18.83111 -1.1239943504333496 0.3893252909183502
Pedestrian 0.0 0 0.6780141592025757 399.5340576171875 179.41983032226562 431.21240234375 241.57847595214844 0.593841 1.5928543 0.5412781 -4.893119 1.5407257 18.77385 0.4230515956878662 0.1935153305530548
Pedestrian 0.0 0 1.0116465091705322 401.4613952636719 171.23538208007812 436.19219970703125 241.15420532226562 0.598076 1.6987535 0.6138365 -4.578933 1.4505569 17.878595 0.7609231472015381 0.16741713881492615
Pedestrian 0.0 0 -1.6751497983932495 505.73187255859375 174.6315460205078 534.8800048828125 245.10194396972656 0.7407656 1.7081585 0.64347893 -2.0549483 1.5428654 17.840816 -1.7898268699645996 0.14892590045928955
Cyclist 0.0 0 0.040586479008197784 468.2493591308594 165.64505004882812 541.4451293945312 238.39048767089844 1.7667384 1.7616379 0.62108475 -2.4094326 1.378881 17.785074 -0.09406869858503342 0.13224880397319794
Cyclist 0.0 0 1.6991864442825317 540.8232421875 165.56552124023438 559.1837158203125 210.47218322753906 1.8254923 1.9361397 0.58705604 -2.2857869 1.2500918 31.89618 1.6276453733444214 0.0783022940158844
Car 0.0 0 -1.8012475967407227 711.9168701171875 165.39588928222656 834.2555541992188 257.9725036621094 3.6287386 1.6573036 1.6010437 3.3156972 1.3702794 14.677936 -1.5790798664093018 0.9900203943252563
Car 0.0 0 1.685864806175232 472.79730224609375 182.7137451171875 547.8033447265625 249.09071350097656 3.5667326 1.6074512 1.5897027 -2.3805847 1.644134 19.247755 1.5628085136413574 0.5794708132743835
Car 0.0 0 -1.735708236694336 661.5512084960938 175.25253295898438 717.4771118164062 221.3144073486328 3.4825895 1.6114329 1.5128549 3.2119763 1.3939334 26.901974 -1.616875171661377 0.2681281268596649
Car 0.0 0 -2.545029401779175 1060.562744140625 195.92105102539062 1238.0 374.0 3.5215092 1.4423419 1.5221822 3.3344438 1.5259858 2.323335 -1.5827867984771729 0.10166390985250473
