Pedestrian 0.0 0 0.8643199801445007 852.783447265625 158.42173767089844 974.5195922851562 368.70001220703125 0.78533304 1.7812887 0.6672631 2.7777877 1.5871766 6.55736 1.2650158405303955 0.9967992305755615
Pedestrian 0.0 0 -2.0041592121124268 536.9610595703125 168.10447692871094 591.1423950195312 265.8105163574219 1.0237774 1.771892 0.65409803 -0.76062185 1.5302335 13.629874 -2.0599069595336914 0.976800799369812
Pedestrian 0.0 0 0.7760590314865112 982.9303588867188 151.62339782714844 1065.2314453125 277.4368591308594 0.8617938 1.781995 0.62432146 6.2159767 1.3601457 10.66976 1.3035703897476196 0.9741486310958862
Pedestrian 0.0 0 0.6870903372764587 750.2958984375 172.954833984375 877.6482543945312 370.9992980957031 0.9028436 1.650612 0.6516603 1.8693805 1.5807797 6.5410023 0.9654638767242432 0.9281868934631348
Pedestrian 0.0 0 -2.082070827484131 189.29428100585938 171.23524475097656 293.25531005859375 341.568603515625 0.81434804 1.6471779 0.64478713 -3.7766662 1.549286 7.438291 -2.5518856048583984 0.8633714914321899
Pedestrian 0.0 0 -2.908353090286255 1118.244384765625 148.1881866455078 1194.087158203125 270.0599060058594 0.76712245 1.7186145 0.61515415 8.152621 1.2501743 10.618865 -2.253589153289795 0.825046718120575
Pedestrian 0.0 0 -2.734572172164917 706.660400390625 158.88604736328125 757.084228515625 238.5173797607422 1.0041598 1.7783567 0.5587389 2.9683745 1.2745504 16.549541 -2.557096481323242 0.8092367649078369
Pedestrian 0.0 0 1.4749077558517456 490.49578857421875 166.3333740234375 511.1181640625 222.61322021484375 0.76141137 1.7546343 0.57710814 -3.2294543 1.2828943 22.83058 1.3343870639801025 0.6987263560295105
Pedestrian 0.0 0 -2.4348697662353516 936.1278076171875 148.931640625 1004.646240234375 246.36500549316406 0.9193619 1.7056923 0.63608086 6.684504 1.1368183 13.119145 -1.9636329412460327 0.36829036474227905
Cyclist 0.0 0 0.5364208221435547 127.81643676757812 150.96681213378906 345.6352844238281 336.818359375 1.933095 1.8276381 0.70731336 -3.8030314 1.5287488 7.477969 0.06594491004943848 0.6130500435829163
Cyclist 0.0 0 -0.6504263281822205 781.6693115234375 146.068359375 1003.7781372070312 360.06011962890625 1.8636787 1.7790886 0.6516055 2.590886 1.4859045 6.5344257 -0.2729426324367523 0.321184903383255
Cyclist 0.0 0 -1.18211829662323 500.8233642578125 176.78053283691406 538.07568359375 235.33457946777344 1.7969913 1.7197099 0.49365434 -2.5212305 1.5822321 22.026367 -1.2960864305496216 0.19840799272060394
Cyclist 0.0 0 -1.633418321609497 718.6153564453125 149.4724884033203 748.578369140625 239.17672729492188 1.7976996 1.9551083 0.56058204 2.9957874 1.2582906 16.578808 -1.4546476602554321 0.17891345918178558
Cyclist 0.0 0 -0.39208275079727173 514.70849609375 162.69515991210938 618.0115966796875 264.95416259765625 1.8736037 1.8470904 0.60126394 -0.6969716 1.5086902 13.645827 -0.4431142210960388 0.07028272747993469
Cyclist 0.0 0 -0.9907654523849487 917.1989135742188 134.24606323242188 997.3824462890625 243.50973510742188 1.6854782 1.8972336 0.4653001 6.4622397 1.0780027 13.098674 -0.5324513912200928 0.06682723015546799
Cyclist 0.0 0 -0.7283710241317749 953.1787109375 143.7420654296875 1084.1795654296875 269.7345275878906 1.7703317 1.7924069 0.54623985 6.144029 1.256567 10.664802 -0.2057078331708908 0.05756458640098572
