Cyclist 0.0 0 2.125654697418213 0.0 210.09747314453125 60.79446792602539 375.0 1.6024421 1.7607766 0.510414 -3.6113708 1.99684 3.7264884 1.3559435606002808 0.33709052205085754
Car 0.0 0 -1.9232637882232666 790.6981811523438 187.3506317138672 1075.3533935546875 369.13995361328125 3.6567044 1.476159 1.5888375 3.1624742 1.6743653 7.997777 -1.5467126369476318 0.9986457228660583
Car 0.0 0 0.4710818827152252 47.0214958190918 187.87008666992188 358.6430969238281 292.47918701171875 3.9982889 1.4924448 1.6327009 -6.312547 1.7490647 11.427874 -0.033588021993637085 0.997957706451416
Car 0.0 0 -1.8145411014556885 731.4874267578125 171.79669189453125 882.3595581054688 278.43328857421875 4.0735855 1.6330258 1.6364917 3.3072774 1.6171918 13.086714 -1.567003846168518 0.997800886631012
Car 0.0 0 -2.8696255683898926 339.1041564941406 179.5953826904297 477.4355163574219 233.9349365234375 3.680349 1.5447197 1.5813508 -5.9819117 1.7533453 21.496675 -3.1410305500030518 0.9970073103904724
Car 0.0 0 3.481058120727539 249.1537322998047 181.59759521484375 428.9783630371094 251.7318878173828 3.6313248 1.5481042 1.6075119 -6.317405 1.764209 16.966589 3.1246180534362793 0.9949877262115479
Car 0.0 0 -1.7054311037063599 679.041748046875 180.15640258789062 736.1798095703125 222.72030639648438 3.7740905 1.4237229 1.5834101 3.4903808 1.713173 26.67133 -1.5753041505813599 0.9946476817131042
Car 0.0 0 0.2396440953016281 399.7223205566406 177.4501495361328 517.2266235351562 223.01222229003906 3.9311671 1.6017915 1.6732075 -5.535553 1.7763779 26.447327 0.03331780433654785 0.9883362650871277
Car 0.0 0 3.3337976932525635 376.03338623046875 181.96067810058594 503.25006103515625 227.8376007080078 3.857151 1.4407284 1.6792004 -5.615805 1.7546892 23.93176 3.103308916091919 0.9836270809173584
Car 0.0 0 -2.975491523742676 498.0608215332031 176.48129272460938 557.802978515625 199.31910705566406 3.9088585 1.5497292 1.6635929 -5.708023 1.8071085 50.18991 -3.088733434677124 0.9717907905578613
Car 0.0 0 0.05830681324005127 522.7673950195312 174.2006072998047 574.7805786132812 195.75376892089844 3.8832455 1.6225449 1.6768554 -4.688048 1.7278025 55.315582 -0.026242084801197052 0.9485348463058472
Car 0.0 0 0.9820585250854492 0.0 209.65939331054688 143.95965576171875 375.0 4.313598 1.4899391 1.625923 -5.584708 1.7711601 4.50067 0.0895853042602539 0.888796865940094
Car 0.0 0 3.399991989135742 300.63677978515625 184.4257354736328 466.8012390136719 242.33184814453125 3.9324381 1.4387158 1.6004984 -5.9564905 1.7606022 19.161655 3.098606824874878 0.8879408240318298
Car 0.0 0 -2.9461865425109863 431.02520751953125 180.21148681640625 520.6223754882812 214.8758544921875 3.5805955 1.4469457 1.5748198 -5.8080325 1.7744015 31.266895 -3.129849672317505 0.7424799203872681
Car 0.0 0 -0.2428659051656723 725.3247680664062 177.06405639648438 824.2166748046875 208.52210998535156 4.243101 1.4276 1.6790997 7.6396947 1.6307095 33.861835 -0.02096739038825035 0.7150568962097168
Car 0.0 0 -3.223283529281616 716.2479858398438 173.49147033691406 805.8933715820312 205.347900390625 4.2870913 1.5519944 1.6054038 7.4868035 1.5853152 36.24931 -3.01961088180542 0.19992688298225403
Car 0.0 0 3.077279806137085 457.8358154296875 179.92100524902344 547.2511596679688 213.2767791748047 4.066123 1.4899619 1.6600285 -5.1260576 1.8354975 33.996876 2.927626848220825 0.1608589142560959
