Pedestrian 0.0 0 1.5110286474227905 839.2147827148438 170.7978515625 866.9983520507812 235.5244140625 0.6784469 1.5665494 0.61037624 5.964092 1.5171431 17.867098 1.8332018852233887 0.07182636857032776
Car 0.0 0 -2.31548810005188 722.9086303710938 176.1218719482422 820.0886840820312 215.5082244873047 3.7823431 1.4104155 1.5415334 6.184425 1.547628 28.192562 -2.0995447635650635 0.9976605176925659
Car 0.0 0 -1.7130153179168701 625.46923828125 176.57598876953125 662.65625 203.44749450683594 3.8938515 1.4139024 1.5407428 1.8305066 1.6337388 40.532463 -1.6678844690322876 0.9972065091133118
Car 0.0 0 0.5714218616485596 0.0 176.4868621826172 352.00262451171875 312.8017272949219 4.3195505 1.6420755 1.6304495 -5.933996 1.6950052 9.5866165 0.017157793045043945 0.9969407320022583
Car 0.0 0 -2.394627332687378 937.6891479492188 177.61032104492188 1242.0 375.0 3.7418249 1.544718 1.6133009 2.9305327 1.5763324 2.8489134 -1.5951077938079834 0.9946105480194092
Car 0.0 0 -2.3468639850616455 0.0 171.66604614257812 163.79190063476562 373.66192626953125 3.8640935 1.6824996 1.6975075 -6.768618 1.6729625 6.8911843 -3.1232895851135254 0.9882686138153076
Car 0.0 0 3.6364238262176514 65.87693786621094 182.3516387939453 344.3028564453125 283.521484375 3.6726558 1.5291085 1.6286846 -6.5666156 1.6969802 11.891165 3.1318728923797607 0.9769393801689148
Car 0.0 0 -1.5779495239257812 614.482666015625 175.27377319335938 638.163330078125 198.07334899902344 3.6781304 1.5048928 1.5759476 1.082609 1.678696 49.86567 -1.5562424659729004 0.9682649374008179
Car 0.0 0 0.349008709192276 255.343017578125 174.3187713623047 424.9536437988281 237.15968322753906 3.8982036 1.5897831 1.5853827 -7.0957747 1.6305463 19.094584 -0.006788295693695545 0.8562483787536621
Car 0.0 0 -2.8079538345336914 293.50897216796875 180.20318603515625 454.2402038574219 230.5780029296875 4.2142158 1.4080406 1.5704076 -6.9125605 1.6330717 21.230646 -3.1227223873138428 0.7312196493148804
Car 0.0 0 -2.3418657779693604 222.91766357421875 187.53196716308594 423.3770446777344 268.8432922363281 3.916414 1.448418 1.5477856 -5.9850974 1.7823601 14.893923 -2.7239644527435303 0.50755375623703
Car 0.0 0 -2.82338547706604 444.6141662597656 174.6974334716797 521.7788696289062 200.49774169921875 4.1867056 1.47984 1.6561434 -7.504151 1.5920649 42.663 -2.997498035430908 0.14975789189338684
Car 0.0 0 3.275691270828247 478.8844299316406 175.66061401367188 534.7163696289062 196.1490020751953 3.8996453 1.483894 1.657504 -7.6227655 1.6949898 53.330746 3.1337192058563232 0.13930384814739227
Car 0.0 0 -1.3500717878341675 474.5594177246094 176.46722412109375 520.0736083984375 206.6791534423828 3.7689724 1.4549129 1.5270274 -5.779636 1.6509246 37.137104 -1.5044629573822021 0.12661997973918915
