Pedestrian 0.0 0 1.1755340099334717 275.8642578125 174.0146026611328 320.28839111328125 260.8902893066406 0.70698464 1.7198668 0.60687494 -6.3198514 1.5931058 14.456015 0.7633938789367676 0.16672846674919128
Pedestrian 0.0 0 -3.457423448562622 988.4185180664062 137.34036254882812 1029.7803955078125 210.611328125 0.7715697 1.838332 0.5951651 10.301701 0.7570723 18.103315 -2.9400718212127686 0.06267932802438736
Pedestrian 0.0 0 2.690030813217163 206.48526000976562 172.49948120117188 247.16412353515625 238.00347900390625 0.7572402 1.6842175 0.6085041 -10.015511 1.4801008 18.659548 2.1974172592163086 0.06113916262984276
Cyclist 0.0 0 2.075899600982666 199.4314422607422 178.6092987060547 256.51617431640625 246.3899688720703 1.8234339 1.6750041 0.49119017 -9.805127 1.6298774 18.383034 1.5859066247940063 0.38273459672927856
Cyclist 0.0 0 -1.9658234119415283 876.3441772460938 158.1673126220703 902.1539916992188 196.53799438476562 1.6524935 1.778228 0.54060686 13.474855 0.74470973 33.59192 -1.58433997631073 0.21571944653987885
Cyclist 0.0 0 -2.078282117843628 967.276123046875 136.4790496826172 1025.2921142578125 211.4000701904297 1.7210692 1.8933005 0.5753681 10.293604 0.78245693 18.724512 -1.575639009475708 0.13644357025623322
Cyclist 0.0 0 0.45498034358024597 252.06825256347656 170.08250427246094 348.7456970214844 263.5943603515625 1.7118989 1.8687977 0.6426865 -6.2651234 1.6622363 14.48614 0.04678201675415039 0.061810363084077835
Car 0.0 0 -0.792885422706604 0.0 200.88726806640625 308.1778564453125 370.0 4.4391694 1.4903679 1.679347 -3.200989 1.6503739 3.2634983 -1.5686142444610596 0.9960695505142212
Car 0.0 0 2.1628623008728027 0.0 186.86654663085938 127.66173553466797 272.4752502441406 4.3182497 1.5386013 1.7104616 -12.499839 1.6977624 15.263716 1.4766877889633179 0.9668059945106506
Car 0.0 0 -2.3418681621551514 500.91094970703125 169.78878784179688 593.0578002929688 211.0161590576172 3.7120907 1.5835845 1.6373776 -2.440955 1.1736621 28.989157 -2.425872325897217 0.902755081653595
