Pedestrian 0.0 0 -0.08107370138168335 1029.5582275390625 162.25953674316406 1108.715087890625 314.3191223144531 0.78783923 1.821084 0.67853165 5.7250915 1.6945612 9.1212 0.4794423580169678 0.1947668045759201
Cyclist 0.0 0 1.0469231605529785 1009.6243896484375 145.5312042236328 1137.152099609375 308.7074890136719 1.7473497 1.8646362 0.5427092 5.7300124 1.5527729 9.12543 1.6076173782348633 0.09261634200811386
Car 0.0 0 3.6032094955444336 70.440185546875 182.06637573242188 351.32562255859375 286.8371276855469 3.7355196 1.5846903 1.6414975 -6.493802 1.7490424 11.954258 3.105586051940918 0.9987653493881226
Car 0.0 0 -1.9723620414733887 786.4786376953125 192.27200317382812 1097.989990234375 375.0 3.386906 1.4263605 1.5521429 2.9537752 1.6697222 7.319682 -1.5888087749481201 0.9970465302467346
Car 0.0 0 -3.468524694442749 789.956787109375 181.65431213378906 993.8341674804688 253.2661590576172 4.216628 1.5960244 1.6622813 6.546861 1.8173791 17.209082 -3.105001449584961 0.9969203472137451
Car 0.0 0 -0.4304804801940918 814.7806396484375 186.5084686279297 1055.922607421875 267.3797607421875 4.1257286 1.507397 1.7044563 6.412824 1.8015578 14.634399 -0.01748090609908104 0.992550253868103
Car 0.0 0 0.7448484301567078 0.0 178.49801635742188 237.29766845703125 370.21295166015625 4.0019064 1.649487 1.5744063 -6.126734 1.712157 7.1094275 0.03355741500854492 0.989581823348999
Car 0.0 0 -0.2600279450416565 729.110595703125 179.53211975097656 868.2784423828125 228.62652587890625 4.3820105 1.6300559 1.7114457 6.431084 1.8705478 25.067358 -0.008892162702977657 0.9891961812973022
Car 0.0 0 4.054953098297119 0.0 191.93814086914062 91.58218383789062 375.0 4.116459 1.5991051 1.6866581 -6.036885 1.7440171 4.608011 3.1361217498779297 0.9655571579933167
Car 0.0 0 0.20579171180725098 401.416259765625 184.17279052734375 503.01812744140625 219.74703979492188 3.9785495 1.4471961 1.6108302 -6.6964855 1.9420605 30.69727 -0.008989461697638035 0.9346733093261719
Car 0.0 0 3.4994513988494873 186.6763153076172 187.37013244628906 421.4592590332031 274.6727600097656 4.002893 1.6020075 1.6415957 -6.025197 1.9107633 14.430897 3.1039328575134277 0.7496659755706787
Car 0.0 0 -2.7861101627349854 315.3078918457031 183.15509033203125 458.84649658203125 231.93954467773438 4.1900206 1.5064907 1.594659 -7.2639728 1.8565836 23.579672 -3.0849456787109375 0.668621838092804
Car 0.0 0 1.7040932178497314 514.3026123046875 179.2881317138672 542.04541015625 200.80783081054688 3.6707704 1.5425525 1.6171935 -6.1924067 2.0470104 54.676582 1.5913186073303223 0.6441553831100464
Car 0.0 0 -2.946507692337036 439.0146179199219 177.43414306640625 525.8388061523438 210.28005981445312 4.0280013 1.5917699 1.6827936 -6.3715577 1.8268514 36.09245 -3.121241807937622 0.5093312859535217
Car 0.0 0 3.426212787628174 249.5171356201172 192.51048278808594 418.29833984375 252.92787170410156 3.7393787 1.4169722 1.5873548 -7.005994 1.9459932 18.466131 3.0635929107666016 0.4525187909603119
Car 0.0 0 0.34899890422821045 288.1052551269531 178.63735961914062 445.8721923828125 236.3391876220703 4.0219045 1.5967791 1.7072455 -7.050223 1.7731467 21.051065 0.025829553604125977 0.18339017033576965
Car 0.0 0 1.8114302158355713 492.63970947265625 178.97552490234375 530.60888671875 202.28573608398438 3.977209 1.5082461 1.7006884 -6.774826 1.9489732 49.835922 1.6763159036636353 0.10417767614126205
