Pedestrian 0.0 0 2.7502024173736572 512.28955078125 168.96018981933594 526.4616088867188 199.0272674560547 0.64641446 1.7385674 0.58527976 -5.3272395 1.5137734 42.132896 2.6244308948516846 0.058542270213365555
Car 0.0 0 -1.7832591533660889 696.6048583984375 181.4011993408203 833.7077026367188 275.5791015625 4.1020184 1.4474076 1.6190872 2.6642523 1.6324956 13.526573 -1.5887842178344727 0.998684823513031
Car 0.0 0 -2.595954418182373 3.3672285079956055 184.80758666992188 351.9466552734375 303.3706359863281 4.1868906 1.5875884 1.663351 -6.271308 1.7795122 10.696733 -3.1262264251708984 0.997268557548523
Car 0.0 0 -2.674029588699341 198.90098571777344 182.92247009277344 413.2721862792969 259.13623046875 4.09379 1.5623091 1.6100283 -6.6877265 1.7990434 15.987761 -3.070214033126831 0.9968003034591675
Car 0.0 0 3.801379680633545 0.0 187.20135498046875 250.3253631591797 342.553955078125 3.7840958 1.5448751 1.6710411 -6.4419703 1.7248089 8.178798 3.134219169616699 0.9966443777084351
Car 0.0 0 -1.6636998653411865 660.9329833984375 173.1849365234375 710.2221069335938 213.29476928710938 3.803221 1.4881805 1.5888299 2.8997746 1.5025816 28.70741 -1.5630300045013428 0.9939718842506409
Car 0.0 0 -2.9203145503997803 416.9737243652344 178.6965789794922 509.7449951171875 213.40682983398438 3.787466 1.4918677 1.6246859 -6.5247154 1.7594634 32.148212 -3.1205520629882812 0.9787223935127258
Car 0.0 0 3.565793514251709 113.52777099609375 187.5879669189453 360.113525390625 277.11322021484375 3.6232257 1.4786652 1.6690158 -6.6899757 1.7660639 13.135482 3.09472918510437 0.8980198502540588
Car 0.0 0 0.3339387774467468 377.0758056640625 182.06199645996094 494.4265441894531 226.3457794189453 3.6624804 1.4592465 1.5675124 -6.0648246 1.7925531 25.129377 0.09712338447570801 0.8916943073272705
Car 0.0 0 -2.2487363815307617 0.0 199.95628356933594 86.32965087890625 375.0 3.9964623 1.5208704 1.6313982 -6.488802 1.751459 5.2975082 -3.134866714477539 0.7984790205955505
Car 0.0 0 -2.8162906169891357 326.2427062988281 179.78057861328125 480.95111083984375 236.7301025390625 4.1306367 1.6140418 1.7093757 -6.1544976 1.8312334 21.63165 -3.093479871749878 0.7124403119087219
Car 0.0 0 -2.966201066970825 475.537841796875 174.2205047607422 540.405029296875 202.92242431640625 3.5216503 1.6384618 1.636162 -5.960598 1.7203149 42.149296 -3.1066858768463135 0.6891071796417236
Car 0.0 0 -1.6465015411376953 655.17431640625 171.17626953125 698.0032348632812 208.23257446289062 4.003329 1.62026 1.6719764 2.9982061 1.5472605 33.558655 -1.5573958158493042 0.524383008480072
Car 0.0 0 3.2709546089172363 457.0736083984375 177.5801544189453 533.2411499023438 204.80673217773438 3.9768474 1.4582627 1.5967883 -6.324624 1.7248881 39.793823 3.113337993621826 0.44234222173690796
Car 0.0 0 -2.894545555114746 446.8525695800781 176.23297119140625 526.5940551757812 205.2748565673828 3.8071399 1.4683475 1.7075701 -6.441249 1.6499937 37.709763 -3.0637240409851074 0.3213556110858917
