Car 0.0 0 -1.5709757804870605 561.2120971679688 180.4203338623047 611.6622924804688 226.854248046875 3.4071057 1.4683129 1.5964276 -0.7700233 1.317808 24.45554 -1.602452039718628 0.9993832111358643
Car 0.0 0 -1.12624192237854 37.24251174926758 181.3292999267578 420.72308349609375 376.0 3.897067 1.5590931 1.6019024 -3.1843333 1.5333978 6.9171233 -1.557673692703247 0.9990822076797485
Car 0.0 0 -1.4520994424819946 455.457763671875 183.08204650878906 528.1161499023438 236.52972412109375 4.069809 1.445818 1.6689385 -3.4090047 1.3892318 21.507568 -1.6092942953109741 0.9944105744361877
Car 0.0 0 -1.3211185932159424 393.8059387207031 179.26319885253906 450.9254455566406 214.7062530517578 3.7094057 1.5161263 1.6424198 -8.369647 1.2626319 32.602325 -1.572411298751831 0.978498637676239
Car 0.0 0 1.9747408628463745 263.9901123046875 179.3950653076172 380.163330078125 240.02545166015625 4.0856996 1.505183 1.4912279 -7.7939224 1.3618139 19.907036 1.601569652557373 0.9709416031837463
Car 0.0 0 1.88771390914917 358.0806579589844 178.4912109375 406.3500061035156 204.9310302734375 3.79401 1.4380404 1.520937 -12.829841 1.0734327 41.00144 1.584453821182251 0.9658551216125488
Car 0.0 0 2.312052011489868 0.0 204.4902801513672 125.6428451538086 376.0 4.2770576 1.5157917 1.5526212 -7.532815 1.7866893 7.9035945 1.5506690740585327 0.9611387848854065
Car 0.0 0 2.22357439994812 0.0 186.79718017578125 168.4425048828125 252.54052734375 3.4676807 1.3696328 1.4798256 -12.1536875 1.41161 16.80953 1.5975627899169922 0.8170801997184753
Car 0.0 0 1.9950218200683594 228.27178955078125 179.3246612548828 314.56658935546875 220.4844970703125 3.6922739 1.4389868 1.5485408 -12.553907 1.2341617 26.982832 1.5595542192459106 0.7011827230453491
Car 0.0 0 -2.8343043327331543 452.8419494628906 182.8408203125 544.3492431640625 213.05728149414062 3.9609516 1.3765211 1.6046028 -5.1426783 1.2694643 33.84511 -2.985098361968994 0.14592508971691132
Car 0.0 0 2.07696270942688 295.9639892578125 174.77691650390625 354.6776428222656 201.38076782226562 3.9569016 1.5265884 1.5714883 -16.96827 0.92871964 43.310818 1.7035633325576782 0.11417169123888016
