Pedestrian 0.0 0 -3.207669258117676 1133.3189697265625 156.56431579589844 1217.625732421875 273.91876220703125 0.98059285 1.7137638 0.48391262 8.549136 1.4762383 11.00907 -2.547389030456543 0.12522569298744202
Pedestrian 0.0 0 2.277475118637085 871.4341430664062 154.87705993652344 919.07763671875 240.8479766845703 0.64300954 1.9116374 0.7862987 6.483693 1.5122628 16.53951 2.6510767936706543 0.05306106060743332
Cyclist 0.0 0 -2.304835796356201 1114.947021484375 120.96614837646484 1242.0 267.2865905761719 1.7702372 2.027064 0.58256036 8.5308075 1.3085887 10.896424 -1.6406091451644897 0.3534623980522156
Cyclist 0.0 0 1.4691013097763062 463.8421325683594 172.46701049804688 482.6640625 210.4749755859375 1.9514321 1.7692006 0.6891247 -6.6108036 1.751545 34.617023 1.2804036140441895 0.11829210817813873
Cyclist 0.0 0 -3.74255633354187 1155.3397216796875 141.82196044921875 1242.0 320.3056335449219 1.8926108 1.6555381 0.7034227 6.6209292 1.3680562 7.1741114 -2.997236728668213 0.06436621397733688
Car 0.0 0 -1.7889549732208252 653.7353515625 177.3698272705078 726.2625732421875 226.72267150878906 3.7089949 1.525592 1.6747696 2.5943127 1.6920092 24.593006 -1.6838538646697998 0.9981497526168823
Car 0.0 0 -2.3310513496398926 948.3956298828125 180.5040283203125 1242.0 375.0 3.6561563 1.4712961 1.6238827 3.06323 1.5244049 3.1335075 -1.556993842124939 0.9970478415489197
Car 0.0 0 -0.17215502262115479 827.5994262695312 174.6260528564453 1010.4032592773438 243.26071166992188 3.6689508 1.4741162 1.5985903 6.9703565 1.5185012 16.739653 0.22240710258483887 0.9940213561058044
Car 0.0 0 -1.652043342590332 589.891845703125 177.5699462890625 624.805908203125 207.01132202148438 3.5554922 1.4991156 1.6033055 -0.22101283 1.7675182 39.167267 -1.6576861143112183 0.9925230145454407
Car 0.0 0 2.5804312229156494 0.0 213.0308074951172 135.06500244140625 375.0 3.8455722 1.4638594 1.6715714 -3.729973 1.7038286 2.3731146 1.5762678384780884 0.9910803437232971
Car 0.0 0 -3.7162537574768066 1039.3377685546875 177.2711944580078 1242.0 243.4569091796875 4.3328943 1.3594437 1.5303363 12.046223 1.4626092 15.865763 -3.0668530464172363 0.9841841459274292
Car 0.0 0 -0.8227764964103699 534.324462890625 174.64183044433594 587.7257690429688 194.5352783203125 4.171351 1.4295367 1.6061362 -3.6749516 1.5698515 54.35529 -0.8902835845947266 0.5264764428138733
