Pedestrian 0.0 0 1.1666460037231445 20.012298583984375 183.00155639648438 69.23979949951172 263.1631164550781 0.63633865 1.5965558 0.59688663 -11.714381 1.8121527 14.88729 0.49996185302734375 0.6782479286193848
Pedestrian 0.0 0 1.0442965030670166 193.3770294189453 174.76980590820312 241.74627685546875 264.7666015625 0.5748685 1.6404705 0.58968097 -7.4288635 1.6779244 13.567568 0.5433394908905029 0.6668699383735657
Pedestrian 0.0 0 1.0072352886199951 695.4581298828125 166.98440551757812 727.6892700195312 226.43959045410156 0.9127911 1.8109831 0.5997937 3.1172378 1.6325551 22.514557 1.1448149681091309 0.43796589970588684
Pedestrian 0.0 0 -2.9076452255249023 678.2666015625 166.7917022705078 723.5602416992188 243.53231811523438 0.9832882 1.8053892 0.5542981 2.1467142 1.6631263 17.403418 -2.784914970397949 0.1962132751941681
Pedestrian 0.0 0 0.5249004364013672 945.4344482421875 175.68328857421875 1161.1820068359375 375.0 0.85636425 1.5721663 0.5611746 2.370652 1.5902485 4.006626 1.0591819286346436 0.16057702898979187
Cyclist 0.0 0 1.8188822269439697 377.51153564453125 164.47596740722656 408.2360534667969 224.12704467773438 1.7937009 1.9075782 0.55722564 -7.242721 1.6400156 23.979795 1.5255601406097412 0.20543153584003448
Cyclist 0.0 0 -1.6976006031036377 698.2697143554688 161.18270874023438 726.7122802734375 223.61245727539062 1.8955113 1.8624398 0.6363947 3.1278312 1.5146133 22.473925 -1.5593129396438599 0.1434784233570099
Cyclist 0.0 0 -1.5700384378433228 690.9861450195312 162.96092224121094 714.8805541992188 243.66510009765625 1.8448076 1.81098 0.53285104 2.1549942 1.58934 17.136917 -1.4449435472488403 0.09405409544706345
Cyclist 0.0 0 2.0412938594818115 173.7931671142578 157.82431030273438 256.3521728515625 269.6619567871094 1.7683036 1.9620063 0.62785816 -7.417748 1.698693 13.548729 1.5403823852539062 0.06039368361234665
Cyclist 0.0 0 -1.9791594743728638 957.146484375 131.9042205810547 1242.0 375.0 1.7664096 1.8428003 0.596676 2.3644214 1.6808367 3.775426 -1.4196501970291138 0.05428830906748772
Car 0.0 0 -1.5074501037597656 583.5506591796875 175.91934204101562 620.6971435546875 207.6834259033203 3.7045197 1.4731735 1.6089716 -0.38142887 1.6333251 35.718365 -1.518128514289856 0.9963890314102173
Car 0.0 0 -1.4750161170959473 539.030517578125 175.70083618164062 572.5183715820312 200.6845703125 3.6756098 1.4127303 1.651268 -3.2286935 1.5903685 43.074726 -1.5498318672180176 0.9917550086975098
