Car 0.0 0 -1.1936639547348022 91.22682189941406 191.11434936523438 286.7386474609375 291.7843017578125 3.715152 1.4235182 1.6118475 -6.976071 1.5419436 12.340186 -1.7081879377365112 0.9990158081054688
Car 0.0 0 -1.683451533317566 542.0109252929688 178.8769989013672 616.0069580078125 238.25437927246094 3.494573 1.4847974 1.6336981 -0.91955686 1.3274224 19.826591 -1.7297983169555664 0.9984209537506104
Car 0.0 0 1.8275659084320068 249.5574188232422 185.8548126220703 354.25634765625 242.8153533935547 4.528601 1.4701961 1.6989564 -8.792804 1.4920686 20.964314 1.4304330348968506 0.9975969195365906
Car 0.0 0 2.372549295425415 0.0 203.5022430419922 104.95922088623047 376.0 4.3655615 1.4597363 1.6401081 -6.4050126 1.6646897 5.799815 1.5376050472259521 0.9945676326751709
Car 0.0 0 2.2283432483673096 0.0 191.6165771484375 101.80651092529297 289.7148132324219 4.216924 1.4720061 1.6912574 -11.587284 1.6101018 13.221298 1.5087149143218994 0.9920997023582458
Car 0.0 0 -1.4012634754180908 347.14825439453125 181.9232177734375 401.1263122558594 217.1781768798828 4.1296053 1.4912506 1.6511415 -10.537604 1.3531134 32.56474 -1.7142189741134644 0.9917622804641724
Car 0.0 0 -1.4556792974472046 443.4222412109375 180.4805450439453 505.0809631347656 227.89755249023438 3.6115494 1.4729381 1.6333708 -4.4532523 1.3269788 24.182793 -1.6377886533737183 0.9812554717063904
Car 0.0 0 -1.5054813623428345 507.3788757324219 181.4306182861328 529.4675903320312 199.4368896484375 3.9628122 1.4247108 1.5427724 -7.3023634 1.1263548 58.897053 -1.6288371086120605 0.936894416809082
Car 0.0 0 2.042712926864624 134.8795928955078 186.6416015625 252.1171112060547 239.06068420410156 3.5254188 1.4319246 1.6100752 -12.305606 1.4793376 21.529785 1.5234662294387817 0.2667246162891388
Car 0.0 0 -2.8330328464508057 340.14129638671875 182.66696166992188 419.69744873046875 211.16748046875 3.9013586 1.5698276 1.8396782 -12.819751 1.4305727 40.51523 -3.1394832134246826 0.15773826837539673
