Pedestrian 0.0 0 2.3492236137390137 519.7993774414062 166.56114196777344 534.9710693359375 196.34466552734375 0.60835594 1.880315 0.750303 -5.301249 1.4833877 46.02064 2.2345361709594727 0.05865873396396637
Car 0.0 0 -1.731584906578064 697.035400390625 184.0259246826172 809.2987670898438 265.7713928222656 4.050975 1.3992598 1.6011482 2.7570293 1.6627381 14.948551 -1.5491999387741089 0.9992045760154724
Car 0.0 0 -1.6916615962982178 671.6643676757812 177.86932373046875 735.5518188476562 227.15948486328125 4.183542 1.4783114 1.60407 2.996623 1.6611583 24.157526 -1.5682469606399536 0.9988549947738647
Car 0.0 0 1.6713355779647827 554.092529296875 174.6656951904297 590.2268676757812 203.98374938964844 3.660915 1.5067179 1.601436 -2.0458195 1.6101384 39.17642 1.6191623210906982 0.9965299963951111
Car 0.0 0 0.6165261268615723 0.0 190.5437774658203 307.8703308105469 326.9676513671875 3.9433181 1.4606124 1.6386452 -6.0493536 1.6972342 8.787935 0.013648033142089844 0.9955660700798035
Car 0.0 0 0.27371513843536377 335.23675537109375 179.08067321777344 491.67388916015625 233.1123809814453 4.1755285 1.5216329 1.6653954 -5.7795186 1.7137563 21.366167 0.009538650512695312 0.9803227186203003
Car 0.0 0 0.42986583709716797 232.02066040039062 178.2556610107422 439.61395263671875 254.2688446044922 4.003537 1.5802029 1.6644566 -6.070919 1.7083924 16.103626 0.0693509578704834 0.9792528748512268
Car 0.0 0 0.4077957570552826 378.81292724609375 180.28323364257812 505.8431701660156 224.863525390625 3.8110197 1.3977735 1.6165257 -5.6138754 1.6583371 24.133743 0.1792449951171875 0.965817391872406
Car 0.0 0 0.4501701593399048 416.4910583496094 174.28648376464844 515.9468994140625 211.7792510986328 3.8289886 1.5153581 1.5479635 -6.097257 1.5786767 30.481878 0.2527468204498291 0.93625408411026
Car 0.0 0 0.07931433618068695 487.89874267578125 172.02906799316406 550.8804321289062 195.6121826171875 3.8699493 1.4743526 1.5981703 -5.769092 1.4231383 45.992077 -0.04547056555747986 0.9232167601585388
Car 0.0 0 0.28146448731422424 250.4095001220703 173.33103942871094 434.02734375 241.61367797851562 4.1023316 1.6541622 1.6783003 -6.780022 1.6673832 18.471571 -0.07031967490911484 0.8965789675712585
Car 0.0 0 -2.535813808441162 406.3509826660156 175.9906005859375 522.865234375 219.97047424316406 3.953877 1.5148695 1.6934935 -5.410322 1.6377759 26.630245 -2.736250400543213 0.3495784401893616
Car 0.0 0 -2.5170164108276367 98.75210571289062 180.68280029296875 386.3314514160156 288.4028625488281 3.92125 1.5490391 1.6471857 -5.8887734 1.6880374 11.655421 -2.984846353530884 0.3188173174858093
Car 0.0 0 2.985330104827881 494.83349609375 172.6493682861328 556.5256958007812 196.17138671875 4.0838876 1.6077584 1.7405277 -5.9668903 1.5941291 50.704544 2.8681893348693848 0.2107551246881485
