Pedestrian 0.0 0 -1.6793326139450073 702.015869140625 167.5872344970703 719.2418823242188 211.01962280273438 0.91625214 1.8198122 0.628524 4.2347817 1.5994936 30.696503 -1.5422414541244507 0.6780438423156738
Pedestrian 0.0 0 1.1179516315460205 459.5265197753906 171.41322326660156 494.552001953125 239.02330017089844 0.91172475 1.7369981 0.56695545 -3.5675359 1.7003405 19.06961 0.9330098628997803 0.3201589584350586
Pedestrian 0.0 0 1.1341301202774048 524.0853271484375 168.8350372314453 543.5597534179688 207.5692138671875 0.7985062 1.7621753 0.6135687 -3.5604153 1.5796946 33.323284 1.0276892185211182 0.2846095860004425
Pedestrian 0.0 0 0.7520664930343628 258.4211730957031 181.829345703125 299.7380676269531 258.8175964355469 0.7393719 1.8875483 0.5949567 -8.382755 2.1190326 18.179071 0.32000279426574707 0.051084935665130615
Cyclist 0.0 0 1.7205419540405273 486.44622802734375 171.22552490234375 518.4796142578125 240.76373291015625 1.8360486 1.7766184 0.5859955 -2.9119365 1.7353708 19.349823 1.5711737871170044 0.7278522849082947
Cyclist 0.0 0 1.8081505298614502 456.02728271484375 166.42303466796875 494.2955322265625 238.33633422851562 1.6724627 1.803083 0.6145415 -3.5663683 1.6421975 18.939249 1.622024416923523 0.41230905055999756
Cyclist 0.0 0 1.738342046737671 525.0084838867188 171.5251922607422 542.88916015625 210.72271728515625 1.642237 1.7540071 0.55254966 -3.5209787 1.6949035 33.121117 1.6324336528778076 0.1858893483877182
Car 0.0 0 2.0587804317474365 37.91643524169922 185.22723388671875 335.0495300292969 350.97930908203125 3.6986876 1.5759014 1.58005 -4.9533195 1.762498 8.996431 1.5554865598678589 0.9989657402038574
Car 0.0 0 -2.0110063552856445 792.9401245117188 183.0894317626953 1242.0 375.0 3.742839 1.5164485 1.6295874 2.5970385 1.6203299 5.4181786 -1.5640395879745483 0.9953292608261108
Car 0.0 0 1.7418454885482788 417.0254821777344 182.50059509277344 484.7816162109375 231.52203369140625 3.7451153 1.496821 1.6470759 -5.399105 1.8527594 24.686464 1.5265287160873413 0.9815384149551392
Car 0.0 0 -1.585679531097412 641.857666015625 174.55474853515625 668.62255859375 200.83294677734375 3.5525131 1.5890223 1.6255286 2.8013084 1.701318 45.674656 -1.524424433708191 0.9589893817901611
Car 0.0 0 1.7036439180374146 508.21728515625 180.2169952392578 545.2872314453125 206.57640075683594 3.9575524 1.4741125 1.7098906 -4.9970055 1.9383025 43.456417 1.5891578197479248 0.957455575466156
