Pedestrian 0.0 0 -1.605983853340149 446.5805358886719 174.9202117919922 466.7962646484375 227.65963745117188 0.6954589 1.6728746 0.613637 -5.0066833 1.741224 23.328547 -1.8173930644989014 0.8872389197349548
Cyclist 0.0 0 1.4955573081970215 468.2983093261719 176.35887145996094 491.6234436035156 228.91802978515625 1.9209926 1.7539263 0.6547643 -4.604329 1.8817325 25.222418 1.314996361732483 0.6735508441925049
Cyclist 0.0 0 1.6961393356323242 440.5431823730469 166.54669189453125 467.5197448730469 227.97360229492188 1.8817835 1.8821628 0.61599946 -5.0151944 1.6892607 23.070147 1.4820809364318848 0.2759571075439453
Car 0.0 0 -1.7842284440994263 650.968994140625 179.53892517089844 740.0404663085938 245.03843688964844 3.3710742 1.4955631 1.5759156 2.0562053 1.6844547 18.588848 -1.6740612983703613 0.9976266026496887
Car 0.0 0 -2.1426644325256348 838.6915893554688 113.05842590332031 1242.0 375.0 4.3622293 1.7597173 1.703832 2.8351526 1.5841125 4.3100514 -1.560825228691101 0.9937475919723511
Car 0.0 0 -1.579277753829956 565.8880615234375 179.44520568847656 596.781005859375 208.63938903808594 3.380273 1.4126065 1.5287124 -1.54056 1.7705429 37.41533 -1.6204290390014648 0.9887003302574158
Car 0.0 0 -1.8837374448776245 739.976318359375 182.09361267089844 966.7453002929688 329.4118957519531 3.9612956 1.4992118 1.6017838 2.8724952 1.6479698 9.5883875 -1.592665433883667 0.9875761270523071
Car 0.0 0 -1.7360258102416992 609.49609375 177.89385986328125 670.1196899414062 225.26547241210938 3.5239925 1.5186113 1.5550162 0.9345203 1.7090824 25.367958 -1.6992038488388062 0.9827961325645447
Car 0.0 0 1.646706223487854 369.98455810546875 181.9423370361328 436.75018310546875 242.9661102294922 3.8241203 1.5701623 1.5957224 -6.025141 1.8632039 21.20102 1.3698153495788574 0.9319852590560913
Car 0.0 0 1.7582523822784424 380.6851806640625 188.49395751953125 447.0019836425781 234.4125518798828 3.7961023 1.4537482 1.6354983 -7.057711 2.0628703 26.127205 1.4944205284118652 0.43379440903663635
Car 0.0 0 -1.4889984130859375 524.8159790039062 179.08433532714844 546.1053466796875 196.5752716064453 3.596425 1.4442052 1.5529895 -6.470356 2.0014846 62.680347 -1.5918618440628052 0.10887634754180908
