Pedestrian 0.0 0 -1.4413890838623047 170.14871215820312 187.00765991210938 263.6756286621094 374.0 0.7405089 1.5387543 0.6199071 -3.319255 1.5908724 6.158775 -1.9357069730758667 0.9965193271636963
Pedestrian 0.0 0 -2.7501206398010254 886.5404663085938 146.15023803710938 951.4093627929688 252.85977172851562 0.8668809 1.7563342 0.57048064 5.404903 1.1758003 12.330573 -2.3370108604431152 0.9597581624984741
Pedestrian 0.0 0 -0.31814107298851013 845.3320922851562 159.9265899658203 965.08349609375 356.341552734375 0.8211469 1.6456615 0.61155754 2.6081638 1.4662961 6.3503027 0.07156801223754883 0.9303939938545227
Pedestrian 0.0 0 -1.6273549795150757 568.819091796875 168.21607971191406 581.943359375 198.64730834960938 0.7159722 1.7435608 0.7182777 -1.5091187 0.9832476 41.54423 -1.6636645793914795 0.7866798639297485
Pedestrian 0.0 0 1.359558343887329 721.7471923828125 161.56761169433594 746.7526245117188 218.57220458984375 0.84106153 1.75763 0.60783213 4.140442 1.1441654 22.575312 1.5409481525421143 0.3893722593784332
Pedestrian 0.0 0 1.4970879554748535 131.4486083984375 153.5932159423828 199.78233337402344 324.3215637207031 0.7216039 1.7529732 0.58213526 -4.8098474 1.4678012 7.835851 0.9465644359588623 0.33316415548324585
Pedestrian 0.0 0 0.869581937789917 482.72113037109375 168.3740997314453 503.99346923828125 216.01502990722656 0.5042751 1.8016894 0.631144 -4.1665773 1.3063211 27.56697 0.7195734977722168 0.2099028080701828
Pedestrian 0.0 0 -1.0244269371032715 533.730712890625 165.23976135253906 556.8322143554688 210.46743774414062 0.69881994 1.7712984 0.64863735 -2.2504847 1.1354936 28.588396 -1.102985143661499 0.18310482800006866
Pedestrian 0.0 0 1.554139256477356 543.4302368164062 167.50535583496094 557.03466796875 206.40492248535156 0.75572413 1.6289395 0.5618381 -2.1914427 1.043885 30.479229 1.482363224029541 0.14775335788726807
Pedestrian 0.0 0 -1.5867942571640015 550.4671630859375 172.9672088623047 567.3670654296875 217.51568603515625 0.8076555 1.6691825 0.6274749 -1.6427566 1.3505008 27.339108 -1.6468102931976318 0.11913155019283295
Pedestrian 0.0 0 -2.1890010833740234 531.5521240234375 173.3248748779297 558.1201782226562 220.5996856689453 0.77271646 1.7653375 0.68700075 -2.1755867 1.461096 27.338238 -2.26841402053833 0.050201836973428726
Cyclist 0.0 0 3.4555439949035645 60.521690368652344 125.23748016357422 261.821533203125 313.5069885253906 1.8107206 1.9432908 0.52339834 -4.812421 1.3639209 7.876827 2.9071052074432373 0.12211043387651443
Cyclist 0.0 0 2.4933180809020996 862.3076782226562 134.6414337158203 972.8785400390625 249.1266632080078 1.765111 1.8766245 0.52842426 5.340768 1.1098154 12.23604 2.9048707485198975 0.09089194238185883
Cyclist 0.0 0 3.2873106002807617 64.39915466308594 161.58555603027344 316.338623046875 374.0 1.7840768 1.6370615 0.71143734 -3.4522057 1.4862052 6.140986 2.7751808166503906 0.05074361339211464
Car 0.0 0 -1.6917483806610107 679.6624145507812 168.63180541992188 744.7288208007812 220.01515197753906 3.8131018 1.6052908 1.712685 3.6461594 1.2043778 24.368652 -1.5432251691818237 0.9823415875434875
Car 0.0 0 -1.4601186513900757 526.1569213867188 174.27127075195312 575.4356689453125 213.44415283203125 3.5860558 1.4829085 1.5995879 -2.0028093 1.2102892 29.01516 -1.5290356874465942 0.7533502578735352
Car 0.0 0 -1.7199031114578247 759.3402099609375 183.4432373046875 893.3325805664062 289.3197326660156 3.4917128 1.4469706 1.5256814 3.4550326 1.4848909 11.715503 -1.4331214427947998 0.4896945655345917
Car 0.0 0 -1.6280596256256104 712.7871704101562 177.5470428466797 786.4744873046875 242.3816375732422 3.8700562 1.4927672 1.6142067 3.6937747 1.402962 18.564768 -1.4316575527191162 0.10530997812747955
