Pedestrian 0.0 0 -2.3507466316223145 1016.3228149414062 138.4846649169922 1151.0225830078125 362.1532897949219 0.7490236 1.7570857 0.5853239 3.9934742 1.4205614 6.0651402 -1.768467664718628 0.9904808402061462
Pedestrian 0.0 0 1.6232068538665771 536.6998291015625 164.4466552734375 552.0857543945312 204.96737670898438 0.81534 1.7673895 0.63746274 -2.5301402 1.0245323 31.745132 1.5436732769012451 0.2607514262199402
Pedestrian 0.0 0 1.392622947692871 769.0175170898438 157.7643585205078 806.329345703125 248.7176055908203 0.6673372 1.7161028 0.58751 3.5570104 1.2695189 13.904915 1.6430619955062866 0.13175252079963684
Pedestrian 0.0 0 1.629577875137329 777.6183471679688 163.91903686523438 834.8209838867188 306.6283874511719 0.6903822 1.6999855 0.65212333 2.5248811 1.4919012 8.987097 1.9034627676010132 0.08183033019304276
Pedestrian 0.0 0 1.7950389385223389 489.1247863769531 165.61807250976562 504.8619689941406 202.293212890625 0.7412288 1.6878473 0.5759436 -4.8708754 0.95786434 33.448624 1.650432825088501 0.05617126077413559
Cyclist 0.0 0 -3.105792760848999 725.6123046875 154.9016876220703 865.9583129882812 304.2188720703125 1.6331117 1.7507266 0.7288035 2.3780682 1.4402109 9.0051565 -2.8476083278656006 0.44876807928085327
Cyclist 0.0 0 -2.110299587249756 819.310546875 127.24264526367188 1049.1458740234375 374.0 1.7681292 1.7955456 0.54741985 2.0772033 1.496838 4.884141 -1.7081785202026367 0.26815512776374817
Cyclist 0.0 0 -0.5992114543914795 924.7671508789062 141.31861877441406 1164.46630859375 360.11669921875 1.6845424 1.749898 0.6123958 3.66908 1.4299283 6.096517 -0.05744589492678642 0.07951642572879791
Car 0.0 0 1.5986638069152832 540.6273803710938 173.04641723632812 607.135498046875 229.5477294921875 3.9351125 1.4563141 1.7144598 -0.76115686 1.2395992 20.487793 1.5615291595458984 0.9964904189109802
Car 0.0 0 -2.420949697494507 1099.7557373046875 156.36204528808594 1238.0 302.6557312011719 3.2753649 1.4431361 1.5787741 8.089437 1.1965282 8.795863 -1.6773638725280762 0.27282190322875977
