Pedestrian 0.0 0 1.417037010192871 719.9090576171875 165.70370483398438 774.5327758789062 305.3383483886719 0.5750455 1.677893 0.58050543 1.7543526 1.4894227 8.928093 1.611063003540039 0.9935004115104675
Pedestrian 0.0 0 -0.17250901460647583 759.9913940429688 158.0507354736328 845.2219848632812 335.1405029296875 0.722799 1.707109 0.6714769 1.971196 1.4824347 7.289374 0.09159469604492188 0.9800395965576172
Pedestrian 0.0 0 0.6992717981338501 911.054931640625 144.69891357421875 1105.055908203125 374.0 0.8202826 1.761403 0.63904727 2.4161441 1.5615964 4.4234276 1.199204683303833 0.9706310629844666
Pedestrian 0.0 0 0.6520136594772339 804.648681640625 160.94223022460938 886.787841796875 310.8095397949219 0.68743753 1.6672932 0.6065146 2.8183346 1.4399391 8.443677 0.9741666316986084 0.9547710418701172
Pedestrian 0.0 0 0.9167172908782959 853.486328125 144.4788055419922 928.8666381835938 284.5611572265625 0.7463566 1.8036841 0.6139336 3.8491306 1.3283358 9.689277 1.2948565483093262 0.9410801529884338
Pedestrian 0.0 0 2.7188453674316406 868.6630859375 164.07827758789062 992.4946899414062 374.0 0.7484689 1.794443 0.59510547 2.6422744 1.6591723 5.931273 3.1379356384277344 0.8136715888977051
Pedestrian 0.0 0 1.1669597625732422 790.5228271484375 152.7315216064453 860.5690307617188 288.68206787109375 0.8190674 1.7704799 0.6373389 2.9925761 1.3971595 9.79354 1.4635154008865356 0.7181689143180847
Pedestrian 0.0 0 -2.5409140586853027 538.4168090820312 163.56541442871094 588.76953125 256.1680603027344 0.8165704 1.7387154 0.53299373 -0.7726048 1.4032345 13.924512 -2.5963425636291504 0.6679679751396179
Pedestrian 0.0 0 0.021491676568984985 753.7061767578125 154.35537719726562 800.5226440429688 264.16021728515625 0.738916 1.7700791 0.58487874 2.8838954 1.3337941 11.954193 0.25821399688720703 0.6282533407211304
Pedestrian 0.0 0 0.5412458777427673 934.0707397460938 126.52128601074219 1108.4769287109375 374.0 0.8713067 1.8005342 0.5884162 2.8459957 1.4587466 5.0054955 1.0582375526428223 0.4212954640388489
Pedestrian 0.0 0 -2.469116687774658 451.23272705078125 171.40267944335938 498.02972412109375 255.17697143554688 0.7172946 1.5958946 0.5513426 -2.5253973 1.4047985 14.094603 -2.6464102268218994 0.3790332078933716
Pedestrian 0.0 0 -1.951902151107788 661.6821899414062 168.1451873779297 687.2733154296875 222.59689331054688 0.947021 1.8520043 0.57177454 2.5085316 1.3988566 24.963507 -1.851750373840332 0.3550203740596771
Pedestrian 0.0 0 0.94930100440979 808.8455810546875 150.4234619140625 865.2279663085938 255.4878692626953 0.80186015 1.7956151 0.59286565 4.1287074 1.2657789 12.746137 1.2625542879104614 0.3096751272678375
Pedestrian 0.0 0 -2.5340561866760254 511.8313903808594 172.5245361328125 542.8872680664062 233.8498077392578 0.6257044 1.5936489 0.5360609 -1.994975 1.3615777 19.0503 -2.638397216796875 0.25907254219055176
Pedestrian 0.0 0 -1.871057391166687 402.5302734375 160.6309814453125 460.7936096191406 295.460693359375 0.79569346 1.7318443 0.5520808 -2.3486083 1.4651213 9.707248 -2.1084394454956055 0.18854354321956635
Pedestrian 0.0 0 0.16244551539421082 675.091796875 170.34759521484375 704.4679565429688 219.77609252929688 0.9368105 1.6950624 0.5726571 3.0592017 1.3136816 25.037516 0.2840275764465332 0.18451815843582153
Pedestrian 0.0 0 -1.4415644407272339 572.6780395507812 178.01773071289062 609.0609741210938 263.52044677734375 0.8486493 1.5796653 0.593527 -0.2318356 1.5165946 13.723564 -1.458456039428711 0.17536161839962006
Pedestrian 0.0 0 2.6288135051727295 705.121337890625 170.08876037597656 750.7008056640625 251.9803009033203 0.7307381 1.655209 0.6012651 2.5846248 1.4258054 14.922103 2.8003196716308594 0.15536466240882874
Pedestrian 0.0 0 2.739287853240967 708.6725463867188 170.25450134277344 752.2080078125 270.2867736816406 0.6376516 1.8512422 0.5766985 2.4045825 1.6443918 13.644134 2.9137322902679443 0.13968539237976074
Pedestrian 0.0 0 0.14149099588394165 691.3743896484375 172.2096710205078 724.1184692382812 227.33767700195312 0.9602437 1.713031 0.5253795 3.3368504 1.4254566 22.70672 0.2874009609222412 0.12129880487918854
Pedestrian 0.0 0 -1.7412806749343872 115.06415557861328 150.98788452148438 240.11187744140625 374.0 0.8005217 1.6283348 0.59551114 -2.9332986 1.4441874 4.86353 -2.283992052078247 0.08440081030130386
Pedestrian 0.0 0 -1.8843379020690918 468.7078552246094 159.18704223632812 505.3892517089844 243.8550567626953 0.6268992 1.6613238 0.5638368 -2.351838 1.2247577 14.499891 -2.0451345443725586 0.06419796496629715
Cyclist 0.0 0 2.2978110313415527 71.72023010253906 142.31886291503906 342.7166748046875 374.0 1.8423091 1.6952167 0.5738026 -2.6619103 1.4743185 5.0362997 1.811589241027832 0.705649197101593
Cyclist 0.0 0 -2.98537015914917 524.9569091796875 161.84332275390625 624.55908203125 258.5510559082031 1.8547188 1.8097531 0.535468 -0.5418421 1.4431664 13.814218 -3.024573564529419 0.5463223457336426
Cyclist 0.0 0 3.233088731765747 475.3988342285156 168.53945922851562 549.1549072265625 236.96253967285156 1.8876761 1.7758417 0.60205877 -2.3702834 1.440639 18.972748 3.10880184173584 0.4834364056587219
Cyclist 0.0 0 2.912761688232422 647.8179321289062 168.78529357910156 700.7987670898438 224.13333129882812 1.7471759 1.8896067 0.5540736 2.4977043 1.4565942 24.908684 3.012701988220215 0.30883359909057617
Cyclist 0.0 0 3.030423164367676 343.56512451171875 153.7803497314453 485.4758605957031 291.7128601074219 1.778896 1.7278446 0.5768418 -2.5356655 1.3819444 9.586147 2.77183198928833 0.3072608411312103
Cyclist 0.0 0 1.7873711585998535 443.6375427246094 164.6173095703125 493.4703674316406 255.53976440429688 1.712196 1.6889002 0.6193095 -2.6382103 1.3765643 14.206422 1.603757381439209 0.24724029004573822
Cyclist 0.0 0 2.69643497467041 804.1221923828125 150.03768920898438 952.22705078125 290.0198669433594 1.758214 1.7918891 0.58913714 3.6153252 1.3904784 9.559618 3.057996988296509 0.16368840634822845
Cyclist 0.0 0 -0.27508091926574707 688.9086303710938 171.74520874023438 743.6978149414062 231.5432586669922 1.6285841 1.8635864 0.5351034 3.6045098 1.5606912 22.745544 -0.11791680008172989 0.12720324099063873
Cyclist 0.0 0 2.9408369064331055 670.52294921875 170.75738525390625 809.6519775390625 319.07977294921875 1.6129186 1.785826 0.613445 1.6564175 1.6578256 8.967526 3.123491048812866 0.08746875822544098
Cyclist 0.0 0 -0.6583062410354614 855.6190795898438 115.55416870117188 1154.0074462890625 374.0 1.7434345 1.8410304 0.62203336 2.6288552 1.4393084 4.8348336 -0.16028781235218048 0.07078363746404648
Cyclist 0.0 0 2.823448657989502 749.6659545898438 135.90054321289062 905.4644775390625 297.72857666015625 1.6518027 1.8513732 0.63711345 2.612973 1.3310483 8.55173 3.119988441467285 0.054056089371442795
Car 0.0 0 1.7425622940063477 532.9520874023438 179.96739196777344 601.1334838867188 229.97384643554688 4.013331 1.5162145 1.5962905 -1.0782393 1.4708648 23.868965 1.6974197626113892 0.9760766625404358
