Pedestrian 0.0 0 -2.098405361175537 674.8985595703125 162.3671875 759.3638305664062 318.3365173339844 0.8169775 1.6402254 0.6003134 1.2317164 1.4403797 8.041755 -1.9464212656021118 0.9917148947715759
Pedestrian 0.0 0 0.131811261177063 784.2780151367188 154.69345092773438 877.7841796875 359.8505859375 0.7107685 1.6868819 0.6645018 1.991367 1.4678572 6.3549714 0.43547558784484863 0.9898245930671692
Pedestrian 0.0 0 1.3509929180145264 873.3511352539062 155.84780883789062 944.4403076171875 306.7483825683594 0.9455895 1.7301706 0.5978229 3.6743627 1.4374014 8.751736 1.748488187789917 0.9831710457801819
Pedestrian 0.0 0 -2.1065502166748047 1029.1397705078125 117.41526794433594 1238.0 374.0 0.77167135 1.8688465 0.6099107 2.4778795 1.604578 3.3889174 -1.4752086400985718 0.9703983068466187
Pedestrian 0.0 0 0.6253487467765808 935.2324829101562 137.96080017089844 1110.4609375 374.0 0.8546986 1.7389677 0.6270875 2.8729136 1.466325 5.0377564 1.1436258554458618 0.9303233027458191
Pedestrian 0.0 0 1.284092664718628 493.8141174316406 159.9801483154297 536.73486328125 259.9750671386719 0.7505531 1.7363814 0.57577676 -1.5989884 1.3639733 12.929952 1.161051869392395 0.8420303463935852
Pedestrian 0.0 0 0.849514901638031 744.1109619140625 153.41009521484375 815.4060668945312 277.2279052734375 0.8621875 1.8025415 0.6493401 2.6729982 1.3949199 10.987451 1.0881564617156982 0.8112618327140808
Pedestrian 0.0 0 1.093454122543335 819.4719848632812 146.86354064941406 897.3190307617188 307.1123352050781 0.8056788 1.8543563 0.58429706 3.0643709 1.4549007 8.7495365 1.4303359985351562 0.8038718104362488
Pedestrian 0.0 0 2.797311782836914 661.6494750976562 161.68052673339844 719.163818359375 267.66888427734375 0.8439884 1.7938933 0.59397167 1.5040627 1.4597241 12.539094 2.916691303253174 0.7819332480430603
Pedestrian 0.0 0 2.8812901973724365 658.6129150390625 165.09996032714844 712.0838012695312 258.4478454589844 0.8764494 1.7211509 0.611881 1.5412582 1.4200311 13.609102 2.9940617084503174 0.7269911766052246
Pedestrian 0.0 0 -2.6560451984405518 433.4778747558594 156.22071838378906 488.65325927734375 264.91387939453125 0.6982684 1.7348275 0.59307593 -2.3508549 1.3326453 11.846476 -2.8519434928894043 0.61674964427948
Pedestrian 0.0 0 1.2225615978240967 679.7399291992188 165.17718505859375 706.0422973632812 224.755126953125 0.79420644 1.7860669 0.5592985 2.7651975 1.2978547 21.981237 1.3477022647857666 0.4763193726539612
Pedestrian 0.0 0 0.6919269561767578 441.7764892578125 153.8928985595703 496.2808532714844 258.8892517089844 0.6927108 1.7442781 0.6111376 -2.3178585 1.2869347 12.366153 0.506641149520874 0.4211927652359009
Pedestrian 0.0 0 -1.800822377204895 735.8922119140625 166.0138702392578 753.156005859375 202.1260986328125 0.6248291 1.6564051 0.6580454 6.6127195 0.9470132 33.269527 -1.6046174764633179 0.31651005148887634
Pedestrian 0.0 0 1.4668338298797607 486.7244567871094 167.49957275390625 514.9891967773438 243.2060546875 0.71943074 1.7222435 0.5792085 -2.3876026 1.4049604 16.75807 1.325311541557312 0.18639588356018066
Pedestrian 0.0 0 1.0581090450286865 664.9768676757812 167.2645263671875 690.9840087890625 216.7781982421875 0.8827583 1.6483902 0.51027215 2.572565 1.1755519 24.418287 1.1630758047103882 0.17635466158390045
Pedestrian 0.0 0 -0.02528667449951172 833.9322509765625 149.75389099121094 921.962158203125 329.7066955566406 0.829451 1.7825842 0.51953596 2.8192282 1.4694809 7.494623 0.3345065116882324 0.15849001705646515
Pedestrian 0.0 0 1.099061369895935 510.83917236328125 168.22959899902344 545.765869140625 243.82254028320312 0.6664806 1.7269886 0.5735657 -1.7533693 1.4250255 16.844036 0.9953405857086182 0.09177764505147934
Pedestrian 0.0 0 1.1789153814315796 683.3439331054688 160.64219665527344 708.4693603515625 219.0019073486328 0.8089715 1.9478093 0.58114237 3.1846697 1.2527429 24.438473 1.3084989786148071 0.06498641520738602
Pedestrian 0.0 0 -0.1856054663658142 802.5076293945312 152.95826721191406 858.590576171875 264.721923828125 0.7726712 1.777983 0.61684114 3.7007723 1.3252246 11.777015 0.11886096000671387 0.06132197007536888
Pedestrian 0.0 0 0.7479814291000366 326.7775573730469 173.71543884277344 430.0686340332031 344.9341125488281 0.8603937 1.6905572 0.5953947 -2.3852458 1.615064 7.543016 0.4417119026184082 0.06062167510390282
Cyclist 0.0 0 0.17669737339019775 252.31619262695312 156.3509979248047 446.1998291015625 334.1301574707031 1.8476137 1.7590623 0.5915252 -2.638849 1.5115906 7.5440426 -0.15979251265525818 0.5391244292259216
Cyclist 0.0 0 -3.7579386234283447 958.5978393554688 113.6856689453125 1238.0 374.0 1.7398698 1.7129985 0.55154103 2.6308763 1.4269387 3.359908 -3.093637228012085 0.21993638575077057
Cyclist 0.0 0 3.1571271419525146 462.5151672363281 156.62356567382812 569.8843383789062 255.01803588867188 1.8769599 1.7182635 0.5708623 -1.5640261 1.2851223 12.923801 3.036693811416626 0.19671371579170227
Cyclist 0.0 0 2.5102438926696777 830.1824340820312 130.729248046875 986.4630126953125 293.50408935546875 1.7749245 1.8774686 0.54522526 3.6868246 1.2932202 8.752668 2.9089109897613525 0.1807672083377838
Cyclist 0.0 0 1.54112708568573 667.7724609375 159.2080841064453 687.83349609375 214.00173950195312 1.8531029 1.7795112 0.61392397 2.543194 1.056639 24.273346 1.6455193758010864 0.1350245475769043
Cyclist 0.0 0 2.7137765884399414 723.896484375 154.0721435546875 852.811767578125 281.77410888671875 1.8683792 1.8856091 0.52191293 2.8178277 1.4819269 11.026008 2.9639830589294434 0.1309089958667755
Cyclist 0.0 0 1.9755339622497559 493.22918701171875 161.0325164794922 544.2681884765625 239.309326171875 1.7491595 1.7359672 0.54751265 -1.9474753 1.2832726 16.844444 1.8604297637939453 0.0871339738368988
Cyclist 0.0 0 1.8010854721069336 428.89581298828125 150.94485473632812 488.3629455566406 264.79736328125 1.6398504 1.7419621 0.6048531 -2.3589146 1.2757661 11.817557 1.6040639877319336 0.07577519118785858
Cyclist 0.0 0 -0.10917957872152328 658.8582763671875 160.0836639404297 718.896484375 222.87916564941406 1.7666241 1.894011 0.6014534 2.634384 1.2491826 21.973166 0.010141849517822266 0.06446082890033722
Cyclist 0.0 0 1.6630715131759644 480.2643737792969 174.5271453857422 510.5973815917969 246.0833282470703 1.6115121 1.5954943 0.5612619 -2.5025332 1.4412374 16.834196 1.5154945850372314 0.0616266094148159
Cyclist 0.0 0 -0.478196918964386 753.88818359375 137.17791748046875 948.3973999023438 361.8079833984375 1.5313643 1.8403969 0.5321095 2.1075883 1.4786551 6.262762 -0.1535748690366745 0.05393264815211296
Car 0.0 0 1.717405915260315 527.4591064453125 174.7081756591797 599.8734130859375 230.13433837890625 4.099423 1.5169142 1.6040128 -1.0741813 1.3321899 21.774858 1.6681146621704102 0.9985288381576538
