Pedestrian 0.0 0 1.2021557092666626 664.958984375 163.0644073486328 711.0903930664062 261.03546142578125 0.82056564 1.8271426 0.6281891 1.6224115 1.4845839 13.8698845 1.3186001777648926 0.9946712851524353
Pedestrian 0.0 0 1.6922835111618042 653.484130859375 167.85548400878906 681.3889770507812 242.8919219970703 0.6159412 1.7339814 0.58750033 1.5281079 1.4198846 16.959785 1.7821427583694458 0.987398624420166
Pedestrian 0.0 0 1.2471554279327393 619.3990478515625 162.8196258544922 663.0269775390625 258.91217041015625 0.8353367 1.8109175 0.61352235 0.7274099 1.460135 14.0195 1.298994541168213 0.9863800406455994
Pedestrian 0.0 0 1.6129179000854492 711.1948852539062 157.7507781982422 735.8345947265625 228.82949829101562 0.7204682 1.7417222 0.58126414 3.0330658 1.160959 18.012241 1.7797420024871826 0.9810094833374023
Pedestrian 0.0 0 1.1358492374420166 436.7442321777344 169.62045288085938 470.48309326171875 233.6368865966797 0.85560334 1.7592825 0.6294148 -4.2055736 1.4339663 20.269552 0.931269645690918 0.9208768606185913
Pedestrian 0.0 0 1.4615839719772339 608.224609375 166.34768676757812 630.900390625 226.36886596679688 0.8906668 1.8308976 0.61042297 0.53104883 1.3698059 22.379381 1.4853088855743408 0.8894019722938538
Pedestrian 0.0 0 1.1827319860458374 690.1513671875 164.3863983154297 722.1005859375 236.59144592285156 0.69124055 1.6363609 0.5083256 2.3888826 1.2497337 16.67386 1.325034737586975 0.852320671081543
Pedestrian 0.0 0 1.7731800079345703 0.0 116.72286987304688 229.0394287109375 374.0 0.94728154 1.7139742 0.7247211 -2.032007 1.5014778 2.9474392 1.1695938110351562 0.850336492061615
Pedestrian 0.0 0 1.7080336809158325 689.7428588867188 164.77044677734375 714.6849975585938 233.6746368408203 0.70450467 1.690691 0.5305479 2.5015955 1.281391 18.03412 1.845868706703186 0.3997926712036133
Pedestrian 0.0 0 1.1575020551681519 727.9728393554688 154.85760498046875 754.9057006835938 217.59275817871094 0.7844132 1.802981 0.5012643 4.073789 1.0384294 21.079851 1.348403811454773 0.36588820815086365
Pedestrian 0.0 0 1.3787050247192383 703.27734375 161.5452117919922 726.3688354492188 221.09402465820312 0.6038635 1.7883033 0.588923 3.421912 1.1901664 21.882229 1.533827304840088 0.30540794134140015
Pedestrian 0.0 0 1.4015225172042847 421.3638000488281 169.1825408935547 446.994384765625 228.5038604736328 0.7510229 1.685777 0.6060118 -4.8944635 1.3368858 20.874641 1.1712135076522827 0.2923322319984436
Pedestrian 0.0 0 1.5910327434539795 208.6612548828125 161.91390991210938 246.45970153808594 259.2879638671875 0.742479 1.711534 0.59597254 -6.843645 1.3685461 13.088585 1.1092560291290283 0.2208195924758911
Pedestrian 0.0 0 1.0304622650146484 476.1524963378906 169.50303649902344 507.3406982421875 227.3239288330078 0.7565225 1.6720402 0.6092614 -3.2769802 1.3262539 21.25551 0.8774957656860352 0.10981858521699905
Pedestrian 0.0 0 -0.025314591825008392 661.9337768554688 169.23239135742188 683.04443359375 220.1890869140625 0.68963003 1.6897858 0.59279203 2.3586137 1.2840623 24.138712 0.07208704948425293 0.10497009754180908
Cyclist 0.0 0 1.902498483657837 130.78269958496094 198.4694366455078 297.8558044433594 374.0 1.8276101 1.6377017 0.46308407 -2.6908593 1.7817047 5.095959 1.4166730642318726 0.7407230138778687
Cyclist 0.0 0 -1.9387202262878418 751.4741821289062 169.0460662841797 840.010009765625 306.82098388671875 1.6851945 1.6186787 0.5204286 2.4212782 1.473707 9.303515 -1.6841142177581787 0.6996148228645325
Cyclist 0.0 0 -3.2490603923797607 665.4990844726562 165.87167358398438 746.1289672851562 243.0531463623047 1.7823592 1.7457031 0.6475419 2.3567936 1.393433 16.598314 -3.108013391494751 0.11553402990102768
Cyclist 0.0 0 2.949188232421875 599.37548828125 165.50291442871094 689.7388916015625 261.6553039550781 1.672871 1.818903 0.5974832 0.78944933 1.5175468 13.995477 3.0055360794067383 0.11552120000123978
Cyclist 0.0 0 -3.043443441390991 659.8910522460938 159.21197509765625 731.0122680664062 231.57318115234375 1.7044873 1.7539291 0.65617514 2.3184164 1.214894 17.9201 -2.914783000946045 0.10708875954151154
Cyclist 0.0 0 1.9261668920516968 492.53485107421875 168.61630249023438 527.3496704101562 221.90667724609375 1.8184419 1.827137 0.63998127 -3.2617977 1.3864723 25.584608 1.7993603944778442 0.0656670331954956
Cyclist 0.0 0 -1.3879666328430176 603.7720947265625 150.77548217773438 635.3726806640625 221.05174255371094 1.7879994 2.1112566 0.679864 0.5594763 1.189346 22.52266 -1.3631311655044556 0.06504752486944199
Cyclist 0.0 0 2.0212595462799072 467.4298400878906 164.1753387451172 512.4378662109375 228.41136169433594 1.8584793 1.7984377 0.5539377 -3.2760038 1.3145417 21.078472 1.8670737743377686 0.05151716619729996
Car 0.0 0 1.6561990976333618 538.1530151367188 176.99334716796875 572.6624755859375 207.45664978027344 3.7908893 1.6052841 1.5904531 -2.5047815 1.3686495 39.763363 1.5932899713516235 0.997047483921051
Car 0.0 0 -2.979222297668457 0.0 0.0 1238.0 374.0 3.9051383 1.6238257 1.5841064 2.6752164 1.5208533 0.55445373 -1.6127883195877075 0.14605119824409485
