Pedestrian 0.0 0 -1.4942564964294434 886.9453735351562 169.35032653808594 896.5942993164062 191.9958038330078 0.957344 1.6778775 0.60218704 21.071833 1.4186358 54.020237 -1.1223371028900146 0.06606046110391617
Car 0.0 0 -1.310410499572754 656.3154907226562 181.7042999267578 782.8993530273438 261.6095275878906 3.8077364 1.3780507 1.6602381 2.3483407 1.5876361 14.977975 -1.1548902988433838 0.9991782307624817
Car 0.0 0 2.0135436058044434 427.06854248046875 178.02650451660156 681.7689208984375 349.40911865234375 3.6869946 1.551238 1.55913 -0.47205213 1.627975 8.650337 1.9590272903442383 0.9985180497169495
Car 0.0 0 -1.7326843738555908 1016.5908203125 199.73719787597656 1242.0 375.0 3.5677247 1.473675 1.5712125 4.643964 1.7900314 6.5310516 -1.114574670791626 0.9930931329727173
Car 0.0 0 1.6204137802124023 800.5877685546875 173.76324462890625 843.5723876953125 209.1687469482422 4.213065 1.520504 1.7011814 9.820522 1.5657761 33.369713 1.906627893447876 0.986519455909729
Car 0.0 0 -0.7136619091033936 0.0 186.48760986328125 490.6131591796875 375.0 3.4223428 1.4830996 1.4863447 -2.3186746 1.6018946 4.4010816 -1.1985517740249634 0.9801008701324463
Car 0.0 0 1.2921195030212402 919.9573974609375 176.4913330078125 955.1953125 196.98837280273438 3.5533237 1.4603356 1.4723452 24.413368 1.7419796 53.931057 1.7171976566314697 0.9284806251525879
Car 0.0 0 -1.7633907794952393 926.6986083984375 181.61032104492188 1019.0247192382812 243.79605102539062 3.8100114 1.534494 1.6101614 10.096585 1.8076787 20.428923 -1.3043699264526367 0.7812514901161194
Car 0.0 0 -1.652504324913025 822.1683959960938 173.2463836669922 858.1679077148438 202.62147521972656 3.9811275 1.5644448 1.6004514 12.864275 1.5880352 40.600136 -1.3456586599349976 0.4302925765514374
Car 0.0 0 0.25917720794677734 669.8713989257812 172.66139221191406 761.4886474609375 212.31509399414062 3.290324 1.4903599 1.5548791 4.133167 1.4834788 28.476524 0.40331363677978516 0.3590506911277771
