Pedestrian 0.0 0 -2.9607977867126465 954.1524658203125 151.7546844482422 1034.7901611328125 280.1272888183594 0.9116166 1.720733 0.57185334 5.4980474 1.3233465 10.134658 -2.463731288909912 0.9860889315605164
Pedestrian 0.0 0 2.3748178482055664 1047.559814453125 136.90611267089844 1238.0 374.0 0.67918885 1.7423813 0.6533471 2.5983262 1.5563278 3.379969 3.0302066802978516 0.760562539100647
Pedestrian 0.0 0 -1.2015414237976074 0.0 177.10011291503906 127.05854034423828 374.0 0.79431605 1.6382339 0.6240605 -3.1818554 1.6180913 3.9916217 -1.8745321035385132 0.5184154510498047
Pedestrian 0.0 0 -1.5385862588882446 561.701416015625 172.8056182861328 574.6707763671875 205.49203491210938 0.7327979 1.7398697 0.6741388 -1.787191 1.2779148 38.60483 -1.5848476886749268 0.3113592267036438
Pedestrian 0.0 0 0.7905634045600891 469.3741455078125 179.2061004638672 492.0434265136719 228.135498046875 0.48452336 1.6630327 0.6070286 -4.1904726 1.5861417 24.800306 0.623175859451294 0.18198275566101074
Pedestrian 0.0 0 1.5143072605133057 542.4212646484375 170.43344116210938 558.7644653320312 211.74298095703125 0.6727455 1.5585371 0.5850307 -1.9675776 1.1420444 27.469873 1.4428026676177979 0.055180370807647705
Pedestrian 0.0 0 -3.040379524230957 1223.488525390625 157.8264617919922 1238.0 333.65594482421875 0.55938655 1.6593726 0.59183425 6.5901604 1.4373304 7.182255 -2.2979462146759033 0.053676918148994446
Cyclist 0.0 0 0.9311174750328064 1003.2473754882812 124.1882095336914 1238.0 374.0 1.7704393 1.8083097 0.5875261 2.5305421 1.6223747 3.237959 1.5944905281066895 0.291532039642334
Cyclist 0.0 0 2.4183545112609863 924.1363525390625 143.79812622070312 1060.3662109375 277.41595458984375 1.7442212 1.7882507 0.56754905 5.435916 1.2850004 10.085344 2.9127068519592285 0.13721774518489838
Cyclist 0.0 0 2.197868824005127 0.0 78.87044525146484 162.58277893066406 374.0 1.9893211 1.8725946 0.6483688 -3.2104702 1.4831439 3.7509573 1.4899554252624512 0.08552997559309006
Cyclist 0.0 0 1.7644387483596802 467.88385009765625 175.37574768066406 493.0817565917969 225.58689880371094 1.6855066 1.6680573 0.5436612 -4.1703324 1.4656885 24.71074 1.5972481966018677 0.05159343034029007
Car 0.0 0 -1.7229589223861694 689.2315063476562 174.0962371826172 765.83544921875 232.40036010742188 3.7066975 1.5736383 1.6645737 3.6026943 1.3749697 21.251604 -1.5550297498703003 0.996673583984375
Car 0.0 0 -1.8596782684326172 799.528564453125 199.93626403808594 1048.378662109375 359.9357604980469 3.8723252 1.4087889 1.6155657 3.5527391 1.6871508 8.788113 -1.4754992723464966 0.8062308430671692
Car 0.0 0 -1.4721161127090454 517.5064086914062 182.04061889648438 571.5020141601562 226.47457885742188 3.4791625 1.4998589 1.6163691 -2.021318 1.5217999 26.042738 -1.5495762825012207 0.6692817807197571
Car 0.0 0 -1.5784252882003784 545.4981079101562 175.46583557128906 576.5505981445312 204.79185485839844 3.9209478 1.5688503 1.6610975 -2.2933693 1.2468779 40.435856 -1.6350808143615723 0.6679502129554749
