Car 0.0 0 -1.0947896242141724 28.391109466552734 193.760986328125 397.8598327636719 376.0 3.79084 1.4342588 1.611471 -3.5736535 1.5447735 7.2867274 -1.5507545471191406 0.9972186088562012
Car 0.0 0 -1.5484367609024048 582.9638671875 180.99078369140625 618.605712890625 213.8667755126953 3.6853945 1.503238 1.630546 -0.3295865 1.3111877 34.718586 -1.557929515838623 0.9960474371910095
Car 0.0 0 1.8744667768478394 329.6918029785156 185.36187744140625 415.4370422363281 236.02809143066406 3.7182617 1.4771258 1.5418956 -7.4017463 1.4832803 22.83118 1.56096351146698 0.9939570426940918
Car 0.0 0 2.2616724967956543 0.0 193.83546447753906 112.68067169189453 283.3748474121094 3.8831568 1.3940963 1.5257705 -11.441189 1.580709 13.514382 1.559159517288208 0.9894728064537048
Car 0.0 0 -1.3328964710235596 411.95416259765625 182.9558563232422 466.3709716796875 217.76876831054688 3.8138425 1.4962975 1.5627209 -7.6574345 1.4002991 32.80702 -1.562199592590332 0.9510763883590698
Car 0.0 0 -1.4004026651382446 440.0749206542969 175.82553100585938 525.9879150390625 241.88352966308594 3.9952002 1.6205815 1.6481946 -3.3320413 1.3913466 19.631157 -1.5685325860977173 0.857278048992157
Car 0.0 0 1.6637048721313477 492.3401794433594 189.4669647216797 534.2164916992188 221.5016326904297 4.026691 1.448499 1.6605424 -4.584635 1.6692258 35.08533 1.5337700843811035 0.85695481300354
Car 0.0 0 2.1440231800079346 34.549537658691406 190.84536743164062 263.10400390625 290.6239013671875 3.5741837 1.4148939 1.5521089 -7.5560203 1.5256582 12.194228 1.5892881155014038 0.7939100861549377
Car 0.0 0 1.9261507987976074 289.29901123046875 184.47274780273438 360.9859313964844 218.9637908935547 3.8743932 1.4351306 1.7140608 -12.4642515 1.405349 31.858904 1.553225040435791 0.2341921478509903
Car 0.0 0 -1.1860558986663818 354.6600646972656 185.91043090820312 422.84320068359375 220.2219696044922 4.0327926 1.4674239 1.5861423 -9.967937 1.5023693 32.904114 -1.4802067279815674 0.18798309564590454
