Car 0.0 0 -2.1019341945648193 816.5679321289062 196.49188232421875 1242.0 375.0 3.689049 1.4357166 1.5890397 3.0098526 1.6877321 5.795581 -1.6229379177093506 0.9983223080635071
Car 0.0 0 -1.592718243598938 647.500732421875 181.0850067138672 683.8720092773438 213.7498321533203 4.0817714 1.3940026 1.6023573 2.5263479 1.8050416 33.917896 -1.518371343612671 0.9976305961608887
Car 0.0 0 3.5670876502990723 174.40374755859375 180.60267639160156 377.864990234375 259.03594970703125 3.5734417 1.5604148 1.6265376 -7.031946 1.7343115 15.335552 3.137155532836914 0.9915611147880554
Car 0.0 0 0.38796266913414 320.4527893066406 180.0891876220703 470.4685974121094 237.06105041503906 3.721801 1.5090609 1.6164402 -6.03465 1.7234254 20.349909 0.09967923164367676 0.9907857179641724
Car 0.0 0 0.39419540762901306 258.41400146484375 178.45269775390625 441.86962890625 243.45314025878906 3.9867134 1.5279658 1.6618627 -6.457569 1.6756201 18.049494 0.05061531066894531 0.9804767370223999
Car 0.0 0 0.22330230474472046 377.2506103515625 179.07028198242188 500.8705139160156 223.42417907714844 4.047315 1.5260489 1.7053651 -6.114591 1.7573638 25.935604 -0.008230234496295452 0.9779898524284363
Car 0.0 0 3.2147064208984375 503.5421447753906 176.90516662597656 555.7650756835938 199.54762268066406 3.6623752 1.6080892 1.7020724 -5.8398156 1.9083362 52.49003 3.1039063930511475 0.8998529314994812
Car 0.0 0 3.292212724685669 444.07427978515625 180.3637237548828 530.6168823242188 208.6913604736328 3.9797096 1.335625 1.5946983 -5.987864 1.7119688 35.290226 3.124138593673706 0.8371153473854065
Car 0.0 0 0.047028325498104095 492.9984130859375 177.498779296875 548.3953247070312 201.36532592773438 3.558313 1.5322076 1.666926 -5.8929358 1.8456148 47.661396 -0.07598903775215149 0.43644824624061584
Car 0.0 0 0.3613886535167694 390.10650634765625 179.60067749023438 498.3370666503906 218.7239532470703 3.794078 1.4479799 1.5847715 -6.460322 1.720867 28.10224 0.13542819023132324 0.3172881305217743
