Pedestrian 0.0 0 -1.8239668607711792 794.310791015625 149.0497589111328 831.6759643554688 234.39398193359375 0.6699453 1.8310173 0.6364215 4.594567 1.1360414 15.753455 -1.5401839017868042 0.9322413802146912
Pedestrian 0.0 0 0.9229117631912231 961.7047119140625 132.47915649414062 1068.7230224609375 313.8204650878906 0.7072003 1.8734485 0.728795 4.4333863 1.3683747 7.8170247 1.4388227462768555 0.8250210881233215
Pedestrian 0.0 0 1.4400138854980469 589.074951171875 160.55099487304688 604.4405517578125 197.873291015625 0.82327986 1.8591964 0.67222935 -0.24682522 0.8165118 36.234833 1.4332021474838257 0.649393618106842
Pedestrian 0.0 0 2.9220376014709473 737.4747924804688 162.71958923339844 788.6015014648438 264.79400634765625 0.71644306 1.6688725 0.6204489 2.6589038 1.3631107 12.052942 3.139162063598633 0.1277616322040558
Pedestrian 0.0 0 -1.204999566078186 600.7245483398438 167.7476348876953 615.2908325195312 196.2357177734375 0.8263152 1.7947359 0.67787457 0.42823336 0.9290635 45.760788 -1.1956417560577393 0.07050145417451859
Pedestrian 0.0 0 0.6320852637290955 443.24560546875 179.6661376953125 480.5140380859375 251.87106323242188 0.60541326 1.6502087 0.6251209 -3.300665 1.6095076 16.826077 0.4383811950683594 0.05862479656934738
Pedestrian 0.0 0 -1.1839537620544434 578.2438354492188 162.13099670410156 594.8507080078125 198.5113067626953 0.6474156 1.8837273 0.6757177 -0.7825398 0.88168204 37.61508 -1.2047545909881592 0.05320766940712929
Pedestrian 0.0 0 -1.5516611337661743 833.906982421875 169.55654907226562 890.1860961914062 335.413818359375 0.83361053 1.700248 0.54929435 2.8017957 1.5791769 7.848292 -1.2087689638137817 0.051996685564517975
Cyclist 0.0 0 -3.032288074493408 719.2039184570312 159.24893188476562 831.0059204101562 271.11920166015625 1.7606137 1.7828802 0.75074416 2.887203 1.4295591 12.095512 -2.7979724407196045 0.7288955450057983
Cyclist 0.0 0 -2.310979127883911 856.7904663085938 69.45148468017578 1238.0 374.0 1.8500859 1.9487879 0.5948088 2.0082307 1.5452427 3.561979 -1.7976055145263672 0.614466667175293
Cyclist 0.0 0 -2.024060010910034 770.9998168945312 146.5723419189453 898.653564453125 333.9446716308594 1.8577842 1.8477924 0.58304906 2.4886723 1.5047189 8.043823 -1.7240116596221924 0.6114743947982788
Cyclist 0.0 0 2.594217538833618 762.7203979492188 148.14112854003906 845.6656494140625 233.85948181152344 1.7143242 1.8283614 0.5684725 4.428511 1.1180502 15.825334 2.867074966430664 0.08413473516702652
Cyclist 0.0 0 1.9570871591567993 519.0780639648438 149.82444763183594 557.6751098632812 211.9036865234375 1.5768079 1.856892 0.65195113 -1.9703184 0.91054887 22.33336 1.8690918684005737 0.06931578367948532
Cyclist 0.0 0 2.3918395042419434 0.0 214.00677490234375 161.56459045410156 374.0 1.604571 1.4852781 0.57633364 -3.9359083 1.7477871 4.9316444 1.7182629108428955 0.05490420013666153
Car 0.0 0 1.627516746520996 602.6803588867188 170.03504943847656 648.8065795898438 210.20431518554688 3.73146 1.5149319 1.6540346 1.0219065 1.0835756 29.02224 1.6627134084701538 0.9858292937278748
