Car 0.0 0 -1.6765249967575073 585.2094116210938 187.10679626464844 644.3422241210938 233.29385375976562 3.6753097 1.3747224 1.6158961 0.046301305 1.8981248 24.564508 -1.6746400594711304 0.9995367527008057
Car 0.0 0 -1.99203360080719 703.8416137695312 189.4934844970703 953.52001953125 336.8188171386719 3.784787 1.408538 1.5872593 2.4770873 1.6704209 9.342117 -1.7328451871871948 0.9991845488548279
Car 0.0 0 -1.6851553916931152 572.8759155273438 181.6852569580078 623.1464233398438 220.41128540039062 3.8494859 1.4681509 1.6673359 -0.60726064 1.8640091 30.291601 -1.7051998376846313 0.9984782338142395
Car 0.0 0 1.9496841430664062 0.0 206.32469177246094 259.350830078125 368.72216796875 3.867607 1.4420658 1.6337416 -6.004261 1.9695923 9.306546 1.3767151832580566 0.9957504272460938
Car 0.0 0 1.7820980548858643 401.24810791015625 191.9593505859375 448.3288879394531 222.96890258789062 3.8091512 1.4939572 1.7094978 -10.0055065 2.580513 39.082195 1.5314692258834839 0.9926694631576538
Car 0.0 0 2.3463244438171387 0.0 214.0748748779297 112.02738952636719 375.0 4.1620126 1.4586197 1.5987536 -5.28955 1.8410263 4.5429387 1.4851387739181519 0.9795445799827576
Car 0.0 0 1.4879974126815796 1135.427978515625 161.2462921142578 1242.0 258.6925354003906 4.0027003 1.4904085 1.5544369 10.557178 1.3132303 13.126204 2.16534423828125 0.9207978844642639
Car 0.0 0 -2.9673242568969727 792.4728393554688 167.62681579589844 924.1768798828125 215.2124786376953 4.000767 1.5019827 1.6268822 8.347416 1.337351 24.449062 -2.638312816619873 0.8725141286849976
Car 0.0 0 0.0007893592119216919 737.4963989257812 172.28585815429688 845.59130859375 209.41139221191406 4.329605 1.5065879 1.7596096 7.631471 1.4838903 30.656094 0.24476838111877441 0.5567877888679504
Car 0.0 0 -1.5070316791534424 564.4469604492188 184.62132263183594 586.7882080078125 204.21617126464844 3.9393022 1.4741068 1.5679083 -2.788198 2.4631894 58.64083 -1.554542899131775 0.5083401799201965
Car 0.0 0 2.084038257598877 138.61476135253906 193.26486206054688 215.0084991455078 226.77645874023438 4.3971605 1.5981746 1.6174529 -23.53201 2.7739203 39.32918 1.544844150543213 0.1901794672012329
Car 0.0 0 -4.020718574523926 1023.4495239257812 203.3761749267578 1242.0 375.0 3.5416863 1.4294518 1.4996679 4.027877 1.6011035 3.282951 -3.133777141571045 0.1896018534898758
Car 0.0 0 1.8439464569091797 428.1663513183594 187.2371063232422 472.5263977050781 217.325927734375 4.0261745 1.681737 1.63713 -9.785555 2.6071355 44.346832 1.6267670392990112 0.1450316160917282
