Car 0.0 0 1.8393616676330566 362.7547607421875 185.09353637695312 477.1333923339844 259.40966796875 3.9142494 1.5289305 1.6825951 -4.495387 1.8589711 17.461674 1.5873901844024658 0.9987815022468567
Car 0.0 0 -1.8507256507873535 767.6168212890625 183.33424377441406 933.0800170898438 286.6553955078125 3.84512 1.4658096 1.6721121 3.9126287 1.6769352 12.567693 -1.5489122867584229 0.998740017414093
Car 0.0 0 -1.7061830759048462 702.332275390625 178.9438018798828 773.2843017578125 232.38262939453125 4.152804 1.5384328 1.689894 3.9879851 1.7536664 23.35258 -1.5370419025421143 0.9982743263244629
Car 0.0 0 -1.7500519752502441 729.0528564453125 181.31048583984375 821.615478515625 247.1790313720703 3.6737053 1.4402738 1.605213 3.9839423 1.6748798 18.118708 -1.533616065979004 0.9975766539573669
Car 0.0 0 -2.0650689601898193 858.7051391601562 185.3904266357422 1206.7113037109375 373.8112487792969 3.3667054 1.4278384 1.559146 3.8675792 1.585917 7.382571 -1.582500696182251 0.9975568056106567
Car 0.0 0 1.7238719463348389 474.0664367675781 179.67654418945312 532.246337890625 221.90884399414062 4.031522 1.5045497 1.6660023 -4.1639843 1.7923777 28.377556 1.578176498413086 0.9966071844100952
Car 0.0 0 1.7008087635040283 538.7086791992188 178.30148315429688 572.5333862304688 204.6156768798828 3.6948426 1.5250938 1.6157904 -3.3434398 1.8755994 44.486618 1.625793695449829 0.9925497770309448
Car 0.0 0 1.782162070274353 438.327392578125 183.5452423095703 514.9456787109375 237.84754943847656 3.9551783 1.5392354 1.627319 -4.238024 1.9136472 23.239828 1.6017837524414062 0.9923790693283081
Car 0.0 0 -1.6875133514404297 690.7935791015625 178.7667236328125 737.5458984375 214.68931579589844 4.151029 1.5290664 1.6612571 4.7287264 1.8210802 33.493916 -1.5472586154937744 0.9109243750572205
Car 0.0 0 1.6612187623977661 553.59912109375 175.57077026367188 583.073486328125 200.5088653564453 4.1805487 1.6159512 1.642559 -2.8361704 1.8100237 49.329155 1.6037871837615967 0.8414869904518127
Car 0.0 0 -1.685110330581665 694.1563720703125 178.87208557128906 747.3662719726562 221.8033447265625 4.1847863 1.5209473 1.5747788 4.219578 1.774792 28.27114 -1.5369501113891602 0.1600904017686844
