Car 0.0 0 1.9311290979385376 359.0848083496094 185.85977172851562 463.29498291015625 243.58180236816406 4.0130186 1.4395162 1.6017249 -5.695255 1.855825 20.999743 1.6662936210632324 0.9986498951911926
Car 0.0 0 -1.7401409149169922 686.0245971679688 179.4455108642578 767.1849365234375 235.19541931152344 4.1373477 1.4519796 1.6686763 3.290622 1.6665512 21.363892 -1.5873146057128906 0.9982362985610962
Car 0.0 0 2.034759998321533 143.78993225097656 195.9092559814453 351.9216613769531 307.02587890625 3.7008705 1.4308472 1.546281 -5.7716985 1.8716444 11.920872 1.5838583707809448 0.9981270432472229
Car 0.0 0 -1.6868072748184204 662.4928588867188 178.17295837402344 712.1397094726562 215.0157928466797 3.9084132 1.4043609 1.5976661 3.1099896 1.6406063 30.031998 -1.583619236946106 0.9975922703742981
Car 0.0 0 -1.7852072715759277 715.1674194335938 183.18899536132812 831.7257690429688 259.8548583984375 3.888155 1.4001738 1.6301771 3.3381438 1.6525946 15.6475115 -1.5750242471694946 0.9970847964286804
Car 0.0 0 2.314337730407715 0.0 207.2814178466797 189.7615966796875 375.0 4.074048 1.5019886 1.6556408 -5.710501 1.8976333 6.242578 1.5734238624572754 0.9960289001464844
Car 0.0 0 -2.0641236305236816 846.023681640625 175.28305053710938 1242.0 375.0 3.9045613 1.5184174 1.6579447 3.2494254 1.5447081 5.7299957 -1.5482540130615234 0.9954408407211304
Car 0.0 0 -2.829742193222046 507.6877136230469 171.20738220214844 561.5457153320312 189.4356689453125 4.1617074 1.4948523 1.7162722 -6.3221188 1.3601749 60.43719 -2.933969497680664 0.980531632900238
Car 0.0 0 1.7165944576263428 471.9103088378906 180.9134521484375 513.6370239257812 212.5958709716797 3.5204642 1.4599146 1.5564979 -5.8227053 1.8812953 35.918453 1.555883526802063 0.9748627543449402
Car 0.0 0 -1.6848173141479492 658.6358642578125 176.1124725341797 701.526611328125 210.724365234375 3.926775 1.569625 1.6264544 3.3102727 1.7373117 35.07032 -1.5907065868377686 0.15276864171028137
Car 0.0 0 -2.587679386138916 108.29013061523438 177.43035888671875 243.72244262695312 219.50271606445312 3.8054578 1.4014829 1.4846689 -14.99587 1.5650733 24.96649 -3.1285693645477295 0.14179913699626923
