Pedestrian 0.0 0 -1.3225269317626953 538.2135009765625 177.88113403320312 555.7811279296875 214.31959533691406 0.80964416 1.6731186 0.639254 -2.9780686 1.9114487 33.702507 -1.4106614589691162 0.07199965417385101
Cyclist 0.0 0 1.5995572805404663 538.6741333007812 176.3494110107422 552.0910034179688 215.3180694580078 1.8378038 1.7606139 0.57435983 -3.0487423 1.928765 33.69902 1.5093331336975098 0.8266599774360657
Car 0.0 0 3.4525771141052246 270.0099182128906 183.51625061035156 435.0584411621094 242.40811157226562 3.8190005 1.4667939 1.5856602 -6.7762513 1.7623417 19.124527 3.1120567321777344 0.9993627667427063
Car 0.0 0 -3.7083890438079834 902.703369140625 176.69146728515625 1242.0 299.6180114746094 3.9803803 1.5240213 1.6691757 6.2644687 1.5811219 9.830621 -3.141036033630371 0.9974996447563171
Car 0.0 0 -1.6248656511306763 637.6830444335938 183.67893981933594 672.368896484375 213.2925262451172 4.131206 1.4396629 1.6225996 2.3265944 2.0511084 38.65891 -1.5647555589675903 0.9967038035392761
Car 0.0 0 -2.7203989028930664 164.70260620117188 181.53857421875 401.30572509765625 265.4880065917969 4.028209 1.5785886 1.6541376 -6.5171943 1.7642442 14.564338 -3.1411519050598145 0.9958077669143677
Car 0.0 0 -2.137298107147217 834.7289428710938 200.37631225585938 1242.0 375.0 3.4994807 1.416308 1.525436 2.7943864 1.6666291 4.773714 -1.60770583152771 0.9951841235160828
Car 0.0 0 3.6089186668395996 77.66167449951172 182.96649169921875 366.43878173828125 282.21209716796875 3.899595 1.5081908 1.6853653 -6.3405232 1.6893377 12.018898 3.1234776973724365 0.9930998086929321
Car 0.0 0 -3.5322606563568115 803.9651489257812 184.3817596435547 1037.3433837890625 262.42279052734375 4.211445 1.5234532 1.5709251 6.329683 1.7781061 15.116074 -3.1357054710388184 0.9923524260520935
Car 0.0 0 0.63596111536026 0.0 175.8738250732422 259.1280822753906 309.8970031738281 3.3995764 1.6415414 1.6753501 -6.9006305 1.686343 9.745236 0.019817590713500977 0.988440752029419
Car 0.0 0 0.7837770581245422 0.0 194.21376037597656 233.85235595703125 368.8353271484375 4.4398513 1.4586687 1.6066084 -6.411433 1.6987687 7.173018 0.054383277893066406 0.9819639921188354
Car 0.0 0 -0.7212564945220947 841.7886352539062 183.56626892089844 1104.725830078125 281.2399597167969 4.0611377 1.496477 1.6332477 6.271288 1.704227 12.653251 -0.2611136734485626 0.9815315008163452
Car 0.0 0 -0.3391703963279724 716.0846557617188 181.4431915283203 865.5714721679688 231.13909912109375 4.3309646 1.4970577 1.7146676 5.694529 1.785909 23.166792 -0.09814321249723434 0.9771314263343811
Car 0.0 0 -2.7723844051361084 312.1329040527344 175.83653259277344 462.2647705078125 233.878662109375 4.0016403 1.6645802 1.6445092 -6.6930246 1.7588313 21.750435 -3.0709078311920166 0.9750058650970459
Car 0.0 0 0.18602506816387177 442.1458740234375 181.0165557861328 528.2503051757812 211.262939453125 3.9430108 1.4340683 1.6290137 -6.133306 1.8456837 35.50687 0.014977216720581055 0.9564839601516724
Car 0.0 0 0.21232742071151733 420.3750915527344 180.85887145996094 507.26507568359375 213.53472900390625 3.6434755 1.4367979 1.5287303 -6.660447 1.8108859 32.897057 0.012564420700073242 0.9477865099906921
Car 0.0 0 0.95162433385849 0.0 189.07763671875 52.59321212768555 375.0 4.0248013 1.5480641 1.6503315 -6.3846846 1.6756272 4.7820573 0.023681640625 0.9461652040481567
Car 0.0 0 -0.5801880359649658 747.192138671875 184.7116241455078 898.44287109375 239.53404235839844 3.875999 1.4074768 1.5787462 5.954707 1.7650666 20.413918 -0.2963646650314331 0.7194510698318481
Car 0.0 0 -3.307249069213867 713.7244262695312 178.9892120361328 848.485107421875 225.55186462402344 4.402054 1.5621542 1.6533501 5.894546 1.7868584 25.41987 -3.0793888568878174 0.6149352788925171
Car 0.0 0 -0.41622394323349 783.5517578125 182.05035400390625 974.0239868164062 245.8846893310547 4.157915 1.4707379 1.4458002 6.478445 1.7080045 17.726786 -0.06584252417087555 0.47197043895721436
