Pedestrian 0.0 0 1.945992112159729 587.0398559570312 168.6269989013672 666.3848876953125 298.8697509765625 0.8404989 1.6453129 0.8127735 0.18252876 1.5922725 9.656272 1.9648925065994263 0.1853458732366562
Pedestrian 0.0 0 1.85904061794281 632.22900390625 148.06822204589844 709.6831665039062 309.8588562011719 0.7941349 1.8849227 0.76196384 0.71116245 1.5965167 8.91096 1.9386794567108154 0.07441311329603195
Pedestrian 0.0 0 -0.4453117549419403 422.1596374511719 175.7640380859375 473.8510437011719 245.35313415527344 0.9249345 1.4990747 0.6804254 -3.6736445 1.5667734 16.140507 -0.6691033840179443 0.0568484291434288
Pedestrian 0.0 0 1.6263315677642822 593.8397216796875 163.23867797851562 608.9099731445312 206.57061767578125 0.7546509 1.8371093 0.6073737 -0.407458 1.4298143 30.977564 1.6131789684295654 0.05194229632616043
Car 0.0 0 -1.7289668321609497 351.5228576660156 183.74026489257812 409.81085205078125 221.31463623046875 4.072583 1.3420857 1.6144842 -9.387003 1.8161703 29.214432 -2.0398612022399902 0.9979457259178162
Car 0.0 0 -1.8846184015274048 453.0307312011719 183.71180725097656 579.72509765625 264.11248779296875 3.5436945 1.451774 1.6582326 -2.1712568 1.7150075 15.510193 -2.0237035751342773 0.9978601336479187
Car 0.0 0 1.1056203842163086 975.67919921875 150.0279083251953 1175.959228515625 239.15342712402344 4.119078 1.5288956 1.6594591 9.0175905 1.1376852 14.501321 1.661948561668396 0.9809587597846985
Car 0.0 0 1.9361600875854492 0.0 204.82420349121094 38.403770446777344 375.0 3.6316416 1.438224 1.6629542 -8.0909815 1.8868865 8.118056 1.1524323225021362 0.9805147647857666
Car 0.0 0 2.096268653869629 147.23475646972656 187.1429443359375 220.8944091796875 220.09133911132812 4.0624127 1.6337065 1.6651936 -23.296232 2.4582105 39.57691 1.564249873161316 0.9777136445045471
Car 0.0 0 1.8312102556228638 0.0 196.0704803466797 86.93182373046875 306.3730773925781 3.6286683 1.4558072 1.6649882 -10.436453 1.9180744 12.356697 1.1298601627349854 0.9002242088317871
Car 0.0 0 -1.543095350265503 336.8769226074219 183.8401336669922 374.2359313964844 216.2842559814453 3.5785418 1.3790643 1.5594149 -11.952836 1.9255624 33.92409 -1.8818538188934326 0.8914893269538879
Car 0.0 0 -2.2999513149261475 615.106201171875 158.3289794921875 952.137451171875 343.1163330078125 3.7401786 1.6171621 1.6573578 1.6751026 1.4904046 8.3439865 -2.1018292903900146 0.5967915058135986
Car 0.0 0 -2.8824729919433594 524.8074951171875 171.46286010742188 621.3258056640625 208.19656372070312 3.9818769 1.564849 1.6392443 -1.6495368 1.5059443 31.946892 -2.93406081199646 0.572528064250946
Car 0.0 0 1.287226676940918 874.735595703125 154.3817138671875 996.7034912109375 232.12461853027344 3.5433395 1.5767156 1.5799923 7.238325 1.2024343 16.49003 1.7008548974990845 0.2810303270816803
