Pedestrian 0.0 0 1.1761914491653442 372.6919250488281 165.45582580566406 408.86767578125 247.92552185058594 0.5577028 1.7423812 0.5823437 -4.605849 1.4046392 15.574055 0.8886487483978271 0.7807610630989075
Pedestrian 0.0 0 -1.8407379388809204 534.3358764648438 172.22901916503906 553.7938232421875 213.99061584472656 0.7645516 1.6958433 0.6175445 -2.3868554 1.3203635 29.632357 -1.92111337184906 0.42233848571777344
Pedestrian 0.0 0 1.8552806377410889 471.23895263671875 170.17262268066406 504.92462158203125 243.69091796875 0.7034134 1.6521511 0.5938562 -2.636702 1.3988106 16.526579 1.697070837020874 0.37951794266700745
Pedestrian 0.0 0 -2.3712007999420166 478.9020080566406 182.32896423339844 521.9417114257812 257.2990417480469 0.6823928 1.5507034 0.60135037 -2.1893494 1.5701072 15.309115 -2.51324725151062 0.10866004973649979
Cyclist 0.0 0 -1.918668508529663 921.7059326171875 182.42884826660156 1098.3060302734375 374.0 1.606223 1.6464757 0.58674043 2.8528562 1.6557821 5.285703 -1.4237438440322876 0.37390661239624023
Cyclist 0.0 0 3.134427070617676 436.7728576660156 170.47940063476562 526.0376586914062 253.74783325195312 1.8396068 1.7207811 0.6412822 -2.5909138 1.4942726 15.317769 2.9668686389923096 0.26340800523757935
Cyclist 0.0 0 1.8771840333938599 529.8757934570312 168.15692138671875 554.7421875 214.93397521972656 1.8419572 1.8598316 0.48793185 -2.4313858 1.3303219 29.510174 1.7949782609939575 0.0942428931593895
Car 0.0 0 -1.8504116535186768 721.42236328125 165.02749633789062 877.7051391601562 277.8465576171875 3.6782148 1.6473473 1.5755445 3.1669405 1.4081323 12.347114 -1.5993318557739258 0.9980112314224243
Car 0.0 0 -1.7395689487457275 663.7657470703125 175.41847229003906 726.0499877929688 225.71629333496094 3.4636636 1.5992196 1.5383028 3.1039298 1.4069588 24.600332 -1.6140578985214233 0.3813938498497009
Car 0.0 0 1.6868524551391602 443.9496765136719 181.18692016601562 532.193603515625 258.076904296875 3.7035773 1.599024 1.6120131 -2.5739796 1.5937488 16.815544 1.5349600315093994 0.1769748032093048
