Pedestrian 0.0 0 -1.6941267251968384 295.9010314941406 190.1233673095703 379.942626953125 374.0 0.72742504 1.5802785 0.6187661 -2.4302046 1.6647806 6.4563885 -2.0541269779205322 0.9671854376792908
Pedestrian 0.0 0 -2.2257845401763916 272.5203857421875 171.73037719726562 351.00244140625 308.80914306640625 0.72375625 1.569357 0.5471492 -3.5294023 1.4588585 8.639935 -2.613595962524414 0.9605621099472046
Pedestrian 0.0 0 -2.3193633556365967 907.9242553710938 157.66900634765625 974.9269409179688 281.6941223144531 0.65449613 1.7128495 0.57832915 4.8296137 1.3850523 10.317952 -1.8815773725509644 0.7590259909629822
Pedestrian 0.0 0 3.166127920150757 535.871337890625 179.72962951660156 559.5952758789062 237.18235778808594 0.68685925 1.674016 0.59521776 -1.6118908 1.6235669 21.242506 3.090392589569092 0.37497037649154663
Pedestrian 0.0 0 1.169398546218872 787.1748657226562 173.74916076660156 831.1951904296875 256.677001953125 0.77901036 1.6214768 0.59192985 4.134971 1.4711766 14.465755 1.447819471359253 0.2819375991821289
Pedestrian 0.0 0 0.47217604517936707 552.1775512695312 170.29368591308594 579.4959716796875 219.6560516357422 0.7522518 1.6501918 0.56800765 -1.2327281 1.2766446 24.424528 0.42174792289733887 0.16259518265724182
Pedestrian 0.0 0 -1.6469205617904663 581.4698486328125 180.28414916992188 608.6474609375 243.50253295898438 0.858286 1.6128706 0.64429486 -0.20669796 1.5830293 18.779585 -1.6579266786575317 0.1433476358652115
Pedestrian 0.0 0 0.629909873008728 380.6594543457031 194.48570251464844 426.29827880859375 273.1148986816406 0.6305655 1.5117741 0.62844896 -3.9874864 1.77974 14.347098 0.3588218688964844 0.13391351699829102
Pedestrian 0.0 0 -1.108400821685791 458.85504150390625 178.22235107421875 513.3602905273438 276.8908386230469 0.6884878 1.6075594 0.67408687 -1.981195 1.5554488 12.129461 -1.270308494567871 0.08277389407157898
Pedestrian 0.0 0 -2.7025842666625977 516.9453735351562 167.99368286132812 535.0289916992188 206.2019500732422 0.6071083 1.7337325 0.6527349 -3.4754317 1.121808 33.000305 -2.8075125217437744 0.07538628578186035
Pedestrian 0.0 0 -3.065051794052124 696.971435546875 173.63983154296875 721.2474975585938 228.20108032226562 0.73802906 1.7419881 0.5720669 3.4693284 1.4921345 23.292784 -2.917194366455078 0.06688565760850906
Cyclist 0.0 0 2.007396697998047 333.8522033691406 195.25244140625 411.4757995605469 315.74481201171875 1.6164737 1.5901067 0.44139743 -3.3462627 1.8082869 10.496112 1.698773741722107 0.8392969965934753
Cyclist 0.0 0 1.6829484701156616 444.5936279296875 181.03939819335938 491.85906982421875 289.0770568847656 1.7573572 1.6959952 0.5990283 -2.2701588 1.6900624 12.171946 1.4985594749450684 0.774040699005127
Cyclist 0.0 0 -1.7365913391113281 773.14208984375 159.46389770507812 856.3609619140625 342.73333740234375 1.7385193 1.8209716 0.5925921 2.285823 1.6033884 8.031611 -1.4593191146850586 0.26920124888420105
Cyclist 0.0 0 1.5883551836013794 587.488525390625 174.88385009765625 610.4774780273438 244.82598876953125 1.6630046 1.7400353 0.57210916 -0.08394747 1.5766233 18.703445 1.583866834640503 0.244596466422081
Cyclist 0.0 0 -0.5137783885002136 761.5618286132812 167.3085479736328 858.5830078125 259.47381591796875 1.8194832 1.7980531 0.6097725 4.1732736 1.5224435 14.518817 -0.23388496041297913 0.18561135232448578
Cyclist 0.0 0 3.0448012351989746 540.6199951171875 165.34170532226562 594.9613647460938 219.90101623535156 1.8024547 1.8271605 0.55362064 -1.1752439 1.2871093 24.457977 2.996786594390869 0.1635599136352539
Cyclist 0.0 0 -1.7480230331420898 691.3986206054688 171.7510528564453 719.6909790039062 227.95809936523438 1.8728507 1.7551669 0.5843489 3.344181 1.4518472 23.374804 -1.605919599533081 0.14335504174232483
Cyclist 0.0 0 -1.683628797531128 692.0872802734375 157.33119201660156 724.6283569335938 245.66542053222656 1.9564039 1.980183 0.5399016 2.486461 1.4396085 17.086517 -1.539121389389038 0.10644042491912842
Cyclist 0.0 0 1.8820180892944336 253.1750946044922 153.71255493164062 391.300048828125 374.0 1.7403102 1.8720533 0.62194234 -2.4146261 1.6639599 6.2988396 1.5159517526626587 0.1060495525598526
Cyclist 0.0 0 1.3511128425598145 910.3460693359375 150.7366943359375 982.7348022460938 287.3402404785156 1.8251908 1.7603227 0.52723837 4.809996 1.3652277 10.202288 1.7916709184646606 0.09767819195985794
Cyclist 0.0 0 3.034619092941284 599.4999389648438 166.69674682617188 642.913818359375 207.55551147460938 1.8108937 1.7341515 0.58481073 0.8277251 1.1068347 30.84934 3.06144380569458 0.07627423107624054
Cyclist 0.0 0 1.6220815181732178 601.6531982421875 170.781494140625 616.6324462890625 214.94395446777344 1.7450796 1.7666887 0.531877 0.3101385 1.3389037 29.621176 1.6325513124465942 0.07097690552473068
Cyclist 0.0 0 3.3068833351135254 356.5628662109375 183.31935119628906 442.41619873046875 280.2873229980469 1.585509 1.8959883 0.607571 -4.0774655 1.9348058 14.446119 3.0317864418029785 0.06939366459846497
Cyclist 0.0 0 3.100773334503174 511.1702575683594 172.72288513183594 568.7692260742188 235.6765899658203 1.6764859 1.8308011 0.65421665 -1.8618683 1.5766824 21.319172 3.0136613845825195 0.06309159100055695
Cyclist 0.0 0 3.3149805068969727 222.52098083496094 159.05984497070312 386.84185791015625 315.3076171875 1.7574705 1.7843679 0.64084226 -3.586156 1.5294489 8.703315 2.9241340160369873 0.05566825345158577
