Pedestrian 0.0 0 3.3906502723693848 0.0 138.8588104248047 27.374929428100586 302.6156311035156 0.6658634 1.8265438 0.7230816 -7.4502316 1.4477193 8.518346 2.672041177749634 0.05721672996878624
Cyclist 0.0 0 2.2076706886291504 0.0 197.47198486328125 104.21375274658203 375.0 1.7361085 1.5850008 0.58817375 -5.3501425 1.8315293 6.3270216 1.5057353973388672 0.0611293688416481
Car 0.0 0 -0.40232253074645996 727.4571533203125 184.4606170654297 983.9716186523438 271.890869140625 4.143467 1.4546472 1.689309 4.3572354 1.6852325 13.291037 -0.08553074300289154 0.9992637038230896
Car 0.0 0 3.6145670413970947 75.79757690429688 178.03053283691406 324.7270812988281 264.3057861328125 3.994864 1.5956769 1.653562 -8.047414 1.7054968 14.352636 3.1035518646240234 0.9988211989402771
Car 0.0 0 2.9061176776885986 662.4695434570312 182.38575744628906 793.5354614257812 234.42564392089844 4.033488 1.6390706 1.6761246 3.8315136 1.9706559 24.078545 3.063920259475708 0.9970502853393555
Car 0.0 0 0.4063912034034729 164.0363311767578 182.1951446533203 367.7268981933594 252.4431610107422 3.9642115 1.534322 1.6983229 -7.9900985 1.765625 16.91844 -0.03482862189412117 0.9968023300170898
Car 0.0 0 3.4212279319763184 300.21075439453125 179.97032165527344 432.9261474609375 225.9462127685547 4.0283265 1.5055405 1.6471566 -8.335272 1.7597082 24.819399 3.0972259044647217 0.9952836632728577
Car 0.0 0 3.52351450920105 225.86476135253906 181.3521728515625 397.0870056152344 241.96475219726562 3.968817 1.5539875 1.6309423 -8.043386 1.7945606 19.560995 3.133394479751587 0.9845225811004639
Car 0.0 0 3.334851026535034 319.8150329589844 177.1016845703125 428.2970886230469 214.71807861328125 4.008254 1.4842807 1.6904026 -9.70402 1.6664245 29.794401 3.019986629486084 0.974403440952301
Car 0.0 0 3.9132721424102783 0.0 192.53268432617188 84.0452880859375 375.0 4.053462 1.5790114 1.668985 -7.2273645 1.7751312 6.1545596 3.0478768348693848 0.9302812218666077
Car 0.0 0 3.8441076278686523 0.0 185.0548553466797 172.81716918945312 339.72467041015625 4.0282106 1.57973 1.5468184 -7.6110287 1.7356044 8.347291 3.10481333732605 0.8775668740272522
Car 0.0 0 -0.162058025598526 658.9542236328125 183.7073974609375 784.4467163085938 226.3881072998047 4.3076844 1.478634 1.5156144 3.9455752 1.8846046 26.177889 -0.012462363578379154 0.5861405730247498
Car 0.0 0 0.2700847089290619 343.93072509765625 175.13833618164062 438.1837158203125 212.3475341796875 3.7290938 1.6119616 1.6293179 -9.761765 1.7170558 32.22026 -0.024094413965940475 0.21600286662578583
