Pedestrian 0.0 0 -2.885148286819458 1078.459716796875 147.085693359375 1215.06298828125 374.0 0.7410743 1.7070942 0.5960682 4.27743 1.4574628 5.7127275 -2.2424447536468506 0.9914751052856445
Pedestrian 0.0 0 1.6844093799591064 277.7342224121094 162.49253845214844 339.1300964355469 301.629150390625 0.69013953 1.6404855 0.6321145 -3.654197 1.4177243 8.885147 1.2942250967025757 0.9409169554710388
Pedestrian 0.0 0 -2.1186630725860596 506.8439636230469 164.79730224609375 539.943603515625 228.91067504882812 0.6871161 1.6920507 0.6220745 -2.1431978 1.2524085 19.417385 -2.228593349456787 0.9396144151687622
Pedestrian 0.0 0 0.9309367537498474 525.8950805664062 162.7144012451172 548.007080078125 211.81617736816406 0.4741901 1.6449769 0.58099073 -2.2174737 1.0167143 24.433004 0.8404273986816406 0.17498761415481567
Pedestrian 0.0 0 2.067202091217041 710.918701171875 163.13587951660156 759.195068359375 258.95782470703125 0.7362052 1.5959831 0.53612775 2.2724822 1.2914017 12.416608 2.248218297958374 0.16076785326004028
Pedestrian 0.0 0 -1.7797791957855225 651.2617797851562 170.74794006347656 675.9544067382812 228.8186798095703 0.84075576 1.7266579 0.5830474 1.8533087 1.4080864 21.809397 -1.6950052976608276 0.1384056657552719
Pedestrian 0.0 0 0.6478168368339539 371.20184326171875 165.19296264648438 416.42462158203125 246.28536987304688 0.75106907 1.7490124 0.602714 -4.6300483 1.3985262 15.905978 0.36455559730529785 0.10810312628746033
Cyclist 0.0 0 -1.5468542575836182 648.9268798828125 170.0259552001953 668.1720581054688 230.35484313964844 1.880199 1.7487248 0.5409232 1.7162132 1.4172683 21.78227 -1.4682272672653198 0.7830899953842163
Cyclist 0.0 0 2.2398264408111572 0.0 72.12215423583984 273.9706726074219 374.0 1.8403754 1.8000932 0.63722414 -2.9709644 1.2412947 4.623567 1.6686923503875732 0.6731184124946594
Cyclist 0.0 0 1.7059978246688843 504.6305236816406 163.0570831298828 534.0000610351562 232.4003143310547 1.8470944 1.7767153 0.5452154 -2.223133 1.3053471 19.331593 1.5915007591247559 0.5710709095001221
Cyclist 0.0 0 1.9218248128890991 560.3154296875 167.17198181152344 592.5632934570312 221.47938537597656 1.7721645 1.794286 0.53198344 -0.8648394 1.3219826 24.655638 1.8867624998092651 0.28572002053260803
Cyclist 0.0 0 -1.432664155960083 626.302490234375 168.04344177246094 645.595458984375 212.510986328125 1.6462178 1.6336708 0.51192135 1.2992643 1.1403387 27.244154 -1.3850106000900269 0.18833056092262268
Cyclist 0.0 0 2.092757225036621 1040.9931640625 130.00140380859375 1238.0 374.0 1.7645092 1.7952733 0.5819072 4.285033 1.4355043 5.646582 2.741912364959717 0.13275323808193207
Cyclist 0.0 0 1.340598225593567 698.4915161132812 163.59791564941406 723.5654296875 209.30369567871094 1.8900925 1.7760191 0.5758177 4.372014 1.0814021 28.875221 1.4908673763275146 0.06303232908248901
