Pedestrian 0.0 0 2.8689398765563965 701.9181518554688 170.15611267089844 741.5809936523438 238.99740600585938 0.82218164 1.6694927 0.65965044 2.7119763 1.6044233 17.872927 3.0195276737213135 0.7212755680084229
Pedestrian 0.0 0 2.8375284671783447 692.4210815429688 165.3496856689453 725.5347290039062 228.92271423339844 0.78246903 1.7766913 0.62131566 2.7644422 1.5673245 20.534698 2.971346855163574 0.6592870354652405
Pedestrian 0.0 0 0.12315206229686737 678.8781127929688 164.40052795410156 713.0377807617188 229.70936584472656 0.8661976 1.7477702 0.54076695 2.2998598 1.5218996 19.67219 0.2395329475402832 0.2377629280090332
Pedestrian 0.0 0 2.389087677001953 657.292236328125 169.4164581298828 692.052978515625 232.94615173339844 0.85898095 1.8424397 0.5870371 1.8741033 1.7431049 21.418772 2.4763636589050293 0.15656834840774536
Cyclist 0.0 0 -2.875333786010742 675.5978393554688 159.92526245117188 752.9435424804688 238.02122497558594 1.7784615 1.857743 0.6668275 2.52408 1.5505531 17.819323 -2.734621524810791 0.378996878862381
Cyclist 0.0 0 -3.247673749923706 673.4260864257812 162.10516357421875 745.1315307617188 226.9367218017578 1.9567862 1.8120022 0.7102645 2.7610528 1.5119371 20.54569 -3.1140880584716797 0.08114484697580338
Cyclist 0.0 0 -1.9082725048065186 653.4873657226562 162.9525604248047 695.4702758789062 231.29861450195312 1.8390008 1.948679 0.671867 1.8553082 1.666728 21.54388 -1.8223668336868286 0.05427328124642372
Car 0.0 0 -1.324148178100586 350.6267395019531 183.40087890625 510.5859069824219 292.0957336425781 3.8997622 1.4447488 1.6236782 -2.8049269 1.6482306 11.931036 -1.5550501346588135 0.9985824823379517
Car 0.0 0 2.1141209602355957 66.75724792480469 196.84524536132812 220.6710205078125 261.3840637207031 4.0957394 1.4250636 1.5982041 -12.451877 2.143684 19.532404 1.5465844869613647 0.9978049397468567
Car 0.0 0 -1.5250076055526733 589.0866088867188 177.01901245117188 615.850830078125 200.480712890625 3.822065 1.4380846 1.566507 -0.48536307 1.7200762 46.849415 -1.5353672504425049 0.9939204454421997
