Pedestrian 0.0 0 3.2408809661865234 177.72384643554688 158.73971557617188 222.5443878173828 249.77984619140625 0.7008157 1.7383697 0.7570414 -8.139596 1.4692216 14.263076 2.7223024368286133 0.06496264785528183
Cyclist 0.0 0 -3.830037832260132 1174.1876220703125 158.96434020996094 1242.0 375.0 1.7878493 1.6632491 0.5470948 3.9341254 1.6013777 3.6238387 -3.003608465194702 0.08478004485368729
Car 0.0 0 -0.6635583639144897 846.4229125976562 187.056396484375 1242.0 348.728759765625 4.2477274 1.4558846 1.6136732 4.8529305 1.627647 7.6892986 -0.10056467354297638 0.9990590214729309
Car 0.0 0 3.608018636703491 51.15184783935547 181.48362731933594 304.36419677734375 265.4221496582031 3.9669912 1.5192355 1.6368668 -8.393978 1.7008475 14.202118 3.0742156505584717 0.9971879124641418
Car 0.0 0 3.747743844985962 0.0 194.7930908203125 219.31121826171875 332.38714599609375 4.1079464 1.4740553 1.6338242 -7.456109 1.7790163 9.028447 3.0574405193328857 0.9967161417007446
Car 0.0 0 3.680403709411621 0.0 182.55421447753906 247.20501708984375 289.62548828125 3.5971363 1.5558645 1.6484145 -8.100835 1.7250102 11.603143 3.0709147453308105 0.9674359560012817
Car 0.0 0 -0.4525638818740845 771.5142822265625 184.39024353027344 1143.927978515625 304.9266357421875 4.4395695 1.5119783 1.5880154 4.6020713 1.6866722 10.055534 -0.02335365116596222 0.947987973690033
Car 0.0 0 -2.6655139923095703 144.6549835205078 176.60032653808594 353.20550537109375 250.53392028808594 4.0060706 1.6172311 1.6762608 -8.309697 1.7090135 16.736834 -3.1263508796691895 0.5545732378959656
Car 0.0 0 -1.9673442840576172 452.7292175292969 179.2456512451172 497.9918518066406 204.0375518798828 3.6045742 1.4901842 1.5812815 -8.7066765 1.9179605 46.307587 -2.1531929969787598 0.4140470325946808
Car 0.0 0 3.465611219406128 218.61183166503906 175.73793029785156 354.2518005371094 226.95053100585938 3.5690584 1.5358055 1.6172783 -10.144554 1.6308886 22.721022 3.0456857681274414 0.18978391587734222
Car 0.0 0 -4.11607551574707 1227.3231201171875 179.96932983398438 1242.0 375.0 3.8544521 1.4512045 1.6754122 5.2536507 1.491288 3.056281 -3.072166919708252 0.10181998461484909
