Pedestrian 0.0 0 1.8505409955978394 0.0 122.7761001586914 200.5131378173828 374.0 0.85995525 1.7220494 0.6621424 -2.435525 1.4839005 3.4432049 1.234904170036316 0.9673676490783691
Pedestrian 0.0 0 1.9695627689361572 486.7938232421875 152.62657165527344 527.681396484375 240.4668731689453 0.78298897 1.7417157 0.572162 -1.9569318 1.1704551 14.69367 1.8371599912643433 0.9398511648178101
Pedestrian 0.0 0 0.39013180136680603 559.95947265625 155.55397033691406 613.1937255859375 248.6426544189453 0.79438084 1.6862953 0.6981901 -0.31219232 1.2175531 13.478333 0.3669734001159668 0.9054332375526428
Pedestrian 0.0 0 0.43786606192588806 837.7501831054688 140.40879821777344 912.8916625976562 285.98828125 0.7731387 1.8579551 0.5734105 3.627575 1.3348632 9.642032 0.7977104187011719 0.7652536630630493
Pedestrian 0.0 0 1.2750122547149658 559.623291015625 153.57603454589844 583.7342529296875 201.7736358642578 0.92652655 1.6341993 0.58839554 -1.06029 0.6884784 24.888079 1.232435703277588 0.4812358617782593
Pedestrian 0.0 0 1.5532093048095703 357.7518005371094 155.9940185546875 398.04229736328125 258.7547302246094 0.82765454 1.7142018 0.6476843 -3.9315164 1.2900099 12.475482 1.2479215860366821 0.40817591547966003
Pedestrian 0.0 0 -1.7160084247589111 341.1341857910156 155.55560302734375 396.1772766113281 296.7203674316406 0.83016694 1.6766539 0.53836906 -2.980347 1.3698494 9.020933 -2.035099744796753 0.19555599987506866
Pedestrian 0.0 0 2.463282585144043 735.700927734375 161.9969024658203 813.8892822265625 301.1451416015625 0.75075024 1.7386389 0.6583731 2.2235389 1.4962872 9.431949 2.694800853729248 0.16211846470832825
Pedestrian 0.0 0 -2.375650644302368 539.6749267578125 157.53656005859375 563.5767211914062 205.62046813964844 0.70954543 1.7461293 0.5318286 -1.8602473 0.8769625 26.514675 -2.445694923400879 0.10174233466386795
Pedestrian 0.0 0 1.4062060117721558 636.2012939453125 157.38833618164062 658.077880859375 218.16534423828125 0.7676156 1.7075801 0.5046602 1.2748393 1.03129 20.587265 1.4680507183074951 0.07703300565481186
Pedestrian 0.0 0 -2.021951913833618 523.1822509765625 157.51840209960938 552.4116821289062 226.1959991455078 0.6442747 1.7180319 0.5143587 -1.6640892 1.1192952 18.375786 -2.112264394760132 0.05622506141662598
Pedestrian 0.0 0 -2.039391279220581 736.8104248046875 154.29554748535156 778.496337890625 245.53952026367188 0.63039166 1.6794701 0.5431105 2.9099393 1.1799995 13.593318 -1.8285030126571655 0.05533109977841377
Cyclist 0.0 0 1.632637858390808 520.430419921875 162.16415405273438 545.0934448242188 233.05628967285156 1.730159 1.720996 0.52415675 -1.7687494 1.2527874 18.309471 1.536333680152893 0.8299135565757751
Cyclist 0.0 0 -2.0538387298583984 710.165771484375 162.30995178222656 807.765380859375 298.40118408203125 1.860414 1.7327155 0.5219952 2.1165607 1.4897217 10.109362 -1.8474533557891846 0.8112439513206482
Cyclist 0.0 0 -1.5487391948699951 638.3569946289062 155.1283721923828 658.0467529296875 220.33798217773438 1.740872 1.7769085 0.5254563 1.3138946 1.0594604 20.461243 -1.4846134185791016 0.24651961028575897
Cyclist 0.0 0 1.4982361793518066 574.6463012695312 153.5786895751953 607.7005615234375 255.98483276367188 1.6402686 1.8032856 0.4937577 -0.25108773 1.3128895 13.485863 1.4796197414398193 0.18448927998542786
Cyclist 0.0 0 1.9437830448150635 536.1375122070312 152.35096740722656 567.12548828125 203.499755859375 1.7755777 1.8253176 0.53538465 -1.8461406 0.78614694 26.55941 1.8743847608566284 0.1552664190530777
Cyclist 0.0 0 2.9733362197875977 278.71710205078125 152.94847106933594 428.5492248535156 292.46002197265625 1.699657 1.6143225 0.5412117 -3.1192558 1.285294 8.956407 2.638202667236328 0.10284170508384705
Cyclist 0.0 0 0.4135010540485382 0.0 112.15385437011719 313.7966003417969 374.0 1.8192396 1.815033 0.6099842 -2.4888015 1.5224385 3.5239673 -0.20140716433525085 0.0921906903386116
Cyclist 0.0 0 -1.750469446182251 836.9713745117188 140.8571319580078 909.0545043945312 291.29840087890625 1.7921703 1.821625 0.57658374 3.5483913 1.3308407 9.627769 -1.3973585367202759 0.07935717701911926
Cyclist 0.0 0 2.829416513442993 541.4911499023438 153.4457550048828 594.3925170898438 207.91574096679688 1.7530916 1.8418677 0.51869684 -1.1794304 0.8943085 24.83866 2.781968593597412 0.07639478147029877
Cyclist 0.0 0 2.2031733989715576 496.47607421875 153.29598999023438 529.3936157226562 196.98097229003906 1.5890342 1.8352976 0.586449 -3.8231447 0.65136504 31.012745 2.0805156230926514 0.0619259774684906
Cyclist 0.0 0 3.237626791000366 463.78106689453125 144.12326049804688 552.7857666015625 237.7744903564453 1.74698 1.8584275 0.5111922 -1.9064422 1.117966 14.537574 3.107231855392456 0.06134510040283203
