Pedestrian 0.0 0 -0.3660266399383545 556.8383178710938 173.6683807373047 591.0919799804688 228.4976806640625 0.9272079 1.6892929 0.5862447 -0.8925871 1.4491143 22.581564 -0.4055333137512207 0.9717893600463867
Pedestrian 0.0 0 -1.6561884880065918 376.40521240234375 171.86856079101562 439.154541015625 316.51519775390625 0.8181559 1.6008834 0.6390261 -2.3360155 1.4956416 8.442273 -1.9261386394500732 0.9553472399711609
Pedestrian 0.0 0 -1.4635279178619385 444.9820251464844 160.9279022216797 474.8793029785156 237.5380401611328 0.7186656 1.6757879 0.5859766 -3.199272 1.2270119 16.094355 -1.6597522497177124 0.3548125624656677
Pedestrian 0.0 0 -2.4263808727264404 477.80987548828125 176.32354736328125 519.0040283203125 248.9092254638672 0.68114305 1.5634378 0.59299016 -2.3160436 1.4531682 15.903232 -2.570997714996338 0.18044069409370422
Pedestrian 0.0 0 1.012962818145752 716.48779296875 161.6502227783203 747.8059692382812 225.82691955566406 0.7521518 1.6975616 0.5121742 3.501336 1.1736748 19.442528 1.1911394596099854 0.07922198623418808
Cyclist 0.0 0 3.300346851348877 441.309814453125 160.5843963623047 530.2489624023438 237.704345703125 1.8599281 1.6714228 0.70254433 -2.5781686 1.2193432 15.918832 3.1397838592529297 0.24757914245128632
Cyclist 0.0 0 -1.8915278911590576 853.7958374023438 132.0236053466797 969.9215698242188 312.1010437011719 1.9935639 1.8634678 0.6334641 3.5223212 1.3528421 8.448357 -1.4965176582336426 0.18343770503997803
Cyclist 0.0 0 1.9485814571380615 346.6824951171875 150.73887634277344 457.621337890625 325.14434814453125 1.9767538 1.8185687 0.57516587 -2.333231 1.4991773 8.501601 1.6807303428649902 0.07273589074611664
Cyclist 0.0 0 -0.1256856769323349 545.525390625 168.4492645263672 605.465576171875 227.49676513671875 1.8336673 1.8253725 0.52547526 -0.8480661 1.4230392 22.611916 -0.1631733775138855 0.06390295177698135
Cyclist 0.0 0 -1.654146432876587 716.7254638671875 158.84136962890625 746.1997680664062 228.09909057617188 1.8849704 1.7740093 0.6197497 3.4542754 1.194795 19.364481 -1.477621078491211 0.0562744066119194
Car 0.0 0 -1.9796785116195679 784.6730346679688 191.00491333007812 1085.660400390625 374.0 3.7418168 1.4952695 1.5034999 3.2314227 1.6260232 7.8933167 -1.5911060571670532 0.40547430515289307
