Pedestrian 0.0 0 0.2723175287246704 1056.5377197265625 84.48004150390625 1238.0 374.0 0.7333091 1.7216579 0.59811884 2.0326662 1.4562027 2.445258 0.9658360481262207 0.6236368417739868
Pedestrian 0.0 0 0.9568407535552979 220.29855346679688 129.9389190673828 388.1630859375 374.0 0.7510585 1.8260267 0.694981 -1.9618702 1.5297438 4.6383314 0.5566916465759277 0.47304028272628784
Pedestrian 0.0 0 0.35921502113342285 992.0293579101562 79.87158203125 1203.582275390625 374.0 0.7301058 1.7167959 0.63971925 2.5082173 1.25853 3.7295964 0.9512569904327393 0.16220171749591827
Pedestrian 0.0 0 -1.7995760440826416 538.724853515625 165.45147705078125 559.0286865234375 213.17098999023438 0.6561374 1.6634641 0.5823576 -1.8873271 1.1050892 25.437943 -1.8736337423324585 0.11823811382055283
Pedestrian 0.0 0 -0.09006732702255249 1044.8646240234375 145.62570190429688 1127.4322509765625 327.1301574707031 0.59868115 1.6339684 0.59623635 4.563621 1.3123949 6.8687897 0.49636411666870117 0.11027165502309799
Pedestrian 0.0 0 -0.27318960428237915 949.0866088867188 105.53963470458984 1205.734130859375 374.0 0.7201625 1.8221979 0.71869636 1.8752453 1.5499178 3.0310037 0.28085780143737793 0.08561961352825165
Pedestrian 0.0 0 -1.4289910793304443 585.7874755859375 161.55325317382812 597.6021728515625 190.88290405273438 0.7574566 1.8580493 0.65562254 -0.61286503 0.59512717 45.92193 -1.442336082458496 0.07922331243753433
Pedestrian 0.0 0 1.5271202325820923 584.3505859375 164.31390380859375 593.9087524414062 189.39071655273438 0.52567977 1.6984158 0.62804514 -0.8283822 0.5350886 48.930565 1.5101921558380127 0.0646694079041481
Pedestrian 0.0 0 0.9274327754974365 1211.14111328125 153.20928955078125 1238.0 374.0 0.5927415 1.4992114 0.4897303 4.6813445 1.3160931 5.0039725 1.6795321702957153 0.06418796628713608
Cyclist 0.0 0 1.7285531759262085 536.5342407226562 166.00216674804688 558.627685546875 216.73858642578125 1.7484157 1.7315366 0.5140747 -1.9145404 1.2036983 25.4052 1.6533352136611938 0.20941631495952606
Cyclist 0.0 0 -2.1435534954071045 991.3217163085938 166.34361267089844 1165.34423828125 358.42816162109375 1.6799922 1.5870361 0.5207408 4.346678 1.4632002 6.772957 -1.5729858875274658 0.15298183262348175
Cyclist 0.0 0 2.3277270793914795 903.8079833984375 90.91088104248047 1238.0 374.0 1.7222481 1.7083241 0.5941663 2.4355726 1.308224 3.6649075 2.914273977279663 0.06943506747484207
Cyclist 0.0 0 2.3921871185302734 887.7818603515625 67.4496841430664 1238.0 374.0 1.7559158 1.8440523 0.521812 1.9913609 1.4718658 2.7114117 3.025653123855591 0.056193429976701736
Cyclist 0.0 0 0.8776711821556091 1208.646728515625 142.67752075195312 1238.0 374.0 1.7693163 1.5435803 0.43246952 4.9768896 1.3290805 4.894499 1.6714155673980713 0.05582815408706665
Car 0.0 0 1.6012370586395264 571.171142578125 165.58815002441406 595.9595336914062 189.8730926513672 4.051769 1.5480149 1.5292151 -1.1448728 0.53444415 47.81764 1.5772991180419922 0.7307312488555908
