Pedestrian 0.0 0 1.8737863302230835 1066.794189453125 125.94017791748047 1151.2218017578125 286.82373046875 0.64483 1.9291688 0.7211872 6.2583485 1.3669789 9.132044 2.4745900630950928 0.0530974417924881
Cyclist 0.0 0 1.839900016784668 348.2505798339844 171.3121337890625 423.40997314453125 299.9951171875 1.7806394 1.727191 0.60320497 -3.2948732 1.7068537 10.581498 1.538035273551941 0.9974914789199829
Car 0.0 0 -1.7154523134231567 637.1314086914062 179.1035919189453 707.5607299804688 232.00572204589844 3.9777834 1.451411 1.5875973 1.7874298 1.6626691 22.310328 -1.6355063915252686 0.99934321641922
Car 0.0 0 2.440192699432373 947.0787353515625 179.63465881347656 1242.0 361.3769226074219 4.041901 1.4545375 1.6742762 5.488456 1.5260905 6.7049623 3.126152515411377 0.9989904761314392
Car 0.0 0 -1.5953084230422974 621.1976928710938 176.88758850097656 652.5597534179688 207.51324462890625 3.7688918 1.491877 1.5285853 1.3203703 1.7126703 37.536728 -1.5601475238800049 0.9945870637893677
Car 0.0 0 3.4693799018859863 257.2117919921875 181.09046936035156 437.9022521972656 241.79083251953125 4.196919 1.5140988 1.5916494 -6.875952 1.7415426 19.05613 3.1230931282043457 0.9901248216629028
Car 0.0 0 -0.553800106048584 874.4030151367188 166.20114135742188 1226.161865234375 309.2187194824219 3.5277824 1.6526237 1.5635093 5.3568406 1.5761051 9.15984 -0.02461853250861168 0.9887415766716003
Car 0.0 0 0.4100784659385681 203.96343994140625 180.0740509033203 402.58013916015625 250.56253051757812 3.8438349 1.5162982 1.6838576 -6.9772906 1.6910222 16.55896 0.01129460334777832 0.9449280500411987
Car 0.0 0 -2.893378257751465 382.01141357421875 176.99826049804688 484.3594665527344 216.0945281982422 3.8280535 1.5661019 1.6929426 -7.3216176 1.7434278 29.945738 -3.1331701278686523 0.7900285124778748
Car 0.0 0 -2.7873826026916504 321.2125549316406 179.34564208984375 452.2989501953125 227.75563049316406 3.878265 1.548288 1.6533598 -7.485314 1.7752819 24.255766 -3.086709976196289 0.7839875221252441
Car 0.0 0 0.49891406297683716 256.6707763671875 184.56800842285156 383.6166687011719 237.15577697753906 3.1359725 1.4631244 1.5711086 -8.618184 1.8276441 21.464834 0.11711311340332031 0.35132282972335815
Car 0.0 0 -2.921708106994629 417.1543273925781 180.8108367919922 496.6199645996094 211.75668334960938 3.3487673 1.3846531 1.5662977 -7.105677 1.7632506 33.495327 -3.1307485103607178 0.27596598863601685
Car 0.0 0 3.099881649017334 451.40716552734375 175.5073699951172 510.2711181640625 200.441650390625 3.5658517 1.513565 1.6745398 -8.15186 1.6848025 45.258915 2.9216761589050293 0.16187745332717896
Car 0.0 0 -1.2858351469039917 1181.0657958984375 173.87911987304688 1242.0 375.0 4.0688753 1.3998545 1.6740252 5.463165 1.4082259 4.133103 -0.36271238327026367 0.11668825149536133
