Pedestrian 0.0 0 -0.748740553855896 500.7489929199219 176.83648681640625 518.9517211914062 212.6186065673828 0.6250753 1.7265531 0.6251258 -4.944708 1.9244673 35.35034 -0.8877160549163818 0.05507979542016983
Car 0.0 0 -1.6917130947113037 672.97509765625 181.2059783935547 742.611572265625 234.4928436279297 3.8832958 1.4040318 1.580213 2.7827475 1.6766031 21.566643 -1.563391923904419 0.9983789920806885
Car 0.0 0 0.8136497735977173 0.0 200.13418579101562 201.59652709960938 375.0 4.004065 1.4574273 1.5787156 -6.08388 1.7318518 6.3572235 0.050219058990478516 0.9976826906204224
Car 0.0 0 0.6248248815536499 0.0 190.07777404785156 295.595458984375 329.4055480957031 4.1599755 1.5244621 1.6436325 -6.3829875 1.7578198 8.927693 0.004125833511352539 0.9972883462905884
Car 0.0 0 3.469905138015747 237.6211700439453 183.38352966308594 442.07843017578125 253.5787811279297 4.1433525 1.5242546 1.6950619 -6.2266107 1.7834952 16.836306 3.1156725883483887 0.9970682263374329
Car 0.0 0 -1.9264286756515503 768.330322265625 176.307373046875 1045.1710205078125 367.51177978515625 3.347574 1.5763106 1.5503273 2.787149 1.6215078 7.6861176 -1.578554630279541 0.9967601895332336
Car 0.0 0 0.3426346480846405 293.4613037109375 179.9942169189453 469.745361328125 241.48568725585938 4.1162844 1.525384 1.6363581 -5.9730744 1.7226548 18.999952 0.03804421424865723 0.9967054724693298
Car 0.0 0 0.3146792948246002 341.60455322265625 176.221923828125 487.7205810546875 227.6839141845703 4.337734 1.6200463 1.7096179 -6.4149675 1.7360283 23.803087 0.051432132720947266 0.9926605224609375
Car 0.0 0 -2.5836291313171387 4.159820556640625 168.15480041503906 326.4098815917969 290.1431884765625 4.0566278 1.7802964 1.7081228 -6.9023633 1.7120742 11.409538 -3.1276907920837402 0.9923753142356873
Car 0.0 0 3.435096025466919 315.63153076171875 177.63389587402344 461.8252258300781 230.97225952148438 3.8500109 1.5122184 1.5922282 -6.5287046 1.659659 21.39863 3.138967752456665 0.9916001558303833
Car 0.0 0 -1.6599372625350952 632.7310791015625 178.1639404296875 658.0530395507812 197.9215545654297 3.8122196 1.4311199 1.5971837 2.6507459 1.8522754 55.239742 -1.611987829208374 0.99128657579422
Car 0.0 0 -3.3450703620910645 722.709716796875 175.7625732421875 853.7203979492188 218.57557678222656 4.4156103 1.5116256 1.7306032 6.427112 1.6227726 26.540863 -3.107484817504883 0.9817480444908142
Car 0.0 0 3.3857312202453613 365.9955139160156 178.24609375 475.9146728515625 222.44528198242188 3.6037781 1.5507039 1.585732 -6.8794813 1.7538825 26.323982 3.1301093101501465 0.9764101505279541
Car 0.0 0 3.3572781085968018 393.2286376953125 177.87709045410156 503.4508361816406 217.42025756835938 4.0292015 1.5210788 1.6870053 -6.4349327 1.728019 28.820013 3.137601375579834 0.9568074345588684
Car 0.0 0 -2.677482843399048 130.94358825683594 183.32908630371094 369.0920715332031 263.4219665527344 3.855017 1.4467564 1.5626804 -6.925216 1.6623385 14.030051 -3.1359963417053223 0.9461168646812439
Car 0.0 0 3.2386672496795654 441.8136291503906 181.59750366210938 516.8388671875 211.73663330078125 3.5175242 1.4297843 1.5459484 -6.4512477 1.873512 35.6712 3.0597481727600098 0.8250217437744141
Car 0.0 0 -2.9116644859313965 413.4102783203125 177.4892578125 509.2299499511719 215.0852508544922 3.779019 1.5651904 1.6101302 -6.4004283 1.7708731 31.102936 -3.1146135330200195 0.7913717031478882
Car 0.0 0 1.956166386604309 575.1025390625 180.20944213867188 615.2874755859375 201.16883850097656 4.047361 1.4910988 1.6673883 -1.11154 2.0750005 55.05268 1.935978651046753 0.11980322003364563
