Pedestrian 0.0 0 -0.8272034525871277 790.8580322265625 144.43292236328125 1033.5880126953125 375.0 0.8447701 1.5873832 0.7537824 1.4340978 1.4656028 3.6211486 -0.450120747089386 0.05097741633653641
Car 0.0 0 -2.30916166305542 904.8975830078125 197.23733520507812 1242.0 375.0 3.849784 1.4589673 1.6027516 2.9155586 1.6370151 3.3169062 -1.5880709886550903 0.9984708428382874
Car 0.0 0 -1.6856226921081543 653.8750610351562 181.14263916015625 708.6583862304688 224.34010314941406 4.0066833 1.4908998 1.6260014 2.6173747 1.8326331 27.694836 -1.5913949012756348 0.9982041120529175
Car 0.0 0 1.9233448505401611 202.72256469726562 186.4006805419922 446.1524353027344 329.3027038574219 4.2100635 1.4580712 1.6577551 -3.604653 1.6832621 9.865654 1.5730400085449219 0.997724711894989
Car 0.0 0 1.3826566934585571 669.816162109375 184.04730224609375 766.4486694335938 252.04568481445312 4.112591 1.5048264 1.706926 2.6273174 1.8286164 18.750603 1.521869421005249 0.9974258542060852
Car 0.0 0 1.7217190265655518 488.6802673339844 179.56283569335938 545.0883178710938 222.12493896484375 3.6355858 1.4561572 1.571376 -3.4703069 1.725561 27.0974 1.5943444967269897 0.9939868450164795
Car 0.0 0 1.773675560951233 421.0780944824219 177.8503875732422 513.5646362304688 247.23648071289062 3.6475914 1.5259016 1.5461203 -3.4847853 1.6633415 17.96118 1.5820388793945312 0.9936036467552185
Car 0.0 0 -1.6277509927749634 641.5224609375 180.87355041503906 675.4373779296875 210.29183959960938 3.473702 1.434678 1.5723804 2.4675772 1.8754479 37.878937 -1.5626990795135498 0.9359760880470276
Car 0.0 0 -1.6070283651351929 636.5545043945312 178.2987518310547 665.0208129882812 203.46434020996094 3.8026762 1.4358828 1.5846919 2.4115767 1.7820724 43.911076 -1.5521639585494995 0.9200215339660645
Car 0.0 0 1.683124303817749 526.3035888671875 176.22572326660156 563.6763305664062 204.27438354492188 3.7579482 1.4142659 1.5881318 -3.4779034 1.6044886 38.73109 1.5935683250427246 0.908113420009613
Car 0.0 0 -1.603097677230835 0.0 0.0 1242.0 375.0 3.8869865 1.6473603 1.6779255 0.05078772 1.7513946 1.4277353 -1.5675404071807861 0.13778093457221985
