Pedestrian 0.0 0 -1.8991141319274902 733.671875 163.86021423339844 746.1046142578125 190.10531616210938 0.85979587 1.8282405 0.6151489 9.100753 1.2020884 50.73098 -1.7216097116470337 0.22069481015205383
Cyclist 0.0 0 1.095531940460205 1142.792724609375 152.3324432373047 1242.0 345.9389343261719 1.6452671 1.7433352 0.54457295 6.104202 1.5589063 7.356359 1.7881728410720825 0.18933795392513275
Cyclist 0.0 0 -1.5861701965332031 735.361328125 165.07022094726562 743.1499633789062 190.9136199951172 1.7458365 1.7899675 0.5116324 9.08057 1.251204 50.875114 -1.4095426797866821 0.09232234954833984
Car 0.0 0 1.845168948173523 493.85467529296875 176.5675811767578 636.5817260742188 275.4873962402344 3.814553 1.4950019 1.5843112 -0.69754845 1.5732135 13.089392 1.7919281721115112 0.9986854195594788
Car 0.0 0 2.124337911605835 89.46928405761719 176.45895385742188 522.6478881835938 375.0 3.8178551 1.5672587 1.5401453 -2.182462 1.6090242 6.2548466 1.788622498512268 0.9943926334381104
Car 0.0 0 1.615825891494751 655.7391357421875 172.07261657714844 696.6942749023438 207.29464721679688 4.1003747 1.484215 1.6574099 3.0015254 1.4516466 32.546173 1.7077893018722534 0.9913017153739929
Car 0.0 0 -1.6947400569915771 768.3057861328125 171.61798095703125 795.95751953125 193.10940551757812 4.0031257 1.5979371 1.587896 13.228078 1.5063934 55.721382 -1.461658000946045 0.9835905432701111
Car 0.0 0 -1.9927632808685303 883.0584106445312 192.28472900390625 1242.0 375.0 3.3275492 1.5357327 1.5398844 3.0672102 1.7187554 5.033335 -1.4454758167266846 0.979588508605957
Car 0.0 0 -1.7173361778259277 792.9056396484375 179.80361938476562 874.2628784179688 242.2998809814453 3.5911624 1.5142097 1.5991827 5.979823 1.7234745 19.793562 -1.4239451885223389 0.95579993724823
Car 0.0 0 0.18194687366485596 505.590576171875 166.32435607910156 611.830810546875 211.9312744140625 3.7039669 1.6301957 1.6298302 -1.904422 1.3971548 26.803322 0.11101436614990234 0.9252577424049377
Car 0.0 0 -1.5696474313735962 795.574951171875 178.80184936523438 846.4952392578125 229.5725555419922 3.3415358 1.5301982 1.5159343 6.960798 1.7432708 23.985605 -1.287198781967163 0.3733569383621216
Car 0.0 0 2.6835036277770996 0.0 0.0 1242.0 375.0 4.064692 1.5062861 1.5495911 -2.7570825 1.6969248 1.303741 1.5544161796569824 0.3454112410545349
Car 0.0 0 -1.6017400026321411 680.2055053710938 169.97142028808594 712.026123046875 198.63868713378906 3.861863 1.532628 1.6481732 4.7629747 1.3788753 40.5671 -1.4848653078079224 0.2655206322669983
