Pedestrian 0.0 0 -2.2612974643707275 87.61588287353516 161.79376220703125 163.90982055664062 290.8093566894531 0.70622176 1.7551934 0.5768521 -6.884648 1.605082 10.18977 -2.8554887771606445 0.32529738545417786
Cyclist 0.0 0 2.262303352355957 56.102203369140625 155.55044555664062 196.7399444580078 294.8094482421875 1.8430084 1.7807266 0.6112629 -6.786377 1.5598209 10.171744 1.6739460229873657 0.21358193457126617
Car 0.0 0 -1.9027870893478394 748.4271850585938 190.89268493652344 969.9834594726562 328.2501220703125 3.7747798 1.3923023 1.5822977 3.0195894 1.6836021 9.723849 -1.6016939878463745 0.999438464641571
Car 0.0 0 -1.607666254043579 645.666748046875 181.40109252929688 678.2824096679688 210.6879119873047 3.638842 1.4040928 1.5485349 2.6235485 1.8706574 37.51004 -1.5378373861312866 0.997171938419342
Car 0.0 0 3.3725404739379883 357.4869079589844 181.31239318847656 485.7200927734375 228.09498596191406 3.8586607 1.4811507 1.633033 -6.2395096 1.7731456 24.013931 3.118332862854004 0.9885128736495972
Car 0.0 0 3.4820058345794678 264.8050231933594 178.63357543945312 420.98040771484375 240.88543701171875 3.5556388 1.5697181 1.6252521 -7.059324 1.7304189 19.180521 3.129345178604126 0.978196918964386
Car 0.0 0 0.31525951623916626 323.39013671875 178.37025451660156 473.14813232421875 231.86187744140625 4.0249424 1.5378237 1.6847981 -6.37297 1.71203 21.832127 0.031243085861206055 0.9512479901313782
Car 0.0 0 0.8028364777565002 0.0 190.55755615234375 179.9575653076172 375.0 3.4647827 1.5534714 1.6490749 -6.159463 1.7362468 6.5278606 0.046466827392578125 0.8969097137451172
Car 0.0 0 -2.8960814476013184 411.1820983886719 178.65057373046875 515.5125122070312 218.01870727539062 3.9264627 1.559125 1.6992949 -6.0414863 1.8063369 29.786905 -3.0961904525756836 0.7354915738105774
Car 0.0 0 1.0170810222625732 0.0 178.5714111328125 79.13826751708984 375.0 4.210376 1.6394577 1.7554038 -5.813419 1.6807773 4.1511827 0.0663907527923584 0.47919371724128723
Car 0.0 0 -1.7002664804458618 667.4531860351562 170.32247924804688 741.1439819335938 233.94126892089844 4.0576925 1.7500865 1.678221 2.7100682 1.6808054 21.880047 -1.5770338773727417 0.25078049302101135
Car 0.0 0 3.276798963546753 465.7305908203125 181.5904083251953 540.557373046875 207.88465881347656 3.8292358 1.3748835 1.6327378 -5.786518 1.8591094 39.12115 3.129951000213623 0.2299853265285492
