Car 0.0 0 -1.7128592729568481 711.1698608398438 182.8231201171875 778.9876098632812 232.69253540039062 4.005854 1.4731615 1.6582068 4.3823028 1.8354032 24.156895 -1.5334008932113647 0.9984340071678162
Car 0.0 0 -1.846604347229004 767.9277954101562 188.35862731933594 921.0046997070312 284.93438720703125 3.7819903 1.4198021 1.6221741 4.0116835 1.7432377 13.124836 -1.549966812133789 0.9980607628822327
Car 0.0 0 -1.7930164337158203 731.9820556640625 185.94760131835938 825.1094970703125 247.4754180908203 3.6161778 1.3864398 1.5810623 4.2353473 1.7614658 18.834858 -1.5718281269073486 0.9976322650909424
Car 0.0 0 1.774784803390503 483.18023681640625 185.7620391845703 543.4320678710938 227.85345458984375 3.8748145 1.5061872 1.650235 -3.8545985 2.061559 29.02988 1.642776608467102 0.9964854717254639
Car 0.0 0 -2.071897506713867 856.2089233398438 175.80755615234375 1242.0 375.0 4.3289704 1.6201075 1.7375739 3.9137082 1.6579139 6.9723444 -1.5604057312011719 0.9887056946754456
Car 0.0 0 -1.6516098976135254 700.2583618164062 181.67591857910156 747.6036376953125 222.38795471191406 3.8957298 1.5046401 1.5892224 4.555937 1.8905478 29.5309 -1.4985398054122925 0.9803928732872009
Car 0.0 0 1.674456238746643 572.087890625 182.1815643310547 598.2483520507812 203.22633361816406 3.990949 1.5330086 1.6420754 -1.9321502 2.2892387 56.420494 1.6402240991592407 0.9188255667686462
Car 0.0 0 -1.6934340000152588 686.4835815429688 184.29576110839844 731.9922485351562 219.96827697753906 4.283473 1.5436813 1.6451782 4.673496 2.1292534 34.751194 -1.5597516298294067 0.8777058720588684
Car 0.0 0 -2.083865165710449 901.9423217773438 167.87879943847656 1017.44580078125 227.4724884033203 3.2698152 1.5794946 1.5805264 9.91178 1.4479879 20.806328 -1.639289140701294 0.4811271131038666
Car 0.0 0 1.75004243850708 515.5831909179688 183.06735229492188 563.5630493164062 220.90911865234375 3.889093 1.6693017 1.6437966 -3.3845174 2.1923068 34.914646 1.6534074544906616 0.34091007709503174
