Pedestrian 0.0 0 1.5036706924438477 170.58258056640625 163.2801971435547 242.31741333007812 329.90606689453125 0.8143199 1.7182337 0.6352811 -4.4125905 1.5317161 7.919254 0.9953181743621826 0.9952800273895264
Pedestrian 0.0 0 0.06012037396430969 784.3209838867188 153.48907470703125 871.870361328125 318.51995849609375 0.9350255 1.808432 0.62719965 2.58867 1.50284 8.3276825 0.36150240898132324 0.9905851483345032
Pedestrian 0.0 0 -2.314603328704834 62.62775802612305 186.36859130859375 140.8190460205078 300.11572265625 0.778525 1.5635 0.52743596 -7.1617966 1.6365535 10.241588 -2.92484974861145 0.9856318235397339
Pedestrian 0.0 0 -3.3889005184173584 1004.654296875 166.5937957763672 1163.52978515625 374.0 0.932049 1.6448579 0.6560813 3.81469 1.5348724 5.8271375 -2.8092687129974365 0.8910064101219177
Pedestrian 0.0 0 2.9203293323516846 592.9012451171875 161.27059936523438 621.4366455078125 219.17889404296875 0.79491186 1.7740108 0.505221 0.1478411 1.1554027 22.334923 2.9269485473632812 0.7870176434516907
Pedestrian 0.0 0 2.878462791442871 610.0596313476562 161.0496368408203 642.1218872070312 224.18301391601562 0.79831475 1.7930883 0.59623444 0.6794051 1.2134085 20.78065 2.9111452102661133 0.7403661608695984
Pedestrian 0.0 0 0.8779951930046082 512.8305053710938 166.6321563720703 543.8642578125 227.96621704101562 0.7257759 1.695312 0.53072613 -2.0969138 1.2855079 20.296116 0.7750444412231445 0.4562956690788269
Pedestrian 0.0 0 1.5195800065994263 740.24462890625 162.33554077148438 766.1137084960938 236.94410705566406 0.656533 1.6807189 0.5476372 3.453516 1.250213 16.545937 1.725348711013794 0.4060891568660736
Pedestrian 0.0 0 1.560501217842102 0.0 186.7055206298828 34.75450897216797 350.120849609375 0.68889195 1.5033005 0.5777069 -6.028009 1.5592703 7.083567 0.8554356098175049 0.16679584980010986
Pedestrian 0.0 0 -2.079326868057251 627.99365234375 168.14183044433594 647.4240112304688 208.7030487060547 0.7822202 1.7031016 0.51007205 1.5280995 1.1431903 30.622753 -2.0294673442840576 0.10627777129411697
Pedestrian 0.0 0 -1.5727369785308838 622.3909301757812 166.72152709960938 634.4972534179688 205.05020141601562 0.7162404 1.8171444 0.5736919 1.2832646 1.117415 34.42132 -1.535473108291626 0.05983012169599533
Cyclist 0.0 0 -3.6121087074279785 941.3881225585938 149.41241455078125 1235.21484375 374.0 1.8551843 1.7058152 0.7064693 3.801973 1.4673376 5.818791 -3.0333499908447266 0.6411329507827759
Cyclist 0.0 0 -1.6753307580947876 629.9658203125 165.204833984375 646.4061889648438 209.97999572753906 1.9949423 1.8484135 0.49088964 1.5424337 1.1767004 30.661087 -1.6250672340393066 0.34121936559677124
Cyclist 0.0 0 3.4750537872314453 0.0 178.20953369140625 155.9165802001953 313.6474304199219 1.7686439 1.8128514 0.5827401 -7.4351573 1.7701341 10.151092 2.8428802490234375 0.10861221700906754
Cyclist 0.0 0 2.277195930480957 0.0 167.19654846191406 80.44349670410156 374.0 1.8796821 1.8165096 0.59513533 -6.1515274 1.6957927 7.0721183 1.561302661895752 0.06748656183481216
Cyclist 0.0 0 -1.4702479839324951 620.8023071289062 162.97589111328125 635.3099975585938 201.7852325439453 1.800353 1.8095802 0.5191449 1.2746366 0.9467692 34.418777 -1.4332317113876343 0.06667803972959518
Cyclist 0.0 0 2.3645644187927246 0.0 168.78970336914062 111.7329330444336 374.0 1.7314242 1.755897 0.55447894 -4.226734 1.6882648 4.7831135 1.6408402919769287 0.06636814773082733
Cyclist 0.0 0 -1.7679896354675293 612.2987060546875 164.23538208007812 638.8668823242188 227.90809631347656 1.638769 1.7838122 0.45759174 0.6614631 1.3012859 20.967672 -1.7364532947540283 0.06131724268198013
Cyclist 0.0 0 -3.4321579933166504 753.3023071289062 134.19947814941406 922.2595825195312 291.9726257324219 1.7229329 1.7323339 0.6456794 2.6187396 1.2143342 8.222715 -3.123837947845459 0.05237763747572899
Car 0.0 0 1.8061257600784302 368.87445068359375 164.6636199951172 487.3892822265625 245.15322875976562 4.372479 1.629096 1.6851467 -3.8919594 1.2895728 16.72823 1.5775341987609863 0.957687497138977
Car 0.0 0 1.7240337133407593 448.4146423339844 171.57472229003906 520.4828491210938 223.15818786621094 4.3577003 1.5383456 1.6843309 -3.7602055 1.2434752 23.60272 1.5660489797592163 0.8840376138687134
Car 0.0 0 1.8101928234100342 533.6973876953125 164.56385803222656 566.7640380859375 184.57666015625 4.3503876 1.5296034 1.6421999 -4.0066533 0.2357091 57.183136 1.7402400970458984 0.26800423860549927
