Pedestrian 0.0 0 0.5710324645042419 1004.1429443359375 148.0438690185547 1099.8486328125 299.9749755859375 0.7869924 1.7413335 0.59477645 5.4048476 1.359231 8.713607 1.1262280941009521 0.9218141436576843
Pedestrian 0.0 0 1.6521128416061401 559.0643310546875 168.68418884277344 573.1895141601562 203.24241638183594 0.78298604 1.7567929 0.6648411 -1.8169403 1.106161 36.916447 1.6029348373413086 0.875057578086853
Pedestrian 0.0 0 -1.3021924495697021 520.9149169921875 168.02862548828125 545.7409057617188 221.45823669433594 0.69817066 1.7249556 0.6510068 -2.2571793 1.2911329 23.588526 -1.3975917100906372 0.2975686192512512
Pedestrian 0.0 0 -1.7911746501922607 518.6007080078125 174.58412170410156 543.7011108398438 227.69134521484375 0.75316733 1.6440287 0.63849336 -2.2517772 1.4310472 22.692482 -1.8900809288024902 0.16720688343048096
Pedestrian 0.0 0 1.0921250581741333 453.5121765136719 172.8287353515625 480.5611877441406 227.8745880126953 0.64743865 1.7167197 0.61616725 -4.3024397 1.4473976 22.845003 0.9059736728668213 0.12744000554084778
Pedestrian 0.0 0 -1.6290262937545776 529.5279541015625 170.0189971923828 546.357177734375 216.9563446044922 0.76058286 1.6402138 0.5504683 -2.282094 1.2400763 25.516018 -1.718226671218872 0.054220426827669144
Cyclist 0.0 0 3.1765434741973877 496.2108154296875 168.0602264404297 554.609130859375 223.54005432128906 1.8026485 1.7159865 0.6825789 -2.4071782 1.3014076 22.619854 3.070523738861084 0.11784978210926056
Cyclist 0.0 0 2.249866485595703 973.7189331054688 143.21084594726562 1124.9794921875 304.9093933105469 1.7422727 1.8320171 0.59839046 5.3844647 1.3995585 8.70705 2.8037078380584717 0.07419407367706299
Cyclist 0.0 0 -1.9601502418518066 909.2298583984375 155.73785400390625 1063.9549560546875 374.0 1.6353717 1.6473885 0.5456254 3.110273 1.4613569 6.0614667 -1.4860601425170898 0.06629640609025955
Cyclist 0.0 0 1.9061552286148071 548.4625854492188 162.68014526367188 569.8038940429688 200.24513244628906 1.6021572 1.8918442 0.60660154 -2.17629 0.9449156 37.027565 1.8474478721618652 0.05036871135234833
Car 0.0 0 -1.7404745817184448 692.2449340820312 171.3638153076172 777.7340698242188 237.25222778320312 3.6863208 1.6162353 1.6505145 3.4784048 1.3687861 19.46707 -1.5636590719223022 0.9913329482078552
Car 0.0 0 -1.9296547174453735 833.759521484375 199.29713439941406 1178.334228515625 374.0 3.7261243 1.4059447 1.550568 3.4348085 1.6287014 7.0049872 -1.4737669229507446 0.5208417773246765
Car 0.0 0 -1.737255334854126 657.6199951171875 173.80569458007812 705.2330932617188 212.27711486816406 3.4180274 1.613386 1.543434 3.4811466 1.2916852 31.873035 -1.628467321395874 0.22520163655281067
Car 0.0 0 -2.52881121635437 1064.10400390625 186.1297149658203 1238.0 374.0 3.9320924 1.538129 1.5590271 3.421521 1.567029 2.2760847 -1.5450193881988525 0.21261553466320038
Car 0.0 0 -1.4562351703643799 507.72845458984375 177.5092010498047 566.5420532226562 226.9681854248047 3.414741 1.5385213 1.5822514 -2.1105912 1.4154897 24.070831 -1.543694019317627 0.1924326866865158
