Pedestrian 0.0 0 -1.250718355178833 674.8911743164062 175.80844116210938 696.90380859375 221.9157257080078 0.8344266 1.6307445 0.558285 2.7032576 1.7399099 26.07544 -1.1474167108535767 0.06808790564537048
Pedestrian 0.0 0 1.7496864795684814 605.332763671875 164.32618713378906 625.8582153320312 213.0953826904297 0.6994588 1.7317425 0.62701404 0.16191591 1.4292874 26.019754 1.7559092044830322 0.054635677486658096
Pedestrian 0.0 0 -2.3972110748291016 48.53882598876953 179.5915985107422 86.1833267211914 238.39561462402344 0.7339 1.6246104 0.4496862 -15.27444 1.8165176 20.250797 -3.0434353351593018 0.05134882777929306
Cyclist 0.0 0 -2.430164098739624 1203.63525390625 41.686580657958984 1242.0 375.0 1.5893397 1.8981438 0.5071785 3.2606943 1.513374 2.914914 -1.588832974433899 0.14724312722682953
Cyclist 0.0 0 -2.404587745666504 30.419803619384766 173.8688201904297 109.88084411621094 235.07919311523438 1.8389379 1.695156 0.6501899 -15.301424 1.7247894 20.402586 -3.0480728149414062 0.08235817402601242
Cyclist 0.0 0 -1.0462301969528198 110.42085266113281 176.09561157226562 163.24612426757812 241.5247802734375 1.6089325 1.7330232 0.48618534 -13.139284 1.8269455 20.006489 -1.6273367404937744 0.08070971071720123
Car 0.0 0 -1.8520193099975586 683.9869995117188 179.5905303955078 873.2813720703125 301.96319580078125 3.7775836 1.4272926 1.6329495 2.179843 1.5445714 10.573837 -1.6487131118774414 0.9980862140655518
Car 0.0 0 -0.6293173432350159 578.0829467773438 172.7029266357422 696.0936279296875 215.14456176757812 4.174481 1.4214264 1.4702743 0.97514755 1.4167246 25.936918 -0.5917381644248962 0.9975074529647827
Car 0.0 0 -1.005474328994751 775.28173828125 159.6129913330078 903.0191650390625 217.47361755371094 4.170722 1.5839033 1.6974779 6.9191723 1.2217958 21.738728 -0.6973252296447754 0.9654044508934021
Car 0.0 0 -1.0507936477661133 861.1981811523438 158.45150756835938 977.9450073242188 208.8524627685547 4.3588057 1.5728314 1.7035035 10.521022 1.1237401 24.50503 -0.6452516317367554 0.962898850440979
Car 0.0 0 -1.2156842947006226 1003.6071166992188 159.2213897705078 1091.219482421875 197.5832061767578 4.073777 1.4792707 1.7895159 18.052267 0.95394135 29.78757 -0.6708401441574097 0.7913346886634827
Car 0.0 0 -0.9794337749481201 935.6110229492188 160.54904174804688 1041.240478515625 203.11105346679688 3.9390006 1.5177504 1.6341616 14.336909 1.0793171 27.38455 -0.49713194370269775 0.762844443321228
Car 0.0 0 -0.7338704466819763 708.0211181640625 167.95872497558594 811.4830932617188 206.08609008789062 4.2769556 1.4754875 1.472554 6.1414576 1.2864033 29.635612 -0.5295304656028748 0.3638315498828888
