Cyclist 0.0 0 -3.510317802429199 1075.585205078125 151.04791259765625 1168.0968017578125 227.54417419433594 1.676974 1.7402463 0.55975944 11.901086 1.2445283 16.886864 -2.8964083194732666 0.0939258262515068
Cyclist 0.0 0 2.2030491828918457 0.0 194.19508361816406 217.175048828125 375.0 1.984056 1.6597346 0.58435273 -4.0387473 1.8598677 5.753877 1.5910375118255615 0.05192984640598297
Car 0.0 0 -1.7033987045288086 670.27783203125 182.9778594970703 733.3506469726562 228.62249755859375 3.9692335 1.4060689 1.645228 3.0636852 1.7866448 25.102058 -1.5819501876831055 0.9996880292892456
Car 0.0 0 -1.7317880392074585 686.7992553710938 186.24530029296875 771.0471801757812 246.39793395996094 3.8428807 1.376407 1.5966581 3.0199876 1.7705882 19.290897 -1.5764986276626587 0.999269425868988
Car 0.0 0 1.745715618133545 478.0585632324219 185.59056091308594 527.27490234375 218.90097045898438 3.839581 1.4497339 1.7076458 -5.155337 2.099232 34.828697 1.5987628698349 0.9951931238174438
Car 0.0 0 -2.3371334075927734 959.1143798828125 205.29251098632812 1242.0 375.0 3.9362776 1.4295887 1.629454 3.5684154 1.6897267 3.797783 -1.5828630924224854 0.9910935759544373
Car 0.0 0 -1.7357193231582642 653.1277465820312 181.1258087158203 680.9025268554688 202.45582580566406 3.6312585 1.476791 1.4623716 4.149285 2.1094308 53.277847 -1.6579960584640503 0.9733750820159912
Car 0.0 0 -3.039041519165039 965.158203125 158.92279052734375 1155.94189453125 226.7202606201172 3.9420452 1.5372328 1.702876 11.269336 1.221716 18.234388 -2.4854726791381836 0.9665775895118713
Car 0.0 0 1.7673687934875488 500.83245849609375 181.13417053222656 541.9381103515625 214.4527130126953 3.7509515 1.7182165 1.5656856 -4.908159 2.2008445 40.093815 1.6455579996109009 0.9014341235160828
Car 0.0 0 0.029813498258590698 872.8756103515625 164.87098693847656 1013.2041015625 213.48838806152344 4.1938043 1.5375726 1.7182299 11.205822 1.28546 24.51515 0.4585542678833008 0.6117303371429443
Car 0.0 0 2.3100357055664062 0.0 221.66128540039062 188.8076171875 375.0 4.0953245 1.488535 1.6021032 -4.848818 1.9612443 4.901622 1.5300531387329102 0.610384464263916
Car 0.0 0 1.7396392822265625 535.5980224609375 179.36019897460938 568.1828002929688 205.28517150878906 3.9275148 1.6707542 1.594249 -3.9770763 2.1361299 49.541176 1.659532904624939 0.11806312948465347
