Car 0.0 0 2.011500120162964 155.9305419921875 193.6006317138672 376.6340026855469 304.7734375 4.4669533 1.4851948 1.7135429 -5.773396 1.9159621 12.720496 1.5854361057281494 0.9994797110557556
Car 0.0 0 -2.0260539054870605 809.8453979492188 178.57273864746094 1224.4090576171875 375.0 3.9767528 1.5525707 1.6583792 3.2493281 1.6231751 6.8613515 -1.583773136138916 0.9990621209144592
Car 0.0 0 1.869365930557251 330.5906677246094 187.59764099121094 433.8681640625 255.7729034423828 3.6047626 1.5074185 1.5281911 -5.7717595 1.9234843 18.536655 1.567510724067688 0.9977218508720398
Car 0.0 0 -1.8270918130874634 735.5010986328125 177.64959716796875 896.9075927734375 284.4504699707031 3.9874866 1.5103351 1.6319331 3.2619536 1.6062186 12.375012 -1.5693621635437012 0.9967607855796814
Car 0.0 0 -1.7050848007202148 689.4117431640625 181.89210510253906 758.3963012695312 233.65603637695312 3.7418635 1.4223318 1.6028416 3.394756 1.7264651 22.364742 -1.5544441938400269 0.9957549571990967
Car 0.0 0 1.8378697633743286 428.7659606933594 183.81617736816406 496.7637023925781 227.2425537109375 3.834274 1.485 1.5933189 -5.594024 1.9350512 27.62995 1.6381076574325562 0.9956719875335693
Car 0.0 0 -1.6623717546463013 656.6895751953125 177.66712951660156 694.9356689453125 208.4020538330078 3.829433 1.45093 1.5762856 3.248308 1.7080865 36.576996 -1.5737967491149902 0.9932664632797241
Car 0.0 0 2.427241325378418 0.0 215.26539611816406 99.32652282714844 375.0 4.2124176 1.4549359 1.6464514 -6.006851 1.8821882 5.149074 1.5651042461395264 0.9864693880081177
Car 0.0 0 -1.691569447517395 673.973388671875 179.03810119628906 733.2073974609375 222.1619110107422 4.2725863 1.5023088 1.7473993 3.486881 1.7600344 27.886576 -1.5671770572662354 0.9842047095298767
Car 0.0 0 1.705772876739502 499.0205993652344 179.9574737548828 533.9927368164062 206.7228240966797 3.8721783 1.4791806 1.5538728 -5.538783 1.9204726 42.84423 1.5772087574005127 0.9702455401420593
Car 0.0 0 -1.0263936519622803 1078.7054443359375 151.20755004882812 1242.0 305.47967529296875 4.296775 1.601324 1.6221955 8.111727 1.3769947 8.870297 -0.2856349050998688 0.9615973830223083
Car 0.0 0 0.7138435244560242 0.0 182.538330078125 126.45138549804688 238.12185668945312 3.7492676 1.3777157 1.5285314 -15.157241 1.6445965 19.01453 0.04084897041320801 0.18616996705532074
