Car 0.0 0 2.0814619064331055 100.66993713378906 197.2567901611328 361.12164306640625 321.337890625 4.4328 1.4651496 1.7127913 -5.789163 1.9362912 11.66099 1.6206539869308472 0.9996358156204224
Car 0.0 0 -1.8587367534637451 745.7789306640625 177.96224975585938 934.4402465820312 299.5573425292969 4.0154586 1.5226715 1.6327454 3.2620351 1.6166775 11.213375 -1.5756440162658691 0.9987455606460571
Car 0.0 0 1.903417944908142 311.3382263183594 190.5456085205078 426.5052185058594 262.2581481933594 3.5998836 1.469828 1.5458795 -5.751405 1.9435313 17.490955 1.585733413696289 0.9982241988182068
Car 0.0 0 -2.064419984817505 840.5833740234375 176.83616638183594 1242.0 375.0 4.008679 1.5942345 1.671838 3.2652073 1.6380308 5.851016 -1.5554112195968628 0.9966837763786316
Car 0.0 0 1.8370823860168457 420.25018310546875 183.2808074951172 491.66937255859375 229.5335235595703 3.823181 1.517556 1.6135687 -5.6111064 1.9292557 26.50729 1.6284801959991455 0.9966402053833008
Car 0.0 0 -1.7128897905349731 694.4585571289062 182.28182983398438 768.2915649414062 237.44476318359375 3.6997962 1.4247143 1.6004149 3.4132314 1.7256056 21.133862 -1.5527671575546265 0.9946551322937012
Car 0.0 0 -1.6696531772613525 656.4317626953125 177.0146484375 697.2009887695312 207.7530517578125 3.9509861 1.4066578 1.6051515 3.1972284 1.6233768 35.535892 -1.5799229145050049 0.9930451512336731
Car 0.0 0 -1.7178057432174683 674.5169677734375 178.53240966796875 736.5742797851562 223.63848876953125 4.1794047 1.5176963 1.6794388 3.4314497 1.7464424 26.91156 -1.5909817218780518 0.9799460768699646
Car 0.0 0 1.7285118103027344 494.1007385253906 178.7386474609375 532.1394653320312 207.07725524902344 4.0064 1.5263808 1.571271 -5.584499 1.8835292 41.722614 1.5954543352127075 0.9713290929794312
Car 0.0 0 -2.5811076164245605 541.8531494140625 172.7432403564453 590.6343383789062 189.8579559326172 4.1589513 1.5047637 1.6434399 -3.980625 1.4953833 65.153786 -2.642127513885498 0.6782206296920776
Car 0.0 0 -2.4561357498168945 1162.58740234375 174.90338134765625 1242.0 375.0 4.120206 1.3845679 1.521521 7.235386 1.4090167 6.3915277 -1.6088906526565552 0.6337124109268188
