Pedestrian 0.0 0 0.6515538692474365 1212.5416259765625 97.87013244628906 1242.0 375.0 1.1046723 1.9766233 0.64623946 3.99567 1.6346903 3.8777294 1.4519305229187012 0.06553689390420914
Car 0.0 0 0.681647777557373 0.0 182.21817016601562 284.6753234863281 342.1174011230469 4.2338176 1.5628741 1.6916094 -6.183406 1.679568 8.058366 0.027148962020874023 0.9991746544837952
Car 0.0 0 -1.7195051908493042 669.9929809570312 177.37159729003906 743.05419921875 232.83135986328125 3.9939122 1.5034455 1.5973568 2.7833426 1.6535478 21.899664 -1.5930877923965454 0.9984424710273743
Car 0.0 0 -1.8505384922027588 714.8471069335938 177.49107360839844 908.5374145507812 304.15380859375 4.1152825 1.5065999 1.6245238 2.69912 1.5898932 10.817262 -1.6060118675231934 0.998432457447052
Car 0.0 0 -1.631346583366394 647.9593505859375 177.0370635986328 686.9400634765625 210.2816162109375 3.9229674 1.4503047 1.5810386 2.6105523 1.6589196 33.945393 -1.5545932054519653 0.9975183010101318
Car 0.0 0 3.6911559104919434 0.0 183.96932983398438 333.8393859863281 302.09600830078125 4.1185513 1.5393697 1.6140769 -6.389578 1.7119787 10.365833 3.1387593746185303 0.9946448802947998
Car 0.0 0 -1.7439125776290894 688.9379272460938 182.57154846191406 791.7503051757812 254.97193908691406 3.7689028 1.4149134 1.6495457 2.7963521 1.662882 16.493887 -1.5759707689285278 0.994611382484436
Car 0.0 0 0.36039063334465027 182.21307373046875 179.06459045410156 401.7767333984375 257.4377136230469 3.8920677 1.5326931 1.6631262 -6.6020045 1.6717377 15.182275 -0.04979298263788223 0.9924740195274353
Car 0.0 0 0.4607084095478058 109.32947540283203 182.3416748046875 369.9571228027344 270.5298767089844 3.8718894 1.4674363 1.5983213 -6.5753813 1.6493837 12.992918 -0.007786768488585949 0.9861966967582703
Car 0.0 0 -2.2353217601776123 0.0 186.95028686523438 97.57189178466797 375.0 3.8607728 1.5147682 1.6489592 -6.4399557 1.639805 5.4775424 -3.101301431655884 0.9835312366485596
Car 0.0 0 -2.826467514038086 347.8038635253906 172.07815551757812 483.0995788574219 224.45620727539062 4.123465 1.7104814 1.6659358 -6.58383 1.6855034 24.500338 -3.088989734649658 0.956645667552948
Car 0.0 0 0.36395958065986633 254.00811767578125 170.40504455566406 451.0259704589844 245.5841522216797 4.1583114 1.7289153 1.736371 -6.186726 1.6729541 17.509132 0.024309873580932617 0.932427167892456
Car 0.0 0 0.1346229910850525 410.28436279296875 179.77627563476562 506.14581298828125 214.00221252441406 3.9885528 1.4583982 1.6541703 -6.7297373 1.7760618 32.102825 -0.07201546430587769 0.8235251903533936
Car 0.0 0 0.15672330558300018 449.7633361816406 176.95660400390625 527.4760131835938 207.44712829589844 3.717364 1.5175307 1.6422873 -6.212406 1.7329049 36.973633 -0.009744378738105297 0.7959651350975037
Car 0.0 0 -2.8117709159851074 324.0177917480469 177.98423767089844 469.2325134277344 228.91221618652344 3.8859763 1.4607358 1.6231345 -6.411558 1.6222517 21.768066 -3.0982108116149902 0.554553747177124
Car 0.0 0 0.2610774040222168 280.121826171875 172.73876953125 447.0427551269531 236.46788024902344 3.996269 1.6481597 1.6939925 -6.640943 1.6455379 19.632814 -0.06509818136692047 0.3541106581687927
