Cyclist 0.0 0 1.727012038230896 507.046630859375 179.9940185546875 518.064697265625 201.57965087890625 1.7359127 1.6883261 0.614972 -7.8357706 2.2701724 57.885426 1.5924630165100098 0.07709985226392746
Car 0.0 0 -1.8292502164840698 735.5590209960938 182.84364318847656 919.422119140625 306.3811340332031 4.15888 1.5118325 1.6416689 3.0733502 1.6968771 11.250807 -1.5625888109207153 0.9995200634002686
Car 0.0 0 -1.767173409461975 698.5514526367188 181.54095458984375 796.412841796875 254.1532440185547 3.5601144 1.4824883 1.5615083 3.0611775 1.7085583 16.951286 -1.5885121822357178 0.999377965927124
Car 0.0 0 1.821720838546753 387.8668518066406 191.46292114257812 500.5317687988281 269.6187744140625 3.7881186 1.466879 1.5847415 -3.6662037 1.9389529 16.37003 1.6013981103897095 0.9981169700622559
Car 0.0 0 -2.082163095474243 811.2719116210938 196.73065185546875 1242.0 375.0 4.0306525 1.4163629 1.6340402 2.753862 1.650868 5.0480843 -1.582761287689209 0.9980900883674622
Car 0.0 0 2.098405361175537 0.0 212.79624938964844 377.8576965332031 375.0 4.0818586 1.3162205 1.6458486 -3.5675628 1.7768476 6.262891 1.5806121826171875 0.9979426264762878
Car 0.0 0 1.8644150495529175 280.5276794433594 194.29051208496094 443.4707946777344 312.6948547363281 3.4736238 1.5091294 1.5036534 -3.8374817 1.9059331 11.585403 1.5445549488067627 0.9973924160003662
Car 0.0 0 -1.6940810680389404 645.0260009765625 183.98348999023438 684.9577026367188 214.89215087890625 3.787164 1.5085694 1.6634039 2.8498397 2.133207 38.537613 -1.6202658414840698 0.9856817722320557
Car 0.0 0 -2.118535041809082 741.1048583984375 181.19021606445312 821.7608032226562 218.7993927001953 3.9630334 1.466161 1.5419815 7.278793 1.8514366 31.190327 -1.8892712593078613 0.5213038325309753
Car 0.0 0 1.6239733695983887 602.0401000976562 185.79554748535156 627.0932006835938 209.3150177001953 3.9548073 1.5918689 1.6371716 0.34196836 2.5806313 53.081703 1.6304155588150024 0.4809703528881073
Car 0.0 0 -3.0037035942077637 0.0 0.0 1242.0 375.0 3.682556 1.4631385 1.5477152 2.6632862 1.5715204 0.44557303 -1.598673939704895 0.19686181843280792
