Pedestrian 0.0 0 -1.9928920269012451 704.6419677734375 163.95578002929688 728.762939453125 213.93099975585938 0.79355556 1.8797299 0.6432708 4.0349736 1.545397 27.606222 -1.8477579355239868 0.5577795505523682
Pedestrian 0.0 0 1.189159870147705 387.7424011230469 175.01687622070312 440.4533386230469 278.3845520019531 0.85900897 1.7811078 0.6394284 -3.5843205 1.8220109 12.98774 0.9198853969573975 0.3195571005344391
Pedestrian 0.0 0 1.4713129997253418 421.3356018066406 177.11375427246094 460.0956115722656 269.8082275390625 0.8535987 1.6644485 0.62103415 -3.2287912 1.7475327 13.504839 1.2366342544555664 0.07125198096036911
Cyclist 0.0 0 1.6761932373046875 503.92779541015625 173.94815063476562 524.1712646484375 221.7757568359375 1.6959144 1.7372932 0.5815122 -3.635607 1.7800499 27.101341 1.5428407192230225 0.9819045662879944
Cyclist 0.0 0 1.7983455657958984 420.1085205078125 172.91680908203125 474.9048156738281 280.3778076171875 1.7457684 1.8336673 0.60193217 -2.988539 1.8352491 13.18455 1.5754424333572388 0.9287413358688354
Cyclist 0.0 0 1.9261541366577148 373.75714111328125 174.14964294433594 442.79180908203125 279.1455383300781 1.6579226 1.7421279 0.6497503 -3.6051288 1.7670839 12.843007 1.652489423751831 0.9204356074333191
Cyclist 0.0 0 1.3376100063323975 705.6790161132812 160.93067932128906 731.8641967773438 212.12863159179688 1.7800866 1.891296 0.5895014 4.0969515 1.4511963 27.56346 1.4851666688919067 0.08637501299381256
Car 0.0 0 1.7498130798339844 492.390625 181.36940002441406 536.272705078125 210.58135986328125 3.9044266 1.4834344 1.7319521 -5.2536674 1.976922 39.79046 1.6185389757156372 0.997171938419342
Car 0.0 0 2.315988540649414 0.0 203.56484985351562 181.75616455078125 375.0 3.76944 1.52424 1.578763 -4.9634147 1.8233914 5.113155 1.5454494953155518 0.993370771408081
Car 0.0 0 -1.5910594463348389 640.1085815429688 173.62451171875 670.388671875 202.1322479248047 3.744453 1.5867412 1.681858 2.5703871 1.6341642 42.165867 -1.530175805091858 0.9426142573356628
Car 0.0 0 -2.5813255310058594 0.0 0.0 1242.0 375.0 3.7516778 1.5523996 1.5959051 2.5270984 1.5620232 1.5207376 -1.552250862121582 0.785618245601654
Car 0.0 0 1.7227951288223267 376.11016845703125 186.4874725341797 455.2958984375 250.3336639404297 3.7971876 1.5893265 1.6389685 -5.534739 2.0196846 20.778513 1.4624712467193604 0.543826699256897
