Pedestrian 0.0 0 2.050992488861084 1005.5158081054688 148.08563232421875 1042.6600341796875 222.23910522460938 0.72121346 1.9845248 0.620063 11.294098 1.322022 19.763134 2.570172071456909 0.06004776060581207
Pedestrian 0.0 0 2.1255617141723633 980.1743774414062 147.38014221191406 1021.2279663085938 220.269775390625 0.7672521 1.9460002 0.68775046 10.645029 1.2662596 19.75011 2.6199095249176025 0.05497238412499428
Car 0.0 0 -1.6700299978256226 651.8713989257812 181.61770629882812 706.591552734375 226.24905395507812 3.9516454 1.4761523 1.6074203 2.4364007 1.823969 26.622229 -1.5787667036056519 0.9992673993110657
Car 0.0 0 -1.7099055051803589 667.1722412109375 183.6035919189453 742.3510131835938 240.3246307373047 3.7544396 1.4321023 1.6202253 2.5904846 1.7708349 20.820324 -1.5861207246780396 0.9985968470573425
Car 0.0 0 1.7356492280960083 468.6399230957031 185.96197509765625 514.3416137695312 219.3996124267578 3.7804277 1.5237666 1.6686172 -5.932938 2.2171721 36.254128 1.5734384059906006 0.997597873210907
Car 0.0 0 2.2089507579803467 0.0 212.33457946777344 229.86199951171875 375.0 3.9985707 1.4923205 1.655522 -5.0755134 1.9394906 6.1219993 1.516739010810852 0.9962158799171448
Car 0.0 0 -2.145772933959961 865.5293579101562 196.147705078125 1242.0 375.0 3.7977421 1.4583515 1.6077904 3.408393 1.6986172 5.5130267 -1.5920469760894775 0.9957507848739624
Car 0.0 0 -3.0365171432495117 923.7352294921875 162.42149353027344 1089.9058837890625 222.56321716308594 3.870158 1.5113993 1.6593821 10.856828 1.2495818 19.912136 -2.5373382568359375 0.9573966264724731
Car 0.0 0 1.800590991973877 490.067138671875 180.1212158203125 533.3759765625 212.1136474609375 3.8739333 1.7047613 1.6208714 -5.613106 2.1419268 41.361393 1.6657061576843262 0.8867439031600952
Car 0.0 0 -3.038029670715332 839.5067138671875 167.26766967773438 968.714599609375 210.8432159423828 4.203099 1.4811137 1.7310724 10.646605 1.2915944 26.272673 -2.6530187129974365 0.7639506459236145
Car 0.0 0 -1.6347649097442627 641.3539428710938 177.3753204345703 663.6412963867188 197.7701873779297 3.5421774 1.4718504 1.4556954 3.1641366 1.8256861 54.631756 -1.5769120454788208 0.5494333505630493
Car 0.0 0 -0.43693897128105164 898.9437255859375 157.0384063720703 1054.83203125 209.43360900878906 4.089791 1.5984057 1.6669406 11.503708 1.1162819 22.900549 0.02857351303100586 0.14209504425525665
