Pedestrian 0.0 0 0.6774650812149048 1138.7236328125 116.45648193359375 1238.0 374.0 0.6954399 1.8946023 0.723102 4.8025765 1.4211632 5.6509004 1.3818883895874023 0.9868457317352295
Pedestrian 0.0 0 -1.7215452194213867 536.1626586914062 168.02027893066406 560.5870361328125 223.38107299804688 0.7907097 1.7114416 0.6553788 -1.7062693 1.2958378 22.662931 -1.7966923713684082 0.9446271061897278
Pedestrian 0.0 0 -1.8077079057693481 669.8406372070312 170.98226928710938 695.25390625 228.2833709716797 0.9928488 1.821879 0.6028867 2.605053 1.4885714 23.367073 -1.6966824531555176 0.452207088470459
Pedestrian 0.0 0 0.05817803740501404 694.468994140625 172.5756378173828 720.265869140625 225.7276153564453 0.8002472 1.7053133 0.5856827 3.430956 1.4200845 23.411974 0.2036893367767334 0.43411800265312195
Pedestrian 0.0 0 -2.4292049407958984 607.4771118164062 171.08926391601562 624.8164672851562 203.17967224121094 0.67812175 1.758473 0.6860985 0.8146246 1.1888118 39.84212 -2.408761501312256 0.2708084285259247
Pedestrian 0.0 0 1.2241871356964111 785.273681640625 163.92593383789062 840.41162109375 268.3106689453125 0.8153092 1.718164 0.6611711 3.5490322 1.4301848 12.249261 1.506199598312378 0.20533044636249542
Pedestrian 0.0 0 0.8775014877319336 908.1801147460938 148.38815307617188 1059.7327880859375 374.0 0.86936325 1.7518917 0.53507507 2.6897652 1.5348302 5.2190895 1.3533698320388794 0.13410605490207672
Pedestrian 0.0 0 -2.2098958492279053 835.4107666015625 155.85643005371094 905.3056640625 276.27642822265625 0.8628667 1.7577055 0.6027488 4.052302 1.3847115 10.981394 -1.8563823699951172 0.0686228945851326
Pedestrian 0.0 0 2.7670459747314453 740.5260009765625 147.6417999267578 808.16162109375 270.8939514160156 0.944769 1.9936697 0.589823 2.8303924 1.4472873 11.975832 2.999129295349121 0.05099950358271599
Cyclist 0.0 0 -0.2549988627433777 673.2271118164062 167.02259826660156 730.594970703125 223.98757934570312 1.7650251 1.8368045 0.6169508 3.2635531 1.3710853 23.569431 -0.11740821599960327 0.5679647326469421
Cyclist 0.0 0 -3.533100128173828 845.0097045898438 130.9718017578125 1154.095947265625 374.0 1.8371302 1.8080828 0.6828516 2.7394576 1.4734974 5.1996474 -3.0482003688812256 0.09216722846031189
Cyclist 0.0 0 1.6230530738830566 609.206787109375 168.86599731445312 622.0636596679688 202.18894958496094 1.709639 1.8016866 0.62439644 0.790554 1.119428 39.71102 1.642958164215088 0.08082689344882965
Car 0.0 0 2.394364595413208 0.0 210.73895263671875 344.5691833496094 374.0 3.5869958 1.5502062 1.497942 -2.5856657 1.7427413 2.8420713 1.656171202659607 0.9938363432884216
Car 0.0 0 1.0209641456604004 0.0 0.0 1238.0 374.0 4.1496286 1.5565002 1.741119 1.3844322 1.7137043 2.0393608 1.6173580884933472 0.2985880672931671
