Car 0.0 0 1.9940941333770752 40.29686737060547 199.891357421875 408.15826416015625 375.0 4.4200077 1.4521862 1.7796869 -3.7680535 1.8358855 8.002775 1.5540426969528198 0.9994601607322693
Car 0.0 0 1.8145599365234375 360.84564208984375 189.55377197265625 476.2737731933594 269.3799743652344 3.5174341 1.4147413 1.5468498 -3.9668345 1.8099378 15.290399 1.560723066329956 0.9977384805679321
Car 0.0 0 -0.29746487736701965 789.923583984375 167.70294189453125 941.3209228515625 216.3117218017578 4.1856985 1.4637471 1.5878801 7.8689327 1.3089919 22.596909 0.03763270378112793 0.9959763884544373
Car 0.0 0 -1.6358115673065186 650.1065063476562 177.5367889404297 697.0606689453125 217.1106414794922 3.8532746 1.4898188 1.6541929 2.500378 1.6946616 29.562595 -1.5514333248138428 0.9959716200828552
Car 0.0 0 -0.32142919301986694 761.7542114257812 159.36241149902344 887.3336181640625 207.5899658203125 4.000727 1.667292 1.6158409 7.5706606 1.2012277 25.82164 -0.03623126074671745 0.9851917028427124
Car 0.0 0 1.7052112817764282 483.2648620605469 180.05490112304688 517.96533203125 206.50009155273438 4.0800247 1.5424135 1.620731 -6.8433285 2.014885 45.251114 1.5551185607910156 0.9850412011146545
Car 0.0 0 -0.2121421843767166 726.8394165039062 163.81002807617188 838.5548706054688 203.88238525390625 4.5258884 1.718976 1.7678937 7.518023 1.3313766 31.876755 0.01947188377380371 0.955527663230896
Car 0.0 0 1.7997533082962036 439.72412109375 184.22402954101562 494.44921875 221.13299560546875 4.1108885 1.5481901 1.6096649 -6.6235676 2.111307 33.62771 1.605275273323059 0.949605405330658
Car 0.0 0 1.8943575620651245 355.4818115234375 189.50169372558594 440.18280029296875 241.85093688964844 3.737738 1.424904 1.4421979 -6.6253076 1.9937274 22.739216 1.610845685005188 0.9454292058944702
Car 0.0 0 2.230254888534546 0.0 207.36990356445312 189.9261016845703 375.0 3.6211402 1.4774686 1.5120827 -6.6539273 1.9607368 8.268243 1.5526200532913208 0.9271727204322815
