Cyclist 0.0 0 -2.403721570968628 1219.3807373046875 106.19331359863281 1242.0 375.0 1.6551905 1.9583658 0.5215025 4.52318 1.640834 4.2704544 -1.5895917415618896 0.060164228081703186
Car 0.0 0 -0.5683408379554749 905.113525390625 181.9698944091797 1242.0 316.71881103515625 4.35103 1.5207787 1.6970688 6.221541 1.6485258 9.171896 0.027690649032592773 0.9983758926391602
Car 0.0 0 3.607673406600952 48.24485778808594 184.8409881591797 355.6514587402344 291.9619140625 3.9389527 1.5385827 1.6337878 -6.3420854 1.744144 11.454997 3.1020305156707764 0.9970898628234863
Car 0.0 0 -1.573384165763855 646.3046264648438 178.31671142578125 673.8709106445312 204.34046936035156 3.743682 1.4558853 1.5711055 2.9489753 1.797016 43.088535 -1.505050778388977 0.9939800500869751
Car 0.0 0 -2.8671228885650635 357.0496826171875 173.53793334960938 491.4112243652344 226.6012725830078 3.9592068 1.670277 1.6448754 -6.0501313 1.693832 23.60029 -3.118076801300049 0.9938386082649231
Car 0.0 0 -0.4440577030181885 804.7130737304688 182.3052215576172 1010.6592407226562 251.36293029785156 4.0782766 1.4818352 1.6988353 6.7450953 1.7139238 16.717066 -0.06055013835430145 0.9936040043830872
Car 0.0 0 3.408364772796631 326.4120788574219 182.25384521484375 478.26385498046875 236.06771850585938 3.9266913 1.4688575 1.5865691 -5.946436 1.7507708 20.793255 3.1298203468322754 0.9922124743461609
Car 0.0 0 -0.3574874997138977 781.5614624023438 181.47718811035156 964.7393188476562 237.5656280517578 4.251952 1.3939177 1.5598065 6.782956 1.6309297 18.988646 -0.014402984641492367 0.9908089637756348
Car 0.0 0 -2.7190282344818115 175.10415649414062 182.55520629882812 423.84454345703125 266.67584228515625 4.124709 1.5052962 1.6043503 -5.924813 1.7045982 13.948836 -3.120689868927002 0.989780068397522
Car 0.0 0 0.3388393521308899 301.5208435058594 179.98919677734375 473.190185546875 242.1961669921875 3.9010081 1.5059284 1.6333767 -5.691086 1.6987877 18.566954 0.041414499282836914 0.9838550686836243
Car 0.0 0 2.4769392013549805 0.0 200.64515686035156 102.3941650390625 375.0 3.7670963 1.4821408 1.5770558 -4.1981573 1.6710885 2.9741716 1.5225155353546143 0.9595715403556824
Car 0.0 0 0.20183266699314117 455.8662414550781 176.02818298339844 539.2808227539062 206.42129516601562 3.9658136 1.5086011 1.6689614 -5.749671 1.6755263 36.93291 0.0473935604095459 0.9347754120826721
Car 0.0 0 -0.19240160286426544 719.5196533203125 179.92613220214844 835.1517944335938 219.10511779785156 4.2387147 1.4927047 1.6617306 6.544533 1.7832824 28.709337 0.031726837158203125 0.9316452145576477
Car 0.0 0 1.5931345224380493 578.3123168945312 176.45596313476562 595.4535522460938 193.3236083984375 3.7350893 1.5223222 1.5287821 -2.1682286 1.870476 67.792305 1.561161994934082 0.9179014563560486
Car 0.0 0 0.816795825958252 0.0 190.0504913330078 187.70272827148438 375.0 3.9265227 1.6240597 1.6320763 -6.462635 1.8090129 6.8143377 0.05788111686706543 0.8644893765449524
Car 0.0 0 -2.792909860610962 395.5930480957031 175.89083862304688 514.55712890625 218.76284790039062 4.3027444 1.6270548 1.6975558 -6.155174 1.7528975 28.676619 -3.004342794418335 0.7427790760993958
Car 0.0 0 -2.9064786434173584 467.8873291015625 173.31849670410156 546.3323364257812 201.82159423828125 4.0132637 1.5300157 1.6180743 -5.6711564 1.5566059 39.753654 -3.048180103302002 0.5586763620376587
