Pedestrian 0.0 0 0.6567376852035522 835.583984375 149.72988891601562 938.5146484375 307.5748291015625 0.88349456 1.6416283 0.59771585 3.118067 1.3125736 8.000869 1.0283472537994385 0.9317458868026733
Pedestrian 0.0 0 1.09230375289917 636.6431884765625 151.0329132080078 684.2945556640625 242.4821014404297 0.9157196 1.8149848 0.62440526 1.1681093 1.2115542 14.797388 1.1710805892944336 0.9182453155517578
Pedestrian 0.0 0 1.1926919221878052 605.68505859375 164.87606811523438 649.9439086914062 252.4551239013672 0.9218611 1.7033064 0.59141034 0.4837148 1.381243 14.501878 1.2260348796844482 0.8757244348526001
Pedestrian 0.0 0 -0.17893466353416443 753.2080688476562 153.9452362060547 864.1525268554688 333.42218017578125 0.9608079 1.702185 0.6395228 1.9928296 1.4422255 7.1727476 0.09206390380859375 0.8742679357528687
Pedestrian 0.0 0 1.5542631149291992 569.5888671875 159.86520385742188 606.2462158203125 249.94773864746094 0.8291397 1.7844741 0.7269261 -0.322683 1.3571509 14.655385 1.532248616218567 0.8304843902587891
Pedestrian 0.0 0 -1.4690074920654297 312.40362548828125 164.172607421875 343.6744079589844 239.4279327392578 0.88740873 1.7033654 0.5974839 -6.405156 1.3123822 16.762676 -1.8339953422546387 0.6173421144485474
Pedestrian 0.0 0 -2.344362735748291 677.2335205078125 157.55767822265625 732.62890625 253.5557098388672 0.86766815 1.721774 0.58110124 1.8843222 1.2936267 13.402734 -2.204685926437378 0.47785717248916626
Pedestrian 0.0 0 1.4865162372589111 618.6338500976562 158.99681091308594 639.500244140625 215.9137725830078 0.71107376 1.7580053 0.5950793 0.8357992 1.0640577 22.553926 1.5235570669174194 0.4154920279979706
Pedestrian 0.0 0 0.5756335854530334 1132.9476318359375 140.91932678222656 1238.0 304.03704833984375 0.74950975 1.6203613 0.61706746 6.168058 1.2186137 7.584545 1.2583959102630615 0.3387133777141571
Pedestrian 0.0 0 1.6146342754364014 576.46630859375 164.60324096679688 587.251708984375 199.40232849121094 0.8678222 1.6777483 0.4901979 -0.9612163 0.86401623 35.067944 1.5872310400009155 0.13369867205619812
Pedestrian 0.0 0 -0.10798698663711548 1113.43310546875 134.56629943847656 1230.1064453125 311.8829345703125 0.8587412 1.6765198 0.6317811 5.696045 1.2341381 7.284068 0.555673360824585 0.1130155697464943
Cyclist 0.0 0 -0.6074046492576599 801.3134155273438 138.224365234375 978.6260375976562 307.6957702636719 1.8279454 1.78398 0.61453575 3.1827114 1.3297901 8.0680065 -0.23166121542453766 0.19973120093345642
Cyclist 0.0 0 -1.6042377948760986 617.6084594726562 150.08541870117188 638.5548706054688 213.31460571289062 1.777974 1.9113877 0.5938989 0.7986898 0.9628609 22.601852 -1.5689151287078857 0.11257932335138321
Cyclist 0.0 0 3.3833723068237305 282.9010925292969 158.32498168945312 365.7995910644531 235.7847137451172 1.7323716 1.7696081 0.52620447 -6.4871144 1.2413738 16.778934 3.014451265335083 0.10178179293870926
Cyclist 0.0 0 -1.6559191942214966 672.206298828125 165.9864959716797 694.2794189453125 221.68714904785156 1.8622482 1.5529585 0.47704783 2.3439164 1.1215848 20.961943 -1.5445640087127686 0.09553026407957077
Cyclist 0.0 0 -2.3431832790374756 1212.6072998046875 15.769917488098145 1238.0 374.0 1.6984415 1.9801981 0.55110866 3.3209002 1.5221632 2.8590584 -1.4831916093826294 0.07535653561353683
Cyclist 0.0 0 1.9323842525482178 1123.8673095703125 123.64567565917969 1238.0 302.7314453125 1.6100482 1.7278051 0.5930072 6.21051 1.1710031 7.586916 2.6183531284332275 0.06341226398944855
Car 0.0 0 1.791025161743164 394.7630615234375 163.5384063720703 531.5491943359375 264.6672058105469 4.2937837 1.6456558 1.6586217 -2.5083027 1.35466 13.8660345 1.6120649576187134 0.9813403487205505
