Pedestrian 0.0 0 -1.9441436529159546 725.3775024414062 164.9437713623047 747.88916015625 212.06690979003906 0.69104403 1.7660314 0.63170594 5.1174407 1.1465869 27.316898 -1.7589540481567383 0.5976913571357727
Pedestrian 0.0 0 0.9678683876991272 655.3399047851562 163.0741424560547 706.0297241210938 251.54676818847656 1.0292472 1.7788694 0.56822526 1.6092069 1.4096353 15.02837 1.0745398998260498 0.5580919981002808
Pedestrian 0.0 0 1.1966447830200195 693.5493774414062 166.41143798828125 733.2836303710938 248.60177612304688 0.8244462 1.6913968 0.5687212 2.3299768 1.3821272 15.244823 1.3483083248138428 0.4603460431098938
Pedestrian 0.0 0 1.1274536848068237 427.66650390625 166.64198303222656 472.4119873046875 254.33982849121094 0.81000376 1.7342855 0.60610497 -3.1431777 1.4417064 14.708761 0.9169259071350098 0.1094270646572113
Pedestrian 0.0 0 3.0255866050720215 563.7430419921875 167.23721313476562 582.3079223632812 205.20797729492188 0.8073441 1.750273 0.52471644 -1.3359003 1.0937527 33.43111 2.9856481552124023 0.08497422188520432
Pedestrian 0.0 0 -3.0054028034210205 733.2965698242188 166.81210327148438 765.924072265625 224.9938507080078 0.8464751 1.6204461 0.50861365 4.177531 1.2125168 20.384418 -2.8032641410827637 0.06982124596834183
Pedestrian 0.0 0 0.825074315071106 527.194091796875 164.94781494140625 547.6060791015625 205.9735565185547 0.6675367 1.7378212 0.57249725 -2.7663524 1.0376545 30.861752 0.7356762886047363 0.06349381804466248
Pedestrian 0.0 0 -1.2073431015014648 690.4415283203125 166.4337158203125 711.2969970703125 215.57017517089844 0.64542794 1.7343305 0.5481961 3.547003 1.2036071 25.766527 -1.0705435276031494 0.06345659494400024
Pedestrian 0.0 0 -2.7956225872039795 757.3234252929688 159.76148986816406 781.335693359375 216.0216064453125 0.6489932 1.9352117 0.6145583 5.8548827 1.1885296 25.140688 -2.5668160915374756 0.05441297963261604
Cyclist 0.0 0 -1.4707897901535034 591.4943237304688 166.8390350341797 611.9468994140625 215.5452117919922 1.7426739 1.7249368 0.5818051 0.000978766 1.2067745 26.333374 -1.4707525968551636 0.992266833782196
Cyclist 0.0 0 1.9565123319625854 421.6380615234375 167.289794921875 477.7347412109375 255.09852600097656 1.6209732 1.6924065 0.5565436 -3.1127937 1.4197764 14.689228 1.7476915121078491 0.9405521750450134
Cyclist 0.0 0 -0.4482780694961548 658.9215087890625 159.32159423828125 746.0416870117188 247.02197265625 1.735417 1.7917973 0.6138534 2.1037269 1.3399128 15.231366 -0.3110283315181732 0.35569480061531067
Cyclist 0.0 0 -0.41807717084884644 704.433349609375 156.2079315185547 772.8052368164062 219.48439025878906 1.8084544 1.7491132 0.61880374 3.8545575 1.0511322 20.362085 -0.2309902012348175 0.26175740361213684
Cyclist 0.0 0 -1.9110114574432373 685.9896850585938 159.4864044189453 718.4306640625 214.09986877441406 1.8916476 1.8730799 0.5403758 3.551728 1.11915 25.614979 -1.7732317447662354 0.23063743114471436
Cyclist 0.0 0 -1.7521977424621582 563.4462280273438 166.63424682617188 582.4669799804688 204.61495971679688 1.7439274 1.720826 0.5768105 -1.3480037 1.0482268 33.45768 -1.7924658060073853 0.172979936003685
Cyclist 0.0 0 -1.849339246749878 857.3713989257812 114.2273941040039 1025.6578369140625 374.0 1.7913213 1.7628757 0.5463413 2.2121289 1.3814926 5.0095654 -1.4335085153579712 0.10273884981870651
Cyclist 0.0 0 1.4584311246871948 603.5803833007812 172.01849365234375 619.0813598632812 209.6106414794922 1.6688341 1.7183765 0.5400125 0.44477773 1.2858995 33.69028 1.4716323614120483 0.09861293435096741
Cyclist 0.0 0 -3.4300971031188965 765.447509765625 150.22337341308594 937.8814697265625 307.1695251464844 1.6914394 1.6598263 0.6172133 2.6756687 1.3304124 7.9338136 -3.1048269271850586 0.05282384902238846
Car 0.0 0 -0.5422685146331787 733.1542358398438 163.7816925048828 1139.837158203125 332.6949462890625 3.9490101 1.6827059 1.6424805 3.6264038 1.5075649 8.217508 -0.12667125463485718 0.28859078884124756
