Car 0.0 0 3.866724729537964 0.0 192.46957397460938 194.94317626953125 375.0 3.9615128 1.4839921 1.6059002 -6.340287 1.6891874 6.6586976 3.105816602706909 0.9971702694892883
Car 0.0 0 -1.881594181060791 753.391845703125 185.51763916015625 968.6968994140625 326.0617370605469 3.4482102 1.4240963 1.5717367 2.9429157 1.6189177 9.348574 -1.5766167640686035 0.9955216646194458
Car 0.0 0 0.4007015526294708 149.2302703857422 175.26136779785156 386.3896789550781 264.1468811035156 3.7918584 1.595408 1.6155766 -6.487633 1.6449854 13.872538 -0.03674110397696495 0.9951571822166443
Car 0.0 0 -3.4196715354919434 767.5744018554688 173.88880920410156 948.5953369140625 237.36985778808594 4.259968 1.606253 1.6730528 6.4432244 1.6355128 19.217024 -3.096163511276245 0.9914048910140991
Car 0.0 0 -2.4981307983398438 0.0 173.34286499023438 317.1260681152344 327.65606689453125 3.9438937 1.7270308 1.6762577 -6.02812 1.7341433 9.02272 -3.087128162384033 0.983190655708313
Car 0.0 0 0.1669597625732422 412.2706298828125 175.68765258789062 507.85064697265625 209.899658203125 4.024656 1.5008594 1.638851 -6.774975 1.633132 32.692818 -0.03737920522689819 0.9650130867958069
Car 0.0 0 -0.2414134442806244 712.2744140625 172.2086944580078 849.2879638671875 219.034423828125 4.698903 1.6910101 1.7361897 6.257403 1.6680642 26.953285 -0.01329708006232977 0.9537983536720276
Car 0.0 0 0.16926217079162598 443.0935974121094 170.75001525878906 528.6458740234375 201.81263732910156 4.215313 1.5985819 1.6802381 -6.519705 1.4906616 37.97165 -0.0007790788076817989 0.7938469648361206
Car 0.0 0 -0.33910617232322693 792.9337158203125 179.2087860107422 993.047607421875 246.4608917236328 3.9944437 1.4610517 1.63766 6.383447 1.6162437 16.707294 0.02585315704345703 0.5078393220901489
Car 0.0 0 1.770223617553711 515.472412109375 173.29881286621094 544.546875 195.12220764160156 3.7328696 1.6569303 1.5675379 -6.2848954 1.6934872 56.78713 1.659997582435608 0.38731199502944946
Car 0.0 0 3.4305171966552734 277.99945068359375 188.51913452148438 428.0243835449219 240.7608184814453 3.736571 1.3900589 1.6259491 -7.308008 1.8584659 20.648026 3.0903432369232178 0.348618745803833
Car 0.0 0 -2.808250904083252 331.3311767578125 175.156494140625 467.52447509765625 219.48193359375 4.3371263 1.5057102 1.606732 -7.425306 1.5903994 25.513147 -3.091465950012207 0.29257678985595703
Car 0.0 0 1.7571065425872803 363.57818603515625 183.06283569335938 461.3856506347656 255.48512268066406 3.704738 1.5193741 1.629289 -4.733534 1.7955527 17.582285 1.4941202402114868 0.24524633586406708
