Pedestrian 0.0 0 -1.1099967956542969 531.4187622070312 174.3647003173828 549.1484375 208.19863891601562 0.6964175 1.6804155 0.64656883 -3.5440085 1.7577314 36.313286 -1.2072840929031372 0.4288046658039093
Pedestrian 0.0 0 1.1839402914047241 484.89129638671875 174.0440673828125 513.9025268554688 233.34722900390625 0.82426685 1.7664585 0.6077491 -3.4261582 1.8039804 22.019888 1.0295841693878174 0.3803766667842865
Pedestrian 0.0 0 -1.6602402925491333 702.0199584960938 166.05931091308594 716.978759765625 206.41976928710938 0.8032374 1.7772775 0.59016013 4.3941817 1.4784307 32.185093 -1.5245507955551147 0.3155050575733185
Pedestrian 0.0 0 -1.8109650611877441 509.89837646484375 174.55409240722656 535.2235717773438 231.0093231201172 0.8485079 1.7211055 0.59850043 -2.781478 1.775734 22.527355 -1.9338144063949585 0.11953619122505188
Cyclist 0.0 0 1.684501051902771 508.0707702636719 170.30963134765625 533.1920166015625 230.33233642578125 1.8597152 1.7879537 0.5710532 -2.8075686 1.7125204 22.423294 1.5599415302276611 0.7405445575714111
Cyclist 0.0 0 1.5731843709945679 534.2877197265625 175.01309204101562 545.3080444335938 212.01864624023438 1.7171456 1.8172257 0.54061764 -3.5798056 1.9291868 36.412884 1.4751877784729004 0.2223079651594162
Cyclist 0.0 0 1.8888287544250488 482.82159423828125 167.9100799560547 520.0127563476562 231.32034301757812 1.8441074 1.8592507 0.58246124 -3.3520424 1.7146481 22.111153 1.7383747100830078 0.05589975416660309
Car 0.0 0 1.9935027360916138 147.39723205566406 185.59205627441406 375.0496520996094 318.82794189453125 3.776032 1.5800089 1.6163448 -4.9816136 1.80474 10.811441 1.561726689338684 0.9981162548065186
Car 0.0 0 -1.9098060131072998 759.051513671875 182.5789337158203 1058.1141357421875 375.0 3.4746525 1.4989928 1.5691262 2.5786245 1.6203389 7.233949 -1.5673863887786865 0.9970846772193909
Car 0.0 0 1.70540189743042 511.755126953125 180.9559326171875 548.11767578125 206.26597595214844 4.040508 1.4788858 1.7540085 -5.031373 2.0131576 45.505165 1.5952820777893066 0.9893611073493958
Car 0.0 0 -1.5744484663009644 642.3370971679688 175.62547302246094 667.5527954101562 200.80575561523438 3.6611164 1.5841417 1.5992564 2.9290664 1.7748357 47.676704 -1.5130895376205444 0.9762826561927795
Car 0.0 0 1.70966374874115 435.96728515625 184.83155822753906 495.02239990234375 231.36953735351562 3.6858022 1.522681 1.6275898 -5.2669086 1.9936938 26.463177 1.5132031440734863 0.9530465602874756
