Pedestrian 0.0 0 -2.6575145721435547 623.7200317382812 167.71018981933594 642.5361328125 199.1689910888672 0.9685465 1.8300596 0.5351165 1.6486037 1.0874115 41.60021 -2.617905616760254 0.19373773038387299
Pedestrian 0.0 0 -3.2590126991271973 684.0975952148438 167.5722198486328 701.685302734375 199.41297912597656 0.8781315 1.7105876 0.6168328 4.745897 1.0174713 38.290977 -3.1356985569000244 0.06229593977332115
Pedestrian 0.0 0 -1.913446068763733 542.5538330078125 168.19615173339844 556.5843505859375 200.77450561523438 0.7547685 1.7980998 0.5592618 -3.106813 1.1204077 39.477962 -1.9919816255569458 0.05148733779788017
Cyclist 0.0 0 -1.2699651718139648 361.03350830078125 178.86964416503906 386.4039611816406 217.9685821533203 1.9033946 1.7046453 0.5469882 -10.398133 1.6350361 31.776941 -1.5862059593200684 0.49919193983078003
Cyclist 0.0 0 -0.1593926101922989 618.739501953125 164.86614990234375 649.4267578125 194.9315948486328 1.7270498 1.7452645 0.5728093 1.693548 0.8391137 41.42494 -0.11853303015232086 0.10833520442247391
Cyclist 0.0 0 -3.111409902572632 678.9053955078125 162.50363159179688 712.3689575195312 193.1447296142578 1.7793145 1.6395489 0.66720504 4.9037514 0.67800236 38.29698 -2.9840574264526367 0.0886349231004715
Cyclist 0.0 0 -1.13857102394104 339.5538635253906 178.89366149902344 359.3637390136719 207.90277099609375 1.7113874 1.7308383 0.46206447 -15.555066 1.6363616 43.05364 -1.4852725267410278 0.05584026128053665
Cyclist 0.0 0 3.1859023571014404 430.7521667480469 175.54713439941406 478.395263671875 226.50723266601562 1.6601771 1.8100878 0.6000483 -5.447891 1.6356885 25.542133 2.9757609367370605 0.05129975080490112
Car 0.0 0 -1.4796497821807861 506.5814208984375 175.36390686035156 546.962158203125 207.4907989501953 3.615496 1.4434875 1.5854292 -3.6812177 1.2141818 33.585075 -1.5888227224349976 0.9962940812110901
Car 0.0 0 -0.5803318023681641 1004.9823608398438 137.22564697265625 1210.0709228515625 203.3008270263672 4.392051 1.742174 1.7543728 13.750379 0.6027646 19.584068 0.03181600570678711 0.9836941361427307
