Pedestrian 0.0 0 1.2139360904693604 277.60162353515625 175.30746459960938 320.0608825683594 260.1089172363281 0.66578275 1.6819968 0.6017122 -6.309474 1.5806344 14.467459 0.8026888370513916 0.20815622806549072
Pedestrian 0.0 0 2.1434669494628906 258.6391296386719 175.69677734375 291.5667419433594 231.26217651367188 0.76368 1.70719 0.62083554 -10.35566 1.5611732 22.138577 1.7059379816055298 0.11116857081651688
Pedestrian 0.0 0 -1.4640692472457886 257.30120849609375 185.43263244628906 284.1614074707031 241.51614379882812 0.72726333 1.6437585 0.6579633 -10.072481 1.7967435 21.249125 -1.9067165851593018 0.10253015160560608
Cyclist 0.0 0 2.0176610946655273 252.48785400390625 177.07669067382812 300.49822998046875 236.3317108154297 1.9470345 1.744394 0.5576644 -10.123869 1.6451817 21.78643 1.5826609134674072 0.8383904695510864
Cyclist 0.0 0 -1.858605146408081 880.4165649414062 159.59762573242188 902.05859375 195.16375732421875 1.7323267 1.6435307 0.47676146 13.555083 0.6790753 33.5532 -1.4746657609939575 0.3049471378326416
Cyclist 0.0 0 -1.9871032238006592 970.9847412109375 138.7338409423828 1021.858642578125 212.08163452148438 1.765243 1.853222 0.50473106 10.320121 0.7995416 18.760633 -1.4841874837875366 0.09555987268686295
Cyclist 0.0 0 0.49066510796546936 254.75238037109375 169.65280151367188 350.04095458984375 263.89410400390625 1.6958766 1.8815323 0.6405783 -6.2337184 1.6665957 14.502165 0.08469581604003906 0.06833288073539734
Car 0.0 0 2.137772798538208 0.0 188.20176696777344 173.98306274414062 262.5291442871094 4.376902 1.549175 1.7772764 -12.778321 1.7651727 17.437822 1.5053751468658447 0.9955964684486389
Car 0.0 0 -0.7893540859222412 0.0 198.9577178955078 311.04547119140625 370.0 4.5118394 1.5121382 1.6778058 -3.2088113 1.6586324 3.27955 -1.5638502836227417 0.9955697655677795
Car 0.0 0 1.084291696548462 485.67193603515625 169.5203399658203 566.40478515625 208.9658660888672 4.050858 1.5733635 1.7430973 -3.479449 1.1369143 30.360615 0.9701855182647705 0.9543059468269348
Car 0.0 0 1.5634522438049316 615.7073974609375 173.1729736328125 637.0631713867188 193.32696533203125 4.1995025 1.531196 1.6223129 1.6822011 0.97578454 55.83062 1.5935735702514648 0.1269586682319641
