Car 0.0 0 -1.5776182413101196 578.7911987304688 176.04151916503906 652.5397338867188 242.64828491210938 4.1232257 1.5133877 1.6756862 0.1334518 1.3060704 18.391487 -1.5703622102737427 0.9980881810188293
Car 0.0 0 -1.382165551185608 446.2415771484375 181.2579345703125 509.2574462890625 222.1951446533203 3.3982546 1.3938534 1.6495329 -4.7007937 1.2602291 26.180311 -1.5598269701004028 0.9976929426193237
Car 0.0 0 -1.0950095653533936 139.5958709716797 187.21974182128906 297.74346923828125 260.5843811035156 3.6971776 1.4245538 1.5405889 -8.458875 1.4752426 15.914361 -1.5835576057434082 0.9975940585136414
Car 0.0 0 2.4109513759613037 0.0 210.3391876220703 243.7605743408203 376.0 4.3249354 1.473615 1.6436313 -3.6851127 1.6678438 3.3526883 1.5783542394638062 0.9953302145004272
Car 0.0 0 -1.2452857494354248 322.3802490234375 185.41470336914062 457.9023742675781 265.9510498046875 3.4717615 1.4128286 1.5493754 -4.242341 1.4184303 14.380158 -1.5321614742279053 0.9936355352401733
Car 0.0 0 1.6836880445480347 491.5509338378906 175.59280395507812 534.6837158203125 212.28607177734375 3.8360507 1.6560003 1.623546 -4.500505 1.2228421 34.370632 1.5534883737564087 0.969280481338501
Car 0.0 0 1.9015027284622192 260.7124328613281 188.28050231933594 332.43524169921875 225.54635620117188 3.7417305 1.4482276 1.6349424 -13.005018 1.5862528 30.177176 1.494598627090454 0.9452810883522034
Car 0.0 0 1.9618725776672363 363.734619140625 180.75717163085938 434.17730712890625 219.60142517089844 3.433963 1.4475006 1.4917525 -8.258142 1.2824886 28.572153 1.6805123090744019 0.2804183065891266
Car 0.0 0 2.120316982269287 137.0723114013672 186.7484893798828 267.5811767578125 240.5953369140625 4.1235375 1.5312552 1.6643959 -12.635729 1.5851593 22.651617 1.6114827394485474 0.2446202039718628
Car 0.0 0 2.2420878410339355 0.0 191.3433380126953 73.92683410644531 223.38327026367188 3.7721558 1.4647804 1.5002619 -28.519686 1.7844447 35.473957 1.5649361610412598 0.18212313950061798
