Pedestrian 0.0 0 0.7756748199462891 1091.91650390625 130.67184448242188 1241.8472900390625 344.98101806640625 0.8593475 1.8013103 0.65755063 4.9508467 1.447119 6.535058 1.42401123046875 0.9984246492385864
Pedestrian 0.0 0 0.3216276168823242 1158.0665283203125 140.97601318359375 1242.0 312.8177795410156 0.8094236 1.6551993 0.6497488 6.2360573 1.3485049 7.4622173 1.017751693725586 0.15695202350616455
Pedestrian 0.0 0 -2.3144726753234863 1151.3507080078125 129.8532257080078 1242.0 265.92608642578125 0.8397156 1.8056725 0.58458173 8.077699 1.2354145 10.00986 -1.635493516921997 0.09232036024332047
Cyclist 0.0 0 -2.5124080181121826 1198.930908203125 46.2904052734375 1242.0 375.0 1.7090231 1.9791337 0.51547086 3.2892432 1.6300329 2.8632033 -1.6578729152679443 0.09262070804834366
Cyclist 0.0 0 -1.845752239227295 1159.6900634765625 138.95150756835938 1242.0 344.5449523925781 1.6692967 1.7624437 0.49279642 5.8575206 1.4721735 7.0453496 -1.152154564857483 0.08745741099119186
Car 0.0 0 1.9405786991119385 320.40667724609375 190.34593200683594 485.2605285644531 282.0144348144531 4.069349 1.4286299 1.7231203 -3.896094 1.823498 14.159348 1.6720632314682007 0.999226450920105
Car 0.0 0 -1.6916016340255737 752.0713500976562 173.5584259033203 848.6110229492188 257.08575439453125 3.6688905 1.6106654 1.5835145 4.006748 1.6283872 15.862854 -1.4441897869110107 0.9981387853622437
Car 0.0 0 -1.4794986248016357 661.5746459960938 170.93360900878906 689.7681884765625 193.95745849609375 4.2400475 1.6695664 1.7455243 4.977421 1.5306673 54.562428 -1.3885260820388794 0.9958535432815552
Car 0.0 0 -1.7684803009033203 739.4539794921875 171.85047912597656 803.5201416015625 220.22251892089844 3.3731816 1.5973606 1.5645074 5.593513 1.5645797 25.524588 -1.552748441696167 0.9111087918281555
Car 0.0 0 1.5989360809326172 691.5894775390625 171.4887237548828 712.140869140625 190.9158477783203 3.6968021 1.6014549 1.6343005 7.8232636 1.489267 61.428772 1.7256091833114624 0.7138866782188416
