Pedestrian 0.0 0 0.5705208778381348 434.65606689453125 168.2405242919922 470.1417541503906 230.93690490722656 0.71739393 1.6266205 0.58364165 -4.2202654 1.5072849 19.11501 0.3532240390777588 0.07137388736009598
Pedestrian 0.0 0 -2.0177810192108154 859.7074584960938 143.1525115966797 920.748291015625 259.7610778808594 0.68927157 1.7785666 0.6621779 4.3517466 1.3259038 11.372929 -1.652328372001648 0.05425269529223442
Car 0.0 0 -1.3266780376434326 294.3486633300781 187.5050048828125 501.0594177246094 340.80267333984375 3.8746915 1.4855744 1.5994363 -2.5161202 1.7147914 9.315482 -1.5904839038848877 0.9989005327224731
Car 0.0 0 -1.9188464879989624 751.3082885742188 178.7275848388672 1118.3331298828125 375.0 3.7925773 1.5339661 1.6614138 2.430483 1.6034936 6.593898 -1.565702199935913 0.9979351758956909
Car 0.0 0 -1.8028631210327148 714.4834594726562 184.14158630371094 864.2539672851562 294.843505859375 3.5035048 1.5141028 1.5933646 2.7453988 1.7294266 11.981411 -1.5776134729385376 0.9976473450660706
Car 0.0 0 -1.6754306554794312 669.048828125 179.7895965576172 720.533447265625 223.9891357421875 3.658431 1.5483245 1.573026 3.1452682 1.8324699 27.68493 -1.56230628490448 0.997623860836029
Car 0.0 0 -1.3525432348251343 421.9696044921875 184.21302795410156 545.4781494140625 279.1756591796875 4.034605 1.5693979 1.5781949 -2.4150074 1.829965 14.469828 -1.5179184675216675 0.9955539107322693
Car 0.0 0 1.6105176210403442 559.2988891601562 178.43331909179688 589.9951782226562 207.12423706054688 4.029074 1.5459845 1.6143204 -2.0339346 1.8843261 41.684746 1.561763048171997 0.9861168265342712
Car 0.0 0 -1.7054725885391235 652.7913208007812 179.16302490234375 691.10302734375 209.11090087890625 3.7717054 1.5672921 1.641406 3.3928802 1.9385893 40.494717 -1.6218820810317993 0.9205711483955383
Car 0.0 0 2.000150442123413 418.0057067871094 185.1734619140625 537.4833374023438 252.27139282226562 3.9297218 1.4680074 1.5281341 -3.3249948 1.8225132 18.645777 1.8236809968948364 0.2033107429742813
