Pedestrian 0.0 0 2.127037525177002 715.4846801757812 155.75880432128906 771.0154418945312 262.6745910644531 0.7200845 1.704333 0.62111664 2.1616418 1.432178 11.974555 2.305633783340454 0.2073429524898529
Pedestrian 0.0 0 3.0361194610595703 571.152587890625 173.01052856445312 580.1327514648438 195.7382049560547 0.62440556 1.730269 0.62551904 -2.660572 1.7426984 55.290035 2.9880361557006836 0.060560695827007294
Car 0.0 0 -1.732820749282837 677.9340209960938 179.3968048095703 752.7068481445312 233.56483459472656 3.7831864 1.4429594 1.5999628 3.0080514 1.6564301 21.589314 -1.5943814516067505 0.999081015586853
Car 0.0 0 -2.303614854812622 934.4266357421875 182.41360473632812 1242.0 375.0 3.6354554 1.6062315 1.4985889 3.0322082 1.675482 3.3783674 -1.572162389755249 0.9976314306259155
Car 0.0 0 1.7033848762512207 493.4207458496094 176.77752685546875 549.6196899414062 216.29957580566406 3.9970045 1.3973184 1.642108 -3.388722 1.5604007 27.914251 1.582578420639038 0.9967279434204102
Car 0.0 0 1.7420490980148315 409.0846862792969 179.13186645507812 514.2720336914062 260.9703674316406 3.712654 1.5100527 1.5848955 -3.0952976 1.6614044 15.475093 1.5446362495422363 0.9955775737762451
Car 0.0 0 1.6590346097946167 526.6422119140625 171.79083251953125 566.2156982421875 205.4159698486328 3.8815784 1.6050738 1.65297 -3.1899965 1.5546826 36.380825 1.5715748071670532 0.9955690503120422
Car 0.0 0 -1.6795719861984253 648.5078735351562 175.59703063964844 689.5848999023438 208.05474853515625 3.9475057 1.5494095 1.6563265 2.9168925 1.6971803 36.775795 -1.6004221439361572 0.9950278401374817
Car 0.0 0 1.6614972352981567 543.8289794921875 173.82847595214844 576.7361450195312 198.748291015625 4.4245086 1.4936086 1.6842848 -3.127566 1.5586333 45.648697 1.593090295791626 0.6108593344688416
Car 0.0 0 -1.5864843130111694 637.04150390625 176.40113830566406 659.1959228515625 195.9353790283203 3.6436834 1.44653 1.6529251 2.9019158 1.7310543 55.95036 -1.5346648693084717 0.19195334613323212
