Pedestrian 0.0 0 1.208182692527771 802.3426513671875 155.0042266845703 861.085693359375 267.2633972167969 0.6432242 1.6569685 0.6646997 3.451779 1.2671945 10.940175 1.5138111114501953 0.9534845352172852
Pedestrian 0.0 0 0.750891923904419 62.66933822631836 158.86354064941406 170.34617614746094 320.1829833984375 0.7247946 1.6312096 0.61186147 -5.1752644 1.4036832 7.6189203 0.15421819686889648 0.31827664375305176
Pedestrian 0.0 0 -1.9202021360397339 660.5650634765625 153.4161376953125 704.940185546875 250.0863800048828 0.84517205 1.7739241 0.5812116 1.4960747 1.2598436 13.658628 -1.8111037015914917 0.3178219795227051
Pedestrian 0.0 0 -1.8568438291549683 320.8380126953125 141.04486083984375 391.5799865722656 306.1499938964844 0.8013299 1.8444543 0.58806264 -2.9641454 1.3938673 8.519126 -2.1916823387145996 0.3102872967720032
Pedestrian 0.0 0 1.7358460426330566 701.3369750976562 153.87196350097656 728.0469360351562 217.21253967285156 0.5763541 1.7011878 0.63744646 3.0728593 0.96032184 19.664097 1.890859842300415 0.29657062888145447
Pedestrian 0.0 0 0.8473766446113586 153.97039794921875 153.49420166015625 234.4564971923828 301.2293395996094 0.5807123 1.6784155 0.59785944 -4.876645 1.361593 8.534952 0.32827210426330566 0.14804421365261078
Pedestrian 0.0 0 1.2149808406829834 639.0385131835938 159.55357360839844 670.328125 229.90554809570312 0.790125 1.7049404 0.5318665 1.2836832 1.174275 17.859589 1.286733865737915 0.12727703154087067
Pedestrian 0.0 0 0.5209227800369263 1221.12890625 78.88480377197266 1238.0 374.0 0.77402896 1.7970856 0.6334254 2.760114 1.5051903 2.496444 1.3564391136169434 0.07886604219675064
Pedestrian 0.0 0 1.3475773334503174 669.6029052734375 150.12203979492188 725.970703125 292.2654113769531 0.83929664 1.7678145 0.55167854 1.1964357 1.3789095 9.375426 1.4745053052902222 0.06045347824692726
Pedestrian 0.0 0 -1.8669466972351074 714.7909545898438 155.20640563964844 772.854736328125 284.9787902832031 0.807282 1.6131876 0.52435195 1.7938664 1.2876723 9.356207 -1.6775155067443848 0.050599612295627594
Cyclist 0.0 0 -1.2987608909606934 411.5670166015625 153.4916534423828 477.87420654296875 276.1146240234375 1.8091321 1.7481134 0.5432208 -2.4370704 1.3501419 11.156533 -1.5138258934020996 0.9973495006561279
Cyclist 0.0 0 1.8790605068206787 294.5802307128906 136.73670959472656 391.47412109375 308.94952392578125 1.8149866 1.7949128 0.5417823 -3.0087276 1.3297232 8.400905 1.5351495742797852 0.9548845291137695
Cyclist 0.0 0 -3.128236770629883 623.8272705078125 154.3533172607422 694.1018676757812 225.82049560546875 1.7100121 1.7369535 0.69081616 1.3979322 1.0783677 17.877947 -3.0502023696899414 0.28090524673461914
Cyclist 0.0 0 -0.14340874552726746 630.0888061523438 148.63356018066406 726.3494873046875 248.706298828125 1.7617521 1.8647057 0.55980754 1.4083666 1.2535508 13.698217 -0.04095488786697388 0.19580292701721191
Cyclist 0.0 0 -3.2481892108917236 642.2674560546875 128.73243713378906 778.4573974609375 272.9603271484375 1.6807296 1.7966316 0.59351957 1.3292006 1.1406491 9.272242 -3.105806589126587 0.19404302537441254
Cyclist 0.0 0 -1.1715770959854126 612.4375 150.67007446289062 639.7449340820312 195.1045684814453 1.6372064 1.8484004 0.5792227 1.05214 0.5669095 30.743465 -1.1373672485351562 0.08294074982404709
Cyclist 0.0 0 -2.4125118255615234 1181.610595703125 87.3044204711914 1238.0 374.0 1.7205539 1.8869321 0.4953622 3.3033578 1.6098499 2.9831016 -1.5762139558792114 0.06130022928118706
Car 0.0 0 -1.5346099138259888 566.7310180664062 166.404052734375 594.340576171875 190.8946990966797 3.7621605 1.5027348 1.6328636 -1.2941008 0.5771949 45.961693 -1.5627585649490356 0.9529983401298523
