Pedestrian 0.0 0 -1.5662643909454346 701.9698486328125 165.13967895507812 711.351318359375 193.76734924316406 0.87385714 1.9161764 0.6228872 6.5047517 1.4001795 48.768356 -1.433666467666626 0.10271848738193512
Cyclist 0.0 0 -3.2419488430023193 689.9281616210938 163.37991333007812 718.768310546875 189.09669494628906 1.8852211 1.7238494 0.5184061 6.325951 1.0891391 48.649822 -3.1126439571380615 0.07624779641628265
Car 0.0 0 -1.3253613710403442 454.32208251953125 178.22531127929688 602.241455078125 282.40753173828125 3.838317 1.461606 1.5971634 -1.2672738 1.5688424 12.340986 -1.427690863609314 0.9996111989021301
Car 0.0 0 2.10646915435791 0.0 177.2613983154297 470.9088134765625 375.0 3.829515 1.5949866 1.6290486 -2.4816697 1.6409913 5.4773827 1.6810603141784668 0.9978027939796448
Car 0.0 0 1.7056342363357544 617.599365234375 170.88609313964844 667.6571044921875 207.89404296875 4.0561314 1.5214056 1.6738396 1.4619366 1.4408624 31.805328 1.751567006111145 0.995743453502655
Car 0.0 0 -2.065037727355957 878.8974609375 198.7307586669922 1242.0 375.0 3.2488916 1.5074902 1.4739132 2.7947066 1.723678 4.338427 -1.4927682876586914 0.9938114285469055
Car 0.0 0 -1.734133005142212 735.0601196289062 172.64151000976562 764.4854736328125 193.554443359375 3.932136 1.5496106 1.59541 10.67529 1.5342233 55.448692 -1.5439345836639404 0.9894718527793884
Car 0.0 0 -1.740006923675537 762.82470703125 179.01611328125 846.4928588867188 244.17723083496094 3.532912 1.5465652 1.5619427 5.0523973 1.7273453 19.295784 -1.4839166402816772 0.9780269861221313
Car 0.0 0 0.26723480224609375 467.56817626953125 166.3087158203125 578.3900756835938 212.22854614257812 3.669956 1.586729 1.6107714 -3.1389024 1.3609197 25.995106 0.14706683158874512 0.9216046929359436
Car 0.0 0 1.6361298561096191 645.0802001953125 170.0804443359375 679.5794677734375 200.76055908203125 4.017798 1.6019796 1.639492 2.8942394 1.4575149 39.775295 1.7087665796279907 0.8394284248352051
Car 0.0 0 -1.698431134223938 762.4957275390625 179.1675567626953 822.6498413085938 230.6737823486328 3.2870493 1.5377636 1.4915518 5.8753057 1.7603801 23.679264 -1.4552223682403564 0.8290756344795227
Car 0.0 0 -3.0002570152282715 0.0 0.0 1242.0 375.0 3.9921508 1.5955143 1.6609833 2.6964 1.5864141 0.48176485 -1.6062648296356201 0.7159599661827087
