Car 0.0 0 -1.8670052289962769 774.3636474609375 183.08604431152344 943.9347534179688 291.3800048828125 3.4821365 1.4405214 1.5897013 3.775429 1.6314287 11.680428 -1.554377794265747 0.9996312856674194
Car 0.0 0 1.8579967021942139 349.0391845703125 187.6427764892578 468.07208251953125 262.2150573730469 3.8659024 1.4524701 1.6198587 -4.5753336 1.8366355 16.773573 1.5917046070098877 0.9993996620178223
Car 0.0 0 1.7704368829727173 417.47991943359375 183.5721893310547 501.2581787109375 240.80543518066406 4.1321144 1.5187967 1.7045199 -4.517205 1.8765486 21.988039 1.5678168535232544 0.9990935325622559
Car 0.0 0 -2.1139700412750244 878.9111938476562 186.09112548828125 1242.0 375.0 3.7555027 1.479658 1.6199287 3.7726948 1.6287218 6.223838 -1.5690271854400635 0.9989449381828308
Car 0.0 0 -1.7751960754394531 718.46533203125 179.63507080078125 827.43359375 255.322265625 4.2185645 1.5336107 1.652668 3.6557517 1.7146709 17.110529 -1.564705729484558 0.9989318251609802
Car 0.0 0 1.9750906229019165 178.16510009765625 189.73809814453125 401.1445617675781 315.7930908203125 3.9260643 1.5128647 1.6897691 -4.7025414 1.8202676 11.151335 1.5760166645050049 0.9986974596977234
Car 0.0 0 -1.6846251487731934 703.6306762695312 179.85780334472656 774.54345703125 234.9684600830078 4.0462403 1.5034497 1.6794308 3.837633 1.7401141 22.274233 -1.514009952545166 0.9971743822097778
Car 0.0 0 -1.6853855848312378 694.6870727539062 176.10574340820312 750.1339111328125 222.01158142089844 3.9247997 1.6229266 1.653621 4.208796 1.7574584 27.778784 -1.5350180864334106 0.9949931502342224
Car 0.0 0 1.6885627508163452 516.5338134765625 180.0370635986328 553.8281860351562 209.55484008789062 3.5840526 1.4533072 1.5552458 -3.952206 1.8519635 38.20303 1.5854767560958862 0.9936196208000183
Car 0.0 0 1.6676748991012573 530.8972778320312 177.93931579589844 565.3226318359375 206.77203369140625 3.7992098 1.6004179 1.6683304 -3.6455815 1.9147028 42.630226 1.5823661088943481 0.9653523564338684
Car 0.0 0 -1.6474957466125488 689.96435546875 179.84646606445312 732.0053100585938 217.61639404296875 4.183261 1.5975552 1.5994471 4.5792484 1.9427245 33.442215 -1.5114119052886963 0.36758336424827576
