Pedestrian 0.0 0 -2.1229891777038574 969.72412109375 133.24887084960938 1082.125244140625 318.1114501953125 0.73874176 1.8237463 0.722827 4.3344684 1.3490981 7.462699 -1.5967937707901 0.9603984355926514
Pedestrian 0.0 0 1.233506679534912 789.82421875 162.96603393554688 829.266845703125 239.3976593017578 0.74883115 1.5986171 0.5963969 4.4189606 1.2122015 15.41292 1.5127220153808594 0.425005704164505
Pedestrian 0.0 0 -0.48057669401168823 783.1644287109375 156.61874389648438 870.97216796875 337.2915344238281 0.65363735 1.7344425 0.56656545 2.2097216 1.4969571 7.2316384 -0.18402402102947235 0.11938145011663437
Pedestrian 0.0 0 -1.905646562576294 843.1807250976562 166.38055419921875 925.5882568359375 340.5201721191406 0.7798701 1.6430887 0.533412 2.7544532 1.501804 7.17342 -1.539025902748108 0.11917697638273239
Pedestrian 0.0 0 1.5351207256317139 744.2747192382812 156.46351623535156 782.00146484375 268.4270935058594 0.7567435 1.7376314 0.56180674 2.5507274 1.3503749 11.568492 1.752137541770935 0.10327926278114319
Cyclist 0.0 0 -3.1228556632995605 719.7858276367188 152.00767517089844 837.9287109375 270.24432373046875 1.761708 1.7798164 0.7214699 2.755238 1.3371743 11.382672 -2.8853681087493896 0.6947183012962341
Cyclist 0.0 0 -2.0149524211883545 786.4902954101562 150.2736053466797 927.2406616210938 350.90814208984375 1.7973734 1.8121228 0.6351648 2.504979 1.5314666 7.415261 -1.689174771308899 0.6040835976600647
Cyclist 0.0 0 -2.226552724838257 926.4996337890625 70.24434661865234 1238.0 374.0 1.7411581 1.8353817 0.5506283 2.019574 1.5090823 2.9997926 -1.63401460647583 0.25682544708251953
Cyclist 0.0 0 2.1665894985198975 500.8193359375 149.5270538330078 548.62744140625 212.6940155029297 1.539425 1.8231887 0.6835457 -2.314922 0.9014908 21.57075 2.059680938720703 0.11994225531816483
Cyclist 0.0 0 -3.7134859561920166 1065.4171142578125 134.43551635742188 1202.4061279296875 245.93399047851562 1.6749789 1.6839871 0.56513476 8.214176 0.9744664 11.18027 -3.0798470973968506 0.06695668399333954
Car 0.0 0 -1.523673176765442 591.4185791015625 173.80873107910156 640.7782592773438 215.90309143066406 3.8428836 1.4667389 1.6754001 0.59466517 1.1998086 27.001839 -1.5016535520553589 0.9934834837913513
Car 0.0 0 -2.2122275829315186 1058.200439453125 166.8859100341797 1238.0 277.3389892578125 3.3440015 1.4289428 1.5003904 8.721885 1.2412103 10.9840765 -1.5411263704299927 0.15050528943538666
