Pedestrian 0.0 0 -2.12434983253479 184.92214965820312 157.58396911621094 285.3539733886719 346.0248718261719 0.60369694 1.6806294 0.62133193 -3.6096096 1.5448002 6.8532534 -2.609128713607788 0.0934857577085495
Cyclist 0.0 0 0.6649385094642639 0.0 142.01007080078125 218.90696716308594 374.32598876953125 1.7647488 1.6970232 0.67243135 -4.1686826 1.4720721 5.628241 0.02743387222290039 0.14738675951957703
Car 0.0 0 -1.9666868448257446 779.005615234375 179.60585021972656 1130.4385986328125 375.0 4.0848184 1.4980769 1.609332 2.9849133 1.5868794 7.3967347 -1.5831284523010254 0.9985350370407104
Car 0.0 0 -1.742649793624878 625.4822998046875 178.1214141845703 660.2072143554688 202.83836364746094 3.9011574 1.4466288 1.5164716 1.9777085 1.7912574 45.124557 -1.6988500356674194 0.9971959590911865
Car 0.0 0 3.522374153137207 175.72598266601562 181.49977111816406 427.88128662109375 267.6680603027344 4.2229543 1.5625421 1.6749786 -5.9351177 1.7427003 14.129559 3.124703884124756 0.9971810579299927
Car 0.0 0 -2.253692150115967 709.9139404296875 178.05946350097656 792.188720703125 212.7056884765625 3.8634703 1.4433568 1.5717559 6.287708 1.6949883 32.753098 -2.0640265941619873 0.9944276809692383
Car 0.0 0 -2.602086067199707 37.6636962890625 171.69200134277344 339.3924865722656 285.61907958984375 3.872448 1.6876801 1.66504 -6.6363473 1.6708243 11.553349 -3.123476028442383 0.9803473949432373
Car 0.0 0 3.3688549995422363 355.95086669921875 180.63882446289062 474.6036682128906 222.7006072998047 3.8379147 1.4330817 1.5349054 -6.918615 1.7200284 25.724785 3.1061244010925293 0.9787203073501587
Car 0.0 0 0.7858966588973999 0.0 184.00900268554688 256.9204406738281 324.8563537597656 3.601169 1.5325543 1.6322628 -6.673054 1.6903735 9.100937 0.15321683883666992 0.9756877422332764
Car 0.0 0 3.4724948406219482 226.78070068359375 182.3223114013672 418.8207092285156 253.6326904296875 3.7888892 1.5241368 1.5243442 -6.5017533 1.7520154 16.489565 3.0969161987304688 0.9650697112083435
Car 0.0 0 -2.8446459770202637 327.54986572265625 179.2713623046875 461.81561279296875 227.05975341796875 3.9519541 1.5076687 1.5830418 -7.07173 1.7267743 23.784945 -3.1336419582366943 0.6858518123626709
Car 0.0 0 -1.6259897947311401 619.6331787109375 178.21678161621094 643.6703491210938 198.4418182373047 3.6798964 1.4494753 1.6102202 1.5803503 1.8691578 54.555042 -1.5970299243927002 0.5131713151931763
Car 0.0 0 3.2198784351348877 492.9248352050781 179.08050537109375 541.0198364257812 197.0818328857422 3.7081707 1.4047129 1.6429576 -7.4525094 1.9121523 57.845943 3.091750383377075 0.3809478282928467
Car 0.0 0 0.13717171549797058 450.3952331542969 176.52731323242188 527.73779296875 205.33206176757812 4.0987616 1.5753036 1.7016972 -6.7912893 1.786988 40.59837 -0.028573516756296158 0.20621438324451447
Car 0.0 0 -2.5143706798553467 313.9937438964844 189.14283752441406 473.23712158203125 248.31605529785156 3.9585483 1.4164151 1.5197678 -5.855384 1.8853632 19.387516 -2.807677984237671 0.1531849205493927
