Pedestrian 0.0 0 0.2674471437931061 503.5113830566406 164.41439819335938 563.2691040039062 274.92608642578125 0.82340425 1.7477455 0.6903097 -1.2076383 1.4950069 11.584617 0.16357731819152832 0.9242376089096069
Pedestrian 0.0 0 0.3873201012611389 485.1973876953125 160.18702697753906 548.275146484375 276.241455078125 0.8034177 1.7318677 0.5990447 -1.4040942 1.430401 10.938861 0.2596597671508789 0.8642135262489319
Pedestrian 0.0 0 -0.6102322340011597 1153.634521484375 125.90602111816406 1224.0 320.29559326171875 0.79612166 1.9230214 0.5911057 6.260868 1.3846389 7.322366 0.09717679023742676 0.7382276654243469
Pedestrian 0.0 0 2.4179980754852295 1096.7841796875 128.98577880859375 1207.1580810546875 293.5558166503906 0.87933683 1.832531 0.52850634 6.250392 1.2605932 8.162599 3.0714941024780273 0.700508177280426
Cyclist 0.0 0 1.928538203239441 488.14642333984375 150.56492614746094 564.5882568359375 272.9382019042969 1.7876532 1.8199486 0.64914775 -1.2776438 1.376413 11.456358 1.8174744844436646 0.3777839243412018
Cyclist 0.0 0 -1.8430554866790771 881.0824584960938 158.374267578125 901.7545776367188 194.09664916992188 1.69061 1.6549383 0.47068608 13.590623 0.6313563 33.617348 -1.4588699340820312 0.19159895181655884
Cyclist 0.0 0 -2.0161561965942383 970.62109375 142.04873657226562 1027.1746826171875 214.93258666992188 1.9001702 1.8274825 0.5330133 10.339053 0.86495364 18.687857 -1.5108214616775513 0.08098931610584259
Car 0.0 0 2.3437581062316895 0.0 209.74533081054688 301.0962219238281 370.0 4.381767 1.422959 1.6513195 -3.1819258 1.648244 3.2017965 1.561472773551941 0.9952220320701599
Car 0.0 0 -1.5614782571792603 645.1722412109375 168.86721801757812 666.587890625 187.82232666015625 3.8934124 1.4294034 1.6126814 4.008262 0.5534394 55.31954 -1.4891481399536133 0.9950037598609924
Car 0.0 0 -1.3394948244094849 449.7973327636719 174.4144287109375 488.2757263183594 199.3712615966797 3.7405667 1.4886266 1.5403798 -8.42879 1.1270003 44.070328 -1.5284703969955444 0.9759811758995056
