Pedestrian 0.0 0 2.174346446990967 1027.893310546875 168.21566772460938 1241.0 376.0 0.8047022 1.597041 0.61628145 2.6913636 1.5202162 3.7174783 2.80098295211792 0.3545501232147217
Cyclist 0.0 0 -3.784416913986206 964.9620971679688 133.01492309570312 1241.0 376.0 1.8326337 1.8270602 0.61057425 2.8745947 1.5791212 3.742558 -3.1294429302215576 0.07225386798381805
Car 0.0 0 -1.147153377532959 59.12893295288086 195.40792846679688 376.6064147949219 367.9114990234375 3.9965994 1.4342611 1.5901701 -4.076289 1.580965 8.237931 -1.6066479682922363 0.9985400438308716
Car 0.0 0 -1.5555994510650635 578.5742797851562 177.6268310546875 610.3880004882812 207.2160186767578 4.090838 1.5212004 1.6355957 -0.72012025 1.1321838 39.00117 -1.574061393737793 0.9977533221244812
Car 0.0 0 -1.422510027885437 457.2746276855469 180.12269592285156 513.2631225585938 217.48104858398438 4.1377673 1.4275258 1.6737889 -4.991222 1.2340455 29.549374 -1.5898418426513672 0.9974063038825989
Car 0.0 0 -1.3364428281784058 394.687255859375 184.14694213867188 484.2747802734375 241.98960876464844 3.285956 1.4249908 1.6251202 -4.4742723 1.3997927 19.35445 -1.5636272430419922 0.9962098598480225
Car 0.0 0 -1.4882549047470093 498.481689453125 180.588623046875 532.9125366210938 207.94155883789062 3.380591 1.4071157 1.5671296 -4.9448395 1.1702169 38.699806 -1.6153405904769897 0.976017951965332
Car 0.0 0 2.312873601913452 0.0 185.09144592285156 95.8827133178711 267.1066589355469 3.8704755 1.4630523 1.5951831 -12.785934 1.461967 14.777143 1.5995919704437256 0.9330899119377136
Car 0.0 0 1.9591984748840332 345.8167419433594 180.9407501220703 423.01898193359375 223.4626007080078 3.5138373 1.5362412 1.6401026 -8.58322 1.382926 27.789991 1.6596331596374512 0.9202190041542053
Car 0.0 0 2.337311267852783 0.0 198.07496643066406 89.73784637451172 353.3419494628906 3.7428715 1.3744072 1.5471076 -8.327321 1.5620426 8.546173 1.5648826360702515 0.875189483165741
Car 0.0 0 2.039379835128784 336.6625671386719 178.27635192871094 398.00787353515625 209.5460662841797 3.6424692 1.5490121 1.5602132 -12.50901 1.2063884 37.522038 1.7175893783569336 0.6934863924980164
Car 0.0 0 2.063626527786255 159.99916076660156 189.6671600341797 304.9051818847656 261.59881591796875 3.2979462 1.4551747 1.5462648 -8.449761 1.5682168 16.406408 1.588028907775879 0.18112069368362427
