Pedestrian 0.0 0 -0.8393573760986328 672.6921997070312 164.63491821289062 690.9246826171875 194.9039764404297 0.912193 1.7955562 0.64624625 4.281534 1.3083591 43.345047 -0.740898847579956 0.07782132923603058
Cyclist 0.0 0 -2.027376174926758 899.9613647460938 186.87669372558594 1045.470703125 375.0 1.6548193 1.7122003 0.50812584 3.2292032 1.8588897 6.6974916 -1.5781092643737793 0.17975373566150665
Car 0.0 0 -1.7574431896209717 690.3525390625 179.7490997314453 809.2014770507812 264.02862548828125 4.2664447 1.4560204 1.5956348 2.6716697 1.6197658 14.9539 -1.5806481838226318 0.9995734095573425
Car 0.0 0 0.7359116077423096 0.0 184.16502380371094 237.3653106689453 369.7901916503906 4.3215137 1.5342585 1.6415932 -6.1984406 1.6556444 6.889813 0.00328826904296875 0.9906287789344788
Car 0.0 0 3.7486042976379395 0.0 176.57826232910156 230.6600799560547 319.9366455078125 3.4576604 1.6430044 1.7095261 -7.0969906 1.6959553 9.250972 3.094209909439087 0.9877755641937256
Car 0.0 0 -2.9383625984191895 407.6075134277344 170.13873291015625 517.50146484375 211.43678283691406 4.0577755 1.6060121 1.6815754 -5.88523 1.5007782 28.902212 -3.139241933822632 0.9851799011230469
Car 0.0 0 -2.5251471996307373 13.916364669799805 175.9951629638672 332.43060302734375 283.9427795410156 4.1810546 1.5736704 1.669719 -6.9106736 1.6287378 11.568998 -3.0636115074157715 0.9782711863517761
Car 0.0 0 -3.3935422897338867 765.1105346679688 172.318603515625 932.69873046875 229.6500701904297 4.1020436 1.5052614 1.6306717 6.4265394 1.4915626 19.879814 -3.080876350402832 0.9717850685119629
Car 0.0 0 3.4308531284332275 232.01499938964844 179.33554077148438 443.6371154785156 246.38787841796875 4.163293 1.403841 1.6398262 -6.038643 1.5587492 16.245369 3.074965715408325 0.9540234804153442
Car 0.0 0 3.3424417972564697 383.6670227050781 174.87425231933594 493.00762939453125 217.43951416015625 3.6541848 1.5060235 1.6212147 -6.2778068 1.5829552 26.477356 3.1096396446228027 0.9424904584884644
Car 0.0 0 -2.958225727081299 445.1065979003906 169.64041137695312 528.8280639648438 202.68887329101562 3.5921352 1.4959809 1.6596253 -5.70797 1.3508716 33.514637 -3.126919746398926 0.8949638605117798
Car 0.0 0 -0.26169219613075256 723.677978515625 170.80422973632812 859.4525756835938 221.1029052734375 4.1354604 1.6312935 1.670139 5.9892116 1.5651731 24.274082 -0.019790921360254288 0.8640852570533752
Car 0.0 0 -2.893815517425537 454.7281494140625 167.3726043701172 537.2294921875 195.81365966796875 4.0896416 1.4831581 1.6221274 -6.1037526 1.1976697 38.617943 -3.0505735874176025 0.7579829096794128
Car 0.0 0 -2.6611216068267822 128.0616455078125 171.00192260742188 349.6202697753906 256.5372619628906 3.4489212 1.5573593 1.6416448 -7.11609 1.5239961 13.971412 -3.132207155227661 0.5238571763038635
Car 0.0 0 -0.22618387639522552 687.4081420898438 168.34780883789062 779.1468505859375 203.04248046875 4.0213847 1.5970079 1.5839899 5.7482414 1.3899443 34.119625 -0.05927804112434387 0.19370290637016296
Car 0.0 0 3.2882542610168457 454.0273132324219 170.15647888183594 533.2415161132812 198.59190368652344 3.70036 1.3833073 1.6007191 -5.7864866 1.2524385 35.92256 3.1285438537597656 0.16392378509044647
Car 0.0 0 -1.8896760940551758 865.3370971679688 205.3859405517578 1192.412841796875 375.0 3.6191716 1.4328632 1.6079035 3.6769774 1.8429587 7.1730666 -1.4159923791885376 0.11911456286907196
