Pedestrian 0.0 0 1.3230419158935547 13.01617431640625 150.33932495117188 124.00499725341797 353.89495849609375 0.7100649 1.7128305 0.6482359 -4.9661345 1.5237375 6.543487 0.6738417148590088 0.06335915625095367
Pedestrian 0.0 0 -2.1192502975463867 297.63604736328125 162.2012939453125 356.0020751953125 274.4622497558594 0.71337306 1.7062173 0.5693747 -4.529727 1.544668 11.4055195 -2.4972991943359375 0.05472484230995178
Cyclist 0.0 0 -1.9747498035430908 722.0136108398438 180.2190704345703 789.1444702148438 274.99896240234375 1.7917843 1.6947355 0.6110852 2.7331126 1.847468 13.98499 -1.7817505598068237 0.21947290003299713
Cyclist 0.0 0 2.1012699604034424 273.26922607421875 144.35401916503906 369.1053161621094 270.9822692871094 1.8017235 1.8411046 0.57728666 -4.569558 1.4270883 11.42188 1.7207026481628418 0.053543779999017715
Car 0.0 0 -1.6899092197418213 654.9526977539062 177.29110717773438 708.0556640625 218.05760192871094 4.1161747 1.463264 1.5857087 2.6996844 1.6512094 28.424896 -1.595217227935791 0.9990873336791992
Car 0.0 0 -1.8854001760482788 753.422119140625 186.26901245117188 992.7351684570312 340.917236328125 3.9588263 1.4723191 1.5966254 2.970029 1.6804483 9.191359 -1.5728580951690674 0.997600257396698
Car 0.0 0 -2.8219656944274902 343.06793212890625 176.17005920410156 474.5360412597656 225.7017822265625 3.7794101 1.532589 1.6252434 -6.4909363 1.6444085 23.346884 -3.0931386947631836 0.9745245575904846
Car 0.0 0 0.17128577828407288 418.0079650878906 175.03099060058594 510.57000732421875 208.79942321777344 3.9119415 1.4921906 1.6366509 -6.621431 1.5943474 32.865482 -0.027523484081029892 0.9338104724884033
Car 0.0 0 0.28729891777038574 366.68585205078125 174.66725158691406 497.812744140625 221.0160369873047 4.2008996 1.5808276 1.7677869 -6.296031 1.6481539 25.664696 0.046730995178222656 0.908786952495575
Car 0.0 0 -2.8055875301361084 393.58782958984375 174.66798400878906 507.458984375 219.91448974609375 4.0238953 1.691302 1.6090208 -6.2071385 1.7648883 28.088024 -3.023080825805664 0.8489591479301453
Car 0.0 0 -2.319009304046631 0.0 164.2926788330078 184.25442504882812 375.0 3.934306 1.7829648 1.7244666 -6.6606035 1.711507 7.037397 -3.076907157897949 0.8195128440856934
Car 0.0 0 -2.6399877071380615 96.8750228881836 176.14476013183594 360.96856689453125 279.2228088378906 3.5451102 1.5921618 1.6657692 -6.2827187 1.6515481 12.068909 -3.1199560165405273 0.3145182132720947
Car 0.0 0 -2.5091910362243652 338.5171813964844 182.42855834960938 487.0655822753906 235.8906707763672 4.0034113 1.3968081 1.5140649 -5.7268696 1.6917303 20.77641 -2.7781548500061035 0.265417218208313
Car 0.0 0 -2.9416847229003906 431.6474304199219 170.26963806152344 522.8364868164062 203.21827697753906 4.1427965 1.573799 1.6773779 -6.490137 1.4507146 35.33806 -3.123319149017334 0.1962837278842926
