Pedestrian 0.0 0 1.5822250843048096 530.0695190429688 128.61474609375 559.28564453125 214.8578643798828 0.7859098 1.9144391 0.6472989 -1.4104781 0.7642951 16.106586 1.4948763847351074 0.9770691990852356
Pedestrian 0.0 0 1.1328761577606201 729.075439453125 146.30029296875 773.8528442382812 245.19818115234375 0.8168241 1.6677684 0.4614003 2.5081518 1.0926892 12.369645 1.332930564880371 0.9568610787391663
Pedestrian 0.0 0 1.3507475852966309 436.1236267089844 126.63247680664062 473.56903076171875 213.8217010498047 0.7940817 1.8484744 0.641912 -3.3348124 0.708064 15.47995 1.1385624408721924 0.8864100575447083
Pedestrian 0.0 0 1.248367428779602 558.135498046875 141.26760864257812 604.4700317382812 255.14120483398438 0.7435979 1.7816354 0.54278827 -0.43940383 1.1694729 11.500969 1.2101801633834839 0.8854896426200867
Pedestrian 0.0 0 1.3685016632080078 593.3909301757812 140.49366760253906 637.4190673828125 251.9890594482422 0.6715699 1.7782779 0.6003738 0.11786216 1.1418582 11.658927 1.3786104917526245 0.775770902633667
Pedestrian 0.0 0 1.3136389255523682 647.6658935546875 149.0077362060547 675.5072631835938 210.02284240722656 0.9183537 1.748922 0.5989818 1.6210961 0.84780544 20.766932 1.3915423154830933 0.5707371830940247
Pedestrian 0.0 0 1.0229039192199707 504.7542724609375 135.19581604003906 538.62841796875 214.62164306640625 0.57398087 1.840912 0.5852028 -2.0185113 0.7924696 16.789362 0.9032526016235352 0.5289601683616638
Pedestrian 0.0 0 -2.1582939624786377 464.6507568359375 130.1103973388672 507.9065856933594 213.6109161376953 0.7564435 1.8389869 0.66043377 -2.7399838 0.73083824 16.068548 -2.327188014984131 0.4668031334877014
Pedestrian 0.0 0 1.4963195323944092 560.7528076171875 146.5009307861328 581.8451538085938 196.71624755859375 0.84532654 1.7522836 0.6859152 -1.2314522 0.56740177 25.129478 1.4473544359207153 0.28730523586273193
Pedestrian 0.0 0 -1.7853519916534424 552.0706787109375 146.83419799804688 570.9326171875 191.30213928222656 0.65641516 1.8130074 0.65252924 -1.8238909 0.44190502 29.227104 -1.8476753234863281 0.12981228530406952
Pedestrian 0.0 0 1.3763684034347534 625.6222534179688 150.25445556640625 647.5274658203125 204.1587371826172 0.80671734 1.8514973 0.61941963 1.0706325 0.8141598 24.72606 1.419641137123108 0.10067518055438995
Pedestrian 0.0 0 -1.1393228769302368 353.7618103027344 135.59158325195312 388.1054992675781 200.58074951171875 0.89508456 1.9707268 0.7025334 -7.28004 0.61048657 21.919176 -1.4599909782409668 0.08384162187576294
Cyclist 0.0 0 2.3585259914398193 421.7730407714844 124.93358612060547 490.88104248046875 212.16534423828125 1.5501984 1.8451142 0.58262557 -3.33071 0.6714016 15.758519 2.1502323150634766 0.2996513247489929
Cyclist 0.0 0 -1.0622406005859375 543.7598266601562 149.24603271484375 573.1282958984375 191.8634033203125 1.5521201 1.7386467 0.54448485 -1.962962 0.46507943 29.658173 -1.1283304691314697 0.13519667088985443
Cyclist 0.0 0 2.059995174407959 460.2884826660156 137.38827514648438 516.9912719726562 220.41140747070312 1.6794728 1.7716451 0.54065174 -2.6394694 0.8532955 15.964957 1.896148443222046 0.0630374327301979
