Car 0.0 0 -1.9831218719482422 829.6568603515625 190.93638610839844 1135.2296142578125 360.498291015625 3.7618139 1.4071918 1.6251755 3.8223255 1.6628175 8.286488 -1.5509337186813354 0.9995629191398621
Car 0.0 0 -1.8217649459838867 751.5601196289062 182.4661102294922 890.20849609375 273.24847412109375 3.7534645 1.4535238 1.6198496 3.8130996 1.6634955 13.841161 -1.5529433488845825 0.9991604089736938
Car 0.0 0 -1.7608860731124878 711.4928588867188 180.96475219726562 806.4093017578125 244.74383544921875 4.140929 1.4625504 1.6775839 3.7681482 1.7014575 19.144714 -1.5665457248687744 0.9990580677986145
Car 0.0 0 1.7716819047927856 437.558349609375 182.99925231933594 514.0047607421875 232.46878051757812 4.3063297 1.4474169 1.6843176 -4.42803 1.8181267 24.167631 1.590470314025879 0.9978354573249817
Car 0.0 0 1.918792963027954 261.71600341796875 189.138671875 434.17828369140625 292.16754150390625 4.015993 1.5152777 1.6742537 -4.631662 1.8606243 13.2649975 1.5828629732131958 0.997265100479126
Car 0.0 0 1.821297526359558 386.2931823730469 185.39569091796875 485.9167785644531 252.14254760742188 3.8688107 1.508525 1.6289696 -4.4921017 1.8728147 18.985771 1.5889664888381958 0.9963812828063965
Car 0.0 0 1.708553671836853 523.4531860351562 178.65524291992188 562.1016235351562 206.93048095703125 3.7294276 1.4737816 1.6533092 -3.7398462 1.8133395 40.285595 1.615985631942749 0.9955031275749207
Car 0.0 0 -1.6449031829833984 692.4354248046875 178.3142547607422 739.2807006835938 219.05758666992188 3.924258 1.5397817 1.6137393 4.268038 1.7810364 29.81766 -1.5027309656143188 0.9943084120750427
Car 0.0 0 -2.4502439498901367 1041.165771484375 191.82180786132812 1242.0 375.0 3.5270383 1.5067415 1.5867232 3.7652996 1.6395702 3.2561662 -1.5924615859985352 0.9841082096099854
Car 0.0 0 -1.7055227756500244 697.3470458984375 179.7615203857422 764.959716796875 230.89356994628906 4.0637126 1.5353761 1.6887969 3.9346151 1.7877717 24.271175 -1.5448102951049805 0.9756026268005371
Car 0.0 0 -1.6537582874298096 686.0634155273438 179.02432250976562 726.8244018554688 214.2659454345703 4.1958475 1.5906631 1.6292261 4.6397314 1.9124129 35.445797 -1.523601770401001 0.8123589158058167
