Pedestrian 0.0 0 1.1099001169204712 620.53662109375 176.10086059570312 644.2516479492188 219.6681671142578 0.75645304 1.6569005 0.6500755 0.8226027 1.7853762 27.988895 1.139281988143921 0.061596039682626724
Car 0.0 0 -1.70179283618927 646.6812133789062 182.51710510253906 702.3468017578125 223.6445770263672 4.014425 1.4106872 1.603406 2.3624058 1.8100384 27.747816 -1.6168591976165771 0.9995057582855225
Car 0.0 0 3.5458731651306152 170.05911254882812 190.5360107421875 406.9747619628906 273.72442626953125 3.8837454 1.4763286 1.5568527 -6.1323733 1.8379173 13.939645 3.1314306259155273 0.9990639090538025
Car 0.0 0 0.6377032995223999 0.0 193.38633728027344 271.27593994140625 335.3718566894531 3.9846041 1.6116728 1.6090927 -6.76183 1.8982736 9.239896 0.005947113037109375 0.9988901019096375
Car 0.0 0 0.34853604435920715 301.27166748046875 183.34669494628906 456.6092834472656 238.4391326904297 3.9763515 1.5055724 1.6429161 -6.6798 1.8238481 20.958765 0.04000234603881836 0.9984429478645325
Car 0.0 0 3.92498517036438 0.0 187.52151489257812 149.8615264892578 375.0 3.7517002 1.548212 1.698286 -6.8270497 1.7046975 6.824345 3.1393887996673584 0.997089684009552
Car 0.0 0 -1.7966145277023315 682.7123413085938 184.84754943847656 775.6788330078125 249.7017059326172 3.4451957 1.4129318 1.5478528 2.8420563 1.7444198 18.145388 -1.6412498950958252 0.9970876574516296
Car 0.0 0 0.36076289415359497 268.091552734375 184.96351623535156 430.07769775390625 245.42906188964844 3.630584 1.4747448 1.5955153 -6.7439528 1.8037235 18.752068 0.015527963638305664 0.9957642555236816
Car 0.0 0 3.3618199825286865 331.1134948730469 181.9457550048828 461.519287109375 230.9896697998047 3.7940402 1.5051333 1.6474276 -6.90233 1.8128113 23.439419 3.075439453125 0.9900665283203125
Car 0.0 0 3.3035542964935303 413.4334716796875 184.85935974121094 513.189453125 219.33457946777344 4.0671377 1.4356085 1.6173729 -6.3930945 1.9756119 31.545307 3.1035985946655273 0.9852586984634399
Car 0.0 0 0.32335999608039856 351.71954345703125 180.99224853515625 479.8935852050781 226.06634521484375 4.13676 1.5342889 1.594075 -6.932421 1.8362093 25.812248 0.06098055839538574 0.9624200463294983
Car 0.0 0 -2.94645094871521 432.4482421875 175.3370819091797 518.6213989257812 209.73550415039062 4.024337 1.6890703 1.7009205 -6.776994 1.8177979 36.426 -3.1303961277008057 0.8889861106872559
Car 0.0 0 -2.707204818725586 210.8239288330078 183.48118591308594 410.1787109375 257.2359619140625 3.8231785 1.549262 1.6679178 -6.7275925 1.8037431 16.334396 -3.0978989601135254 0.7834118008613586
Car 0.0 0 -1.637238621711731 643.2041625976562 180.00228881835938 677.4596557617188 209.67007446289062 3.830477 1.4642228 1.5599531 2.600298 1.86449 38.447422 -1.5697089433670044 0.706378698348999
Car 0.0 0 -2.5557308197021484 1171.0206298828125 194.0975799560547 1242.0 375.0 3.8248873 1.4321765 1.590846 6.3508887 1.642689 5.1552725 -1.6667933464050293 0.23635037243366241
Car 0.0 0 3.308629035949707 422.16925048828125 179.65203857421875 501.41412353515625 211.71873474121094 3.4252305 1.4503235 1.5978478 -6.946458 1.777762 33.854336 3.1062512397766113 0.14826293289661407
Car 0.0 0 -2.046480178833008 1194.4913330078125 158.88804626464844 1242.0 209.97377014160156 3.8064606 1.6735044 1.7764405 22.836514 1.2163551 25.698053 -1.3199727535247803 0.12668482959270477
