Cyclist 0.0 0 -3.542850971221924 1051.913330078125 146.6357421875 1148.692626953125 228.1412811279297 1.7662605 1.7849202 0.43517938 10.921627 1.2111144 16.180977 -2.9491238594055176 0.0989408865571022
Cyclist 0.0 0 -0.9128954410552979 1192.94287109375 188.44615173339844 1242.0 375.0 1.70303 1.6075933 0.54385155 3.947871 1.6951395 3.6823595 -0.09271398931741714 0.08772630989551544
Cyclist 0.0 0 -2.244699001312256 1227.732421875 153.7419891357422 1242.0 223.85003662109375 1.5287952 1.7769415 0.45673224 17.122179 1.2928911 19.061516 -1.5128467082977295 0.06752780079841614
Car 0.0 0 2.152834892272949 0.0 190.5231170654297 256.27593994140625 352.88287353515625 3.945228 1.6451534 1.5996045 -6.5677276 1.9321909 9.721987 1.5587048530578613 0.9994245767593384
Car 0.0 0 1.7334989309310913 446.44793701171875 184.68173217773438 521.2741088867188 235.36431884765625 4.0278864 1.44436 1.7677208 -4.053607 1.863503 23.523869 1.562855839729309 0.9980791807174683
Car 0.0 0 -1.6235908269882202 629.3392944335938 177.7746124267578 661.5849609375 204.85765075683594 4.209574 1.4801134 1.6582714 1.9984459 1.7833858 42.305866 -1.576387882232666 0.9974091649055481
Car 0.0 0 1.8627910614013672 314.94232177734375 190.3809051513672 413.679931640625 248.3961181640625 3.9393463 1.3957497 1.5857941 -6.9110794 1.9439323 20.555517 1.5384489297866821 0.9970081448554993
Car 0.0 0 1.7071049213409424 497.1156921386719 182.5443572998047 541.9522094726562 217.849365234375 3.619605 1.523965 1.61785 -4.241555 2.0048974 33.96111 1.5828537940979004 0.9923128485679626
Car 0.0 0 2.9082343578338623 721.1400146484375 170.82891845703125 812.0792236328125 200.38796997070312 4.0778823 1.4107355 1.633365 7.5743604 1.3144443 35.29461 3.119631767272949 0.9871122241020203
Car 0.0 0 -0.17863324284553528 703.7269287109375 163.76148986816406 787.686767578125 194.3193359375 4.1745505 1.5948235 1.6321446 7.153639 1.1206403 38.481354 0.005167484283447266 0.6669330596923828
Car 0.0 0 0.48546668887138367 130.2519989013672 187.94325256347656 239.1519317626953 222.11663818359375 3.792988 1.4131902 1.5903825 -18.54125 2.090758 31.497442 -0.046572063118219376 0.2002827227115631
