Pedestrian 0.0 0 -0.1495058834552765 760.0953369140625 158.04689025878906 818.9913330078125 262.6827392578125 0.86967516 1.7054721 0.65336895 2.9496977 1.4644871 12.121802 0.08919310569763184 0.7724931240081787
Pedestrian 0.0 0 2.600649833679199 724.2308349609375 150.77438354492188 777.1755981445312 240.42832946777344 0.8595312 1.805549 0.66458154 2.8666513 1.3612436 14.98845 2.7896251678466797 0.336200475692749
Pedestrian 0.0 0 2.9550390243530273 686.6227416992188 152.92877197265625 730.6223754882812 242.87242126464844 0.8453315 1.9164366 0.62813675 2.0882473 1.4922459 15.707695 3.0872082710266113 0.2514244318008423
Pedestrian 0.0 0 0.12037821114063263 707.7049560546875 154.01107788085938 760.3163452148438 249.08929443359375 0.94336313 1.7863618 0.5709118 2.3537667 1.4326924 13.961203 0.2874009609222412 0.23713575303554535
Pedestrian 0.0 0 0.7444287538528442 283.29425048828125 159.2865447998047 343.5767517089844 262.8463439941406 0.77202886 1.8501762 0.68419427 -5.5288367 1.6081411 13.342193 0.351581335067749 0.10210965573787689
Pedestrian 0.0 0 2.7876148223876953 727.3868408203125 156.819091796875 791.0808715820312 261.2829284667969 0.8990876 1.7621459 0.70018446 2.5388646 1.4920192 12.58375 2.9866995811462402 0.0832403302192688
Cyclist 0.0 0 -3.017507791519165 728.6943359375 149.89678955078125 842.9644165039062 261.6385192871094 1.8107642 1.7886436 0.59385157 2.9041266 1.4215266 12.142839 -2.7827537059783936 0.6833247542381287
Cyclist 0.0 0 -2.9409079551696777 705.1148681640625 139.9905242919922 803.9356689453125 240.18470764160156 1.9055098 1.9743457 0.67142665 2.9287493 1.3271224 14.891691 -2.746716260910034 0.06554669141769409
Car 0.0 0 -1.1760388612747192 53.019256591796875 176.46194458007812 449.0478210449219 375.0 3.8664267 1.4929458 1.6301632 -2.7262444 1.53518 6.4338255 -1.576838493347168 0.9985132813453674
Car 0.0 0 -1.519058108329773 594.6405639648438 172.34954833984375 622.435791015625 195.92950439453125 4.157453 1.456648 1.5874652 -0.08669712 1.4258429 46.685844 -1.520915150642395 0.9974665641784668
Car 0.0 0 1.7962591648101807 438.4093933105469 178.09385681152344 476.1454162597656 202.40020751953125 3.9866369 1.4808774 1.5449519 -9.891954 1.8358982 46.828728 1.5880826711654663 0.9957406520843506
Car 0.0 0 2.0005624294281006 267.9473876953125 183.44215393066406 354.4009094238281 228.99766540527344 3.4571996 1.3790447 1.38479 -10.053356 1.763379 24.409285 1.6098687648773193 0.3232940435409546
Car 0.0 0 -3.2118890285491943 723.1889038085938 178.07643127441406 861.1800537109375 226.67196655273438 3.8874047 1.369928 1.5434705 5.33121 1.5350028 21.663486 -2.9705917835235596 0.11794023960828781
