Car 0.0 0 -1.7007468938827515 652.2566528320312 175.09181213378906 704.7738647460938 213.5952606201172 3.862885 1.4590466 1.6373541 2.693375 1.5570805 29.52907 -1.6097875833511353 0.9986961483955383
Car 0.0 0 1.6637279987335205 512.3427124023438 178.31622314453125 565.5667114257812 221.59317016601562 3.4971936 1.4168026 1.5769567 -2.5214095 1.6258584 25.813341 1.5663583278656006 0.9968881011009216
Car 0.0 0 0.6860122680664062 0.0 181.8245849609375 300.56976318359375 342.7024841308594 4.3541627 1.584437 1.687327 -6.0824275 1.697828 8.148629 0.04479622840881348 0.9962884187698364
Car 0.0 0 -1.8424105644226074 724.5309448242188 183.18597412109375 912.8267822265625 306.264404296875 4.2043447 1.450953 1.5805968 2.8491411 1.6387925 10.974332 -1.5883997678756714 0.9960779547691345
Car 0.0 0 0.546917736530304 42.015968322753906 186.0071258544922 364.922607421875 299.4773864746094 3.9388998 1.5242624 1.6424067 -5.975316 1.738024 10.801439 0.041623830795288086 0.991945207118988
Car 0.0 0 -2.659437417984009 242.82847595214844 177.46499633789062 443.08111572265625 247.01622009277344 4.210305 1.5430822 1.6293833 -6.351621 1.6604407 17.227072 -3.0126733779907227 0.9785919785499573
Car 0.0 0 -2.4572043418884277 986.9175415039062 214.13453674316406 1242.0 375.0 3.752925 1.4283227 1.5974011 2.7170165 1.6540586 2.0272918 -1.5274380445480347 0.9708504676818848
Car 0.0 0 0.10233106464147568 417.9967041015625 177.00367736816406 510.7931823730469 210.89749145507812 3.9790866 1.4779772 1.6052264 -6.574155 1.6720651 32.692898 -0.09611058980226517 0.9348948001861572
Car 0.0 0 0.6167968511581421 177.09176635742188 179.5673370361328 397.79833984375 261.3687744140625 3.8214505 1.4969774 1.6536309 -6.5038114 1.6440555 14.581253 0.19724154472351074 0.9279163479804993
Car 0.0 0 -2.2349777221679688 0.0 199.8233642578125 25.852718353271484 375.0 3.5712178 1.4440895 1.6551453 -6.9266396 1.6794755 5.452769 -3.138876438140869 0.2587263286113739
