Pedestrian 0.0 0 0.1635877937078476 546.2689819335938 155.25550842285156 610.8078002929688 273.7464599609375 0.9115257 1.7800369 0.65347105 -0.44567335 1.4024612 10.996926 0.12308287620544434 0.7908766269683838
Pedestrian 0.0 0 0.7329381108283997 555.2760620117188 158.1551513671875 621.9798583984375 270.5663146972656 0.8863433 1.7466998 0.63801473 -0.31427628 1.4011521 11.511732 0.7056443691253662 0.6887598037719727
Pedestrian 0.0 0 -1.5837395191192627 202.14418029785156 179.2757568359375 220.68740844726562 223.4162139892578 0.74627864 1.8150032 0.66696 -16.480423 1.7661515 29.557735 -2.092373847961426 0.057620301842689514
Cyclist 0.0 0 1.7405930757522583 564.5390014648438 154.29678344726562 619.0159301757812 281.449462890625 1.722439 1.8952721 0.6026725 -0.22838606 1.5063622 11.430479 1.720615267753601 0.365071564912796
Cyclist 0.0 0 -1.8640068769454956 880.2903442382812 156.62435913085938 902.0609741210938 193.25775146484375 1.6887562 1.6942482 0.48751396 13.554415 0.5914844 33.558147 -1.4801357984542847 0.210118368268013
Cyclist 0.0 0 -1.9834229946136475 972.2695922851562 139.5658721923828 1022.766357421875 213.01571655273438 1.7903938 1.853743 0.4883695 10.345007 0.82223165 18.753445 -1.4793274402618408 0.06917104870080948
Car 0.0 0 -0.7891945838928223 0.0 204.66123962402344 296.989990234375 370.0 4.374673 1.4625514 1.6605734 -3.18276 1.6465857 3.133719 -1.582356572151184 0.9954272508621216
Car 0.0 0 -1.3762681484222412 448.97332763671875 174.00570678710938 486.7048645019531 198.9733123779297 3.9997554 1.488303 1.570581 -8.514457 1.1025491 44.144756 -1.56680428981781 0.992649257183075
Car 0.0 0 -1.5866857767105103 642.7411499023438 170.5178680419922 660.8599243164062 186.96728515625 3.8474612 1.4049472 1.5279721 4.122383 0.55356836 62.343815 -1.5206584930419922 0.9919488430023193
Car 0.0 0 1.6731476783752441 586.152099609375 172.80043029785156 619.963623046875 198.62387084960938 4.27362 1.523281 1.6733593 -0.075213395 1.0704676 43.912712 1.6714348793029785 0.43696874380111694
