Pedestrian 0.0 0 0.5688069462776184 1229.963623046875 119.28201293945312 1242.0 375.0 1.0761027 1.8757834 0.63431937 4.013693 1.6384534 3.7862992 1.383349895477295 0.07822756469249725
Pedestrian 0.0 0 2.399930715560913 135.35488891601562 141.5427703857422 213.27841186523438 262.4481506347656 0.87630606 1.923613 0.6860767 -7.2787123 1.425807 11.99362 1.854466199874878 0.055806126445531845
Car 0.0 0 3.7014944553375244 0.0 185.64370727539062 321.770751953125 307.8266906738281 4.1613317 1.5121933 1.5889155 -6.4167743 1.7031007 9.923493 3.127495765686035 0.9986066222190857
Car 0.0 0 -1.8929975032806396 746.0076293945312 167.95921325683594 992.78466796875 342.9928283691406 3.6926625 1.6696541 1.6140463 2.774199 1.6233205 8.738096 -1.5855792760849 0.9983080625534058
Car 0.0 0 0.7200212478637695 0.0 185.5214385986328 246.23883056640625 361.019775390625 4.044472 1.5521379 1.6068029 -6.181645 1.6963227 7.345108 0.02042388916015625 0.9979852437973022
Car 0.0 0 -1.678072214126587 671.67724609375 179.7335662841797 736.1305541992188 230.1039581298828 3.8665078 1.4046172 1.5732523 2.8080451 1.6389911 22.59529 -1.5544304847717285 0.9978930354118347
Car 0.0 0 3.4668850898742676 265.1945495605469 179.63931274414062 448.5683288574219 247.80935668945312 3.9135923 1.5752501 1.6791853 -6.1497283 1.7501328 17.698414 3.132462978363037 0.9963397979736328
Car 0.0 0 0.3040911555290222 307.4351806640625 181.00550842285156 473.85406494140625 237.7069549560547 4.12428 1.4893658 1.6136669 -6.0435076 1.7252674 20.017382 0.010880231857299805 0.9961283206939697
Car 0.0 0 -2.6187381744384766 52.94700622558594 163.53977966308594 344.7206115722656 279.7408142089844 4.0401783 1.8555098 1.7323471 -6.954974 1.7071371 12.409211 -3.1295833587646484 0.9954108595848083
Car 0.0 0 -1.5971564054489136 632.371337890625 176.846435546875 654.9293212890625 195.8560791015625 3.877318 1.4108844 1.6512879 2.570932 1.7337255 56.3244 -1.5515429973602295 0.98121178150177
Car 0.0 0 0.3178679645061493 352.109619140625 172.80776977539062 496.71380615234375 221.8070831298828 4.5017276 1.6140238 1.7002252 -6.3450165 1.6128592 24.763494 0.06703948974609375 0.9809759855270386
Car 0.0 0 -3.2805399894714355 720.7460327148438 176.01596069335938 841.2559814453125 218.20819091796875 4.264835 1.537882 1.7505091 6.390536 1.6634952 27.517841 -3.0523524284362793 0.9781174063682556
Car 0.0 0 0.28282400965690613 331.90594482421875 174.55282592773438 467.1875915527344 225.5991668701172 3.7500792 1.5312041 1.6111358 -6.5341663 1.586442 22.500332 0.00019478797912597656 0.9309110641479492
Car 0.0 0 0.23127903044223785 401.7734680175781 175.3401641845703 507.9754943847656 213.69790649414062 4.0024605 1.5300946 1.7096224 -6.387003 1.6361918 29.790276 0.02007746696472168 0.9201958775520325
Car 0.0 0 0.39588242769241333 155.60565185546875 180.5574188232422 381.9414367675781 257.4884338378906 3.9383147 1.488958 1.6461886 -7.0258813 1.6596256 15.0461645 -0.0409814678132534 0.732414186000824
Car 0.0 0 3.161722183227539 448.1516418457031 181.042724609375 516.1526489257812 209.60986328125 3.317333 1.3814579 1.5557114 -6.4785943 1.8077548 36.502846 2.986069440841675 0.6522222757339478
Car 0.0 0 0.17900040745735168 500.9005126953125 178.0950164794922 553.9041137695312 198.55935668945312 3.4690757 1.3927547 1.492393 -5.775624 1.7654439 50.39953 0.06490135192871094 0.5173664093017578
Car 0.0 0 0.18342655897140503 416.1672058105469 176.02769470214844 512.0286254882812 213.11361694335938 3.9536004 1.6014369 1.6520236 -6.4865026 1.7470222 32.157948 -0.01561038475483656 0.26020821928977966
Car 0.0 0 3.375323534011841 373.6000061035156 177.21817016601562 476.024169921875 219.6234893798828 3.4640853 1.5419652 1.6340351 -6.9789405 1.7123058 27.254623 3.124645233154297 0.204289510846138
