Pedestrian 0.0 0 -2.0549190044403076 959.8490600585938 173.0043182373047 994.1773681640625 230.9521942138672 0.713319 1.568877 0.57690996 10.065081 1.5734556 19.895155 -1.5865576267242432 0.6722784042358398
Pedestrian 0.0 0 -1.574428915977478 835.8544311523438 168.78134155273438 859.3270874023438 235.46315002441406 0.95349944 1.7927502 0.60216624 6.515064 1.6836143 19.942072 -1.2586606740951538 0.4900854229927063
Pedestrian 0.0 0 0.9666672348976135 0.0 175.57693481445312 77.57975769042969 344.7131652832031 0.61684877 1.664574 0.6259494 -6.131096 1.6946923 7.4970536 0.28116607666015625 0.14550766348838806
Cyclist 0.0 0 -3.421525239944458 810.0169677734375 167.98597717285156 882.7151489257812 231.33580017089844 1.815569 1.7263656 0.61316955 6.4870825 1.5940635 19.997147 -3.1078357696533203 0.25737884640693665
Cyclist 0.0 0 2.1500985622406006 0.0 158.8068389892578 105.99180603027344 349.6454772949219 1.8051565 1.7412481 0.6066526 -6.1572804 1.613437 7.5105934 1.4633928537368774 0.08912722021341324
Cyclist 0.0 0 -3.605405807495117 938.3697509765625 162.53665161132812 1012.3895874023438 228.13182067871094 1.7643856 1.7859728 0.5493298 10.026591 1.5054183 19.919586 -3.1390790939331055 0.0764206051826477
Car 0.0 0 0.5073050260543823 106.75163269042969 184.32327270507812 298.45782470703125 249.50927734375 3.6293728 1.433561 1.5275611 -9.495441 1.7150004 16.908499 -0.00438377819955349 0.9983898401260376
Car 0.0 0 -1.7564035654067993 672.914794921875 172.64682006835938 729.51123046875 213.1998748779297 3.9319267 1.6249214 1.6948735 3.7938437 1.6169779 30.924368 -1.6343321800231934 0.9929714798927307
Car 0.0 0 1.7036874294281006 497.30963134765625 179.0857391357422 544.61865234375 215.80165100097656 3.8402467 1.4828016 1.5692018 -3.892343 1.7737986 31.720259 1.5815893411636353 0.9673190116882324
Car 0.0 0 -1.7322288751602173 585.4860229492188 173.181640625 609.8432006835938 191.8976287841797 3.3935778 1.5693933 1.5761752 -1.1139467 1.5988964 62.37394 -1.7500861883163452 0.1439935266971588
