Cyclist 0.0 0 -3.7245121002197266 1133.082763671875 132.5299072265625 1242.0 355.50164794921875 1.8113219 1.607247 0.7142538 5.274848 1.3169367 5.6984267 -2.9776957035064697 0.052581656724214554
Car 0.0 0 -1.6659823656082153 638.7853393554688 180.7129364013672 685.6036987304688 216.67994689941406 3.7054284 1.3639057 1.5859412 2.0730562 1.7119974 30.05013 -1.5971049070358276 0.9991451501846313
Car 0.0 0 -0.3851548731327057 765.9447631835938 182.75514221191406 990.8003540039062 255.6914520263672 4.268249 1.4642553 1.6096798 5.643776 1.6909965 15.608969 -0.03820780664682388 0.9989614486694336
Car 0.0 0 3.97371244430542 0.0 204.84654235839844 145.86448669433594 375.0 3.9308784 1.4283473 1.582939 -5.9430327 1.6996156 5.29423 3.130641460418701 0.9969378709793091
Car 0.0 0 0.6767904758453369 0.0 191.93533325195312 270.86810302734375 355.36358642578125 4.1988673 1.5181332 1.641888 -6.1688533 1.74455 7.719094 0.002557039260864258 0.9967051148414612
Car 0.0 0 0.5597252249717712 0.0 175.67332458496094 323.9099426269531 301.91131591796875 4.071303 1.6670837 1.6645955 -6.5429883 1.7113531 10.399249 -0.001873562578111887 0.9927062392234802
Car 0.0 0 -2.734086513519287 191.64576721191406 183.8062286376953 411.65460205078125 260.8281555175781 4.0162387 1.5353038 1.6279545 -6.530087 1.7827221 15.444679 -3.134096384048462 0.9845081567764282
Car 0.0 0 1.6341068744659424 553.0005493164062 175.5497589111328 577.9638061523438 197.7733917236328 4.2068343 1.599314 1.6223145 -3.3552606 1.8113055 54.53796 1.5726627111434937 0.9766992330551147
Car 0.0 0 0.2825738191604614 338.355224609375 181.36306762695312 475.5463562011719 230.58262634277344 4.0257254 1.535659 1.6659592 -6.6258717 1.8250718 23.655983 0.009479045867919922 0.9648410677909851
Car 0.0 0 3.5925021171569824 102.52163696289062 184.06712341308594 369.2218017578125 274.5575866699219 3.9383004 1.4891452 1.6069533 -6.599289 1.7035466 12.925502 3.1204395294189453 0.9508056044578552
Car 0.0 0 0.22217489778995514 376.70904541015625 175.05978393554688 493.0946350097656 221.77857971191406 3.8857057 1.6562024 1.6694027 -6.410693 1.7402864 26.521376 -0.014993864111602306 0.7372470498085022
Car 0.0 0 0.04420365393161774 500.62908935546875 171.89016723632812 550.1787109375 189.1896209716797 4.103098 1.442753 1.5937417 -7.155926 1.3627278 61.115723 -0.07235376536846161 0.4409543573856354
Car 0.0 0 0.4583582878112793 469.355712890625 177.07093811035156 532.6009521484375 200.4574432373047 3.6245239 1.4105778 1.5178188 -6.861898 1.6828365 45.248642 0.30785632133483887 0.4202987849712372
Car 0.0 0 0.08078448474407196 391.4935302734375 172.07461547851562 489.7436218261719 209.3303680419922 4.2599463 1.6478629 1.7361138 -7.7272267 1.6137478 33.085617 -0.1486552357673645 0.19780607521533966
Car 0.0 0 -2.199923038482666 1088.160888671875 181.0089874267578 1242.0 375.0 3.37755 1.5781436 1.5096806 5.3240075 1.6613696 5.554201 -1.4356826543807983 0.18218128383159637
Car 0.0 0 -2.7413244247436523 0.0 0.0 1242.0 375.0 4.111635 1.6596445 1.570579 5.328644 1.6037587 1.7803142 -1.4929708242416382 0.17048344016075134
Car 0.0 0 0.2753620147705078 447.28179931640625 178.0620574951172 530.8464965820312 208.84991455078125 3.8739812 1.5022068 1.665155 -6.135541 1.77421 36.59288 0.1092369556427002 0.13555064797401428
