Pedestrian 0.0 0 -2.4359383583068848 792.5393676757812 103.05152893066406 1018.9127197265625 375.0 0.7646902 1.6476098 0.7488266 1.422942 1.3423951 3.670266 -2.066084861755371 0.1040639653801918
Car 0.0 0 -2.9036741256713867 405.00653076171875 181.59776306152344 510.5377197265625 222.16563415527344 3.8997505 1.5683026 1.6103216 -6.1333365 1.9321373 29.127449 -3.1112112998962402 0.9981926083564758
Car 0.0 0 -1.690662145614624 663.0407104492188 186.4988250732422 721.3333740234375 232.1383514404297 4.111937 1.427404 1.5745941 2.8195188 1.9559491 25.863071 -1.5820738077163696 0.997565746307373
Car 0.0 0 0.708669126033783 0.0 184.56297302246094 205.2802276611328 361.69195556640625 3.9336727 1.5339191 1.6563008 -6.557157 1.6661608 7.2432337 -0.02705567702651024 0.9974505305290222
Car 0.0 0 -1.913423776626587 769.558837890625 195.01657104492188 1044.0921630859375 371.19244384765625 3.668439 1.4436052 1.6283382 2.9741385 1.7526945 8.210298 -1.5658823251724243 0.9972302317619324
Car 0.0 0 -1.7823072671890259 710.4898681640625 189.59422302246094 842.7619018554688 281.58465576171875 3.887474 1.4052964 1.604846 2.9282155 1.7680154 13.671597 -1.571312665939331 0.9962564706802368
Car 0.0 0 -2.76129412651062 229.75445556640625 183.1378631591797 435.3962707519531 256.65374755859375 4.0997543 1.5757915 1.5909902 -6.2954874 1.8235103 16.52384 -3.125309705734253 0.9960793852806091
Car 0.0 0 -1.6521872282028198 647.6077880859375 183.39356994628906 685.6259155273438 215.14735412597656 3.703561 1.4711479 1.6118567 2.7791607 2.0320253 36.51425 -1.5762220621109009 0.9954968690872192
Car 0.0 0 -2.355217456817627 920.1552124023438 170.0225830078125 1242.0 375.0 3.900955 1.5801105 1.6309239 2.814223 1.5770277 2.8253717 -1.5717960596084595 0.9913573265075684
Car 0.0 0 -2.6046090126037598 57.9865608215332 174.0921630859375 359.41925048828125 283.2844543457031 4.028578 1.6493784 1.6927103 -6.4756665 1.6716291 11.836139 -3.1052305698394775 0.9843430519104004
Car 0.0 0 0.29229283332824707 353.25738525390625 188.1039581298828 483.76263427734375 234.95372009277344 3.9294367 1.4772121 1.6268419 -6.400608 2.0076747 24.199497 0.03372049331665039 0.9842821955680847
Car 0.0 0 0.638726532459259 0.0 169.9175567626953 318.3173828125 312.4624328613281 4.1572676 1.7042665 1.7252346 -6.359112 1.6695162 9.5965185 0.05351138114929199 0.9708705544471741
Car 0.0 0 0.48052841424942017 153.8322296142578 190.04006958007812 402.637939453125 279.5107727050781 4.0508633 1.5695672 1.7232277 -6.359201 1.9264936 13.997516 0.05409669876098633 0.9445348978042603
Car 0.0 0 0.26127979159355164 440.76129150390625 185.33811950683594 528.6377563476562 218.3827667236328 3.8083615 1.4874372 1.6603955 -5.942979 2.097267 34.22577 0.08935356140136719 0.5387710928916931
