Cyclist 0.0 0 3.612609624862671 159.68992614746094 165.79563903808594 237.0468292236328 230.1388397216797 1.7632021 1.7090229 0.5337604 -11.14129 1.5219035 19.471533 3.0928945541381836 0.053537655621767044
Car 0.0 0 1.9401684999465942 346.3023681640625 184.81497192382812 457.4578552246094 246.25784301757812 3.9472034 1.4573985 1.6258548 -5.656383 1.8222901 19.946894 1.6638504266738892 0.9983910918235779
Car 0.0 0 2.0685858726501465 90.5634536743164 193.3683319091797 327.29425048828125 319.6476135253906 3.592958 1.4745914 1.532287 -5.7701163 1.8336244 10.810528 1.5783045291900635 0.9982263445854187
Car 0.0 0 -1.7382667064666748 690.920654296875 176.9825897216797 775.5164184570312 236.07582092285156 4.0268593 1.469129 1.6594067 3.291035 1.5968434 20.236195 -1.5770471096038818 0.9979313611984253
Car 0.0 0 -1.684738278388977 665.099365234375 176.4586944580078 716.2109985351562 214.28036499023438 3.8424826 1.3953717 1.5929732 3.121956 1.5497996 28.910702 -1.5771689414978027 0.9970659613609314
Car 0.0 0 -2.174858570098877 891.5481567382812 174.24136352539062 1242.0 375.0 4.0278616 1.537935 1.6449645 3.2470057 1.5507736 4.4537263 -1.544898271560669 0.9960386753082275
Car 0.0 0 -1.806408166885376 724.2598876953125 180.7407684326172 852.9710083007812 264.59521484375 3.8519306 1.4224039 1.6115124 3.3757741 1.6027477 14.531769 -1.5781534910202026 0.9921028017997742
Car 0.0 0 1.733845829963684 468.62884521484375 178.07998657226562 513.0595092773438 211.46920776367188 3.5738454 1.5071527 1.5625894 -5.7495637 1.7733439 34.91313 1.5706287622451782 0.9892948269844055
Car 0.0 0 2.3707385063171387 0.0 210.08026123046875 127.90028381347656 375.0 3.9382162 1.5061218 1.5704225 -5.6261187 1.8792449 5.2370186 1.549537181854248 0.8896220326423645
Car 0.0 0 -2.812098264694214 496.7682800292969 173.1244354248047 555.75244140625 193.47935485839844 4.5067 1.6393765 1.7500088 -6.911309 1.6625274 59.478256 -2.927778482437134 0.6022055149078369
Car 0.0 0 0.5946181416511536 79.87876892089844 180.63385009765625 225.5361785888672 224.42913818359375 3.9246006 1.3835458 1.4632962 -15.103191 1.6497623 23.863333 0.030355453491210938 0.3650762140750885
Car 0.0 0 1.5152781009674072 662.4260864257812 175.2200164794922 702.1116943359375 211.251953125 3.9216168 1.5856853 1.6332458 3.3123436 1.7040963 34.005333 1.6123783588409424 0.25585195422172546
Car 0.0 0 1.7427377700805664 487.7768859863281 175.50474548339844 529.7885131835938 206.60252380371094 3.9039304 1.6249809 1.6646712 -5.593259 1.7796259 40.016117 1.6038624048233032 0.19077427685260773
