Car 0.0 0 -1.7747857570648193 705.1817016601562 175.64146423339844 853.617431640625 286.31488037109375 3.884539 1.5955441 1.6722662 2.6699927 1.6515208 12.445933 -1.563461422920227 0.9989129304885864
Car 0.0 0 0.5934450626373291 0.0 189.84786987304688 329.56494140625 312.4627685546875 3.9241972 1.5219048 1.6140598 -6.2476745 1.7805011 10.07963 0.03857088088989258 0.9986635446548462
Car 0.0 0 -1.6869418621063232 678.7206420898438 180.27487182617188 764.4915771484375 248.6447296142578 4.0895333 1.5175196 1.6770734 2.695005 1.729737 18.528835 -1.5425055027008057 0.9984353184700012
Car 0.0 0 -1.6288697719573975 639.0848388671875 178.30880737304688 669.904541015625 204.95066833496094 3.7175622 1.435269 1.5470995 2.4844942 1.7633756 41.49027 -1.5690598487854004 0.9982507824897766
Car 0.0 0 -2.6682546138763428 108.65247344970703 180.7908935546875 385.00634765625 277.8847351074219 4.048262 1.5770968 1.6367432 -6.294366 1.7264845 12.700406 -3.1283788681030273 0.9974796175956726
Car 0.0 0 3.82850980758667 0.0 195.58595275878906 230.4508056640625 358.01531982421875 3.8788953 1.4839009 1.5593971 -6.4165435 1.7497418 7.619126 3.1285834312438965 0.9970799088478088
Car 0.0 0 -1.673365831375122 655.184814453125 177.22604370117188 708.2347412109375 220.82823181152344 3.891233 1.5350279 1.622605 2.643232 1.7153286 27.742308 -1.5783745050430298 0.9949600696563721
Car 0.0 0 -2.6599321365356445 0.0 0.0 1242.0 375.0 4.1840034 1.4722747 1.6321404 2.7283635 1.6286004 1.5489583 -1.605484962463379 0.9880372285842896
Car 0.0 0 0.2674277126789093 373.5654602050781 180.9829559326172 495.3192443847656 225.27426147460938 3.9868329 1.5291183 1.6610152 -6.3354635 1.8338269 26.122934 0.02949666976928711 0.9810112714767456
Car 0.0 0 0.21340124309062958 398.0667419433594 174.16943359375 496.7179260253906 214.90347290039062 3.8868268 1.7079098 1.698494 -7.006939 1.7666752 31.170158 -0.007719377055764198 0.9721792340278625
Car 0.0 0 -2.7846038341522217 293.3570861816406 182.2476806640625 445.60205078125 237.89170837402344 4.0310555 1.5927795 1.7516842 -7.26999 1.8909177 21.920706 -3.1048381328582764 0.9532105326652527
Car 0.0 0 3.2724342346191406 449.771728515625 179.51541137695312 529.177978515625 210.31761169433594 3.7948675 1.5098386 1.658706 -6.1100144 1.8567983 36.645782 3.107222318649292 0.9393007159233093
Car 0.0 0 0.3559105098247528 186.5002899169922 185.74583435058594 407.7815246582031 263.09173583984375 3.962888 1.4971764 1.5645322 -6.4794006 1.7836685 15.134161 -0.048608969897031784 0.9090650677680969
Car 0.0 0 0.16906186938285828 461.93524169921875 178.71263122558594 537.5740356445312 206.50355529785156 3.818801 1.4512348 1.5425135 -5.9292116 1.7733488 38.81953 0.017495393753051758 0.9031878113746643
Car 0.0 0 -2.2065999507904053 0.0 188.18682861328125 53.574283599853516 375.0 3.6711097 1.5873203 1.7252501 -6.3918314 1.7131675 4.990527 -3.1144936084747314 0.8317592144012451
