Pedestrian 0.0 0 1.3854331970214844 520.81982421875 158.90301513671875 545.0845336914062 220.61036682128906 0.97745335 1.8698915 0.5768375 -2.446239 1.4474988 22.41304 1.2767199277877808 0.8333476781845093
Pedestrian 0.0 0 1.803758144378662 495.8376159667969 162.3083038330078 511.4655456542969 197.01953125 0.7023658 1.818601 0.67507577 -5.660723 1.2664461 38.179073 1.6565628051757812 0.32003751397132874
Pedestrian 0.0 0 1.4305756092071533 308.2342834472656 147.16937255859375 385.7394104003906 318.3226623535156 0.9272437 1.7986304 0.69391894 -3.0406997 1.5290716 8.152786 1.0735907554626465 0.2931455969810486
Pedestrian 0.0 0 1.8773772716522217 266.9884948730469 163.6333770751953 286.5304260253906 199.24366760253906 0.89439833 1.8277926 0.68561435 -17.359692 1.3548778 37.519043 1.4440205097198486 0.19619539380073547
Pedestrian 0.0 0 3.253143787384033 518.2119140625 161.07467651367188 531.6209106445312 198.4817657470703 0.57826686 1.8319405 0.7705871 -4.246901 1.2554291 35.720417 3.1348063945770264 0.0965433418750763
Pedestrian 0.0 0 -1.5591561794281006 813.5755004882812 162.43475341796875 824.6849975585938 189.95904541015625 0.8815422 1.8937265 0.7325287 14.514812 1.1772189 50.168385 -1.2775243520736694 0.06624875217676163
Cyclist 0.0 0 2.0395729541778564 489.5498962402344 159.35377502441406 513.64599609375 195.6683349609375 1.6379147 1.8840252 0.5902648 -5.7797265 1.1839814 38.30134 1.8898015022277832 0.1075764000415802
Cyclist 0.0 0 1.9999051094055176 511.2989196777344 144.00559997558594 553.5757446289062 211.4097137451172 1.4811599 2.036667 0.7741105 -2.4612975 1.1653489 22.623905 1.891539454460144 0.061825159937143326
Cyclist 0.0 0 -0.5684729814529419 263.11114501953125 159.63328552246094 297.07098388671875 196.87759399414062 1.543076 1.903918 0.5826694 -17.258785 1.2284374 37.688316 -0.9979057312011719 0.05495297536253929
Car 0.0 0 3.0989890098571777 479.9658203125 170.90704345703125 561.2638549804688 201.96775817871094 3.9397082 1.5009468 1.6666931 -4.518757 1.407222 36.01407 2.9741692543029785 0.9618813991546631
Car 0.0 0 -1.8651275634765625 752.9197998046875 163.25962829589844 790.2551879882812 186.60316467285156 3.6461163 1.6211315 1.6313359 11.569044 0.9551923 51.98497 -1.6461501121520996 0.6642335653305054
Car 0.0 0 -1.8529086112976074 799.4166870117188 164.2756805419922 840.5007934570312 186.95965576171875 4.391011 1.5762019 1.6973317 15.13766 0.9804926 52.329456 -1.5713191032409668 0.4863286018371582
Car 0.0 0 -2.125727891921997 111.90113830566406 175.07765197753906 170.79908752441406 196.9272918701172 3.9698236 1.4664795 1.5894221 -32.710728 1.6266975 50.306297 -2.702265739440918 0.24980786442756653
Car 0.0 0 1.0932766199111938 927.3389282226562 164.55848693847656 980.9692993164062 188.0111083984375 4.260559 1.6277199 1.7330208 24.809484 1.0523304 52.23384 1.5367001295089722 0.17655852437019348
Car 0.0 0 -2.278682231903076 996.8558349609375 162.14697265625 1051.14599609375 183.5384063720703 3.578265 1.5517266 1.5924724 31.038132 0.77540034 54.243813 -1.7589573860168457 0.11173521727323532
