Car 0.0 0 0.62932288646698 0.0 185.53665161132812 303.4217224121094 339.6076965332031 3.9580746 1.5625341 1.6386921 -5.9060216 1.7234775 8.293188 0.010486841201782227 0.9981527924537659
Car 0.0 0 -0.5767990946769714 885.14111328125 186.74705505371094 1221.966552734375 300.1790466308594 4.180514 1.5649493 1.7095026 6.6058335 1.7975848 11.121285 -0.040817029774188995 0.9978325963020325
Car 0.0 0 -1.6215847730636597 639.1282958984375 180.29812622070312 673.8255615234375 210.6161651611328 3.8013067 1.4602299 1.6029662 2.3391123 1.8682023 37.59657 -1.5594487190246582 0.9961749315261841
Car 0.0 0 3.525895357131958 205.5496826171875 184.7396240234375 416.86920166015625 258.8860778808594 3.7927525 1.4525039 1.5921192 -6.226012 1.7164596 15.194672 3.137012481689453 0.9954344630241394
Car 0.0 0 0.4510173797607422 141.5691680908203 185.92840576171875 405.99407958984375 274.9013671875 3.9973853 1.4608884 1.6193408 -5.9444633 1.7112741 12.945022 0.02053213119506836 0.9942137598991394
Car 0.0 0 -2.755570650100708 257.24713134765625 172.2431640625 443.8965759277344 246.07461547851562 4.0300565 1.7422212 1.6991421 -6.40868 1.7281654 17.959507 -3.0983264446258545 0.9926099181175232
Car 0.0 0 2.8536298274993896 726.1245727539062 183.10885620117188 875.9620971679688 231.0413360595703 4.3572493 1.4529305 1.6447972 6.006378 1.7950574 23.14815 3.107506513595581 0.9913665652275085
Car 0.0 0 -3.5898685455322266 839.8245849609375 181.90260314941406 1095.42041015625 265.5790710449219 4.0135617 1.4537746 1.5219486 6.486232 1.6325338 13.460497 -3.1408286094665527 0.9913076758384705
Car 0.0 0 0.8293918371200562 0.0 190.90615844726562 128.02001953125 375.0 3.780888 1.5211179 1.6183547 -6.336725 1.6860323 5.7581453 -0.0038066571578383446 0.9890430569648743
Car 0.0 0 3.3270785808563232 419.113525390625 178.6990203857422 512.6304931640625 214.0528564453125 3.7220452 1.4727494 1.6637805 -6.2162013 1.7326964 31.189383 3.1303513050079346 0.9866416454315186
Car 0.0 0 -2.756244659423828 338.9590759277344 179.26913452148438 482.3244323730469 232.57582092285156 4.0690217 1.5962125 1.6442137 -6.3185368 1.8096325 22.908754 -3.02536678314209 0.9374347925186157
Car 0.0 0 0.5011963844299316 11.365620613098145 181.99656677246094 321.5911865234375 297.9940185546875 3.4992366 1.5331576 1.7013651 -6.3724413 1.6795111 10.599164 -0.04012052342295647 0.9050583839416504
Car 0.0 0 0.23267526924610138 442.0958251953125 175.38632202148438 531.6483764648438 210.8195343017578 3.8850768 1.6197941 1.69869 -5.8122597 1.7432214 34.09199 0.0638113021850586 0.15379391610622406
Car 0.0 0 0.2624990940093994 303.82208251953125 181.08868408203125 454.2724609375 236.75592041015625 3.7313645 1.4748783 1.636809 -6.4465203 1.717043 20.28284 -0.045235294848680496 0.1286642849445343
