Pedestrian 0.0 0 2.622238874435425 513.2754516601562 166.8182373046875 531.252197265625 201.9986572265625 0.7288465 1.843135 0.63190156 -4.6907873 1.5272737 38.27048 2.5002777576446533 0.055938899517059326
Pedestrian 0.0 0 2.3524999618530273 223.49755859375 149.49539184570312 290.83538818359375 264.3534240722656 0.820755 1.8421533 0.6108083 -5.9355955 1.4678735 12.055939 1.895000696182251 0.05002322420477867
Cyclist 0.0 0 0.8777211904525757 1078.9832763671875 139.9486846923828 1221.1942138671875 261.82171630859375 2.0003922 1.736745 0.6427791 8.308566 1.2681875 11.296875 1.5118610858917236 0.09254655987024307
Car 0.0 0 0.5999007225036621 0.0 189.92361450195312 305.50830078125 318.154541015625 4.015861 1.5282007 1.6380465 -6.482391 1.7768252 9.655225 0.008637428283691406 0.9974103569984436
Car 0.0 0 -1.6652687788009644 682.1377563476562 175.71800231933594 740.3602294921875 223.54791259765625 3.8519297 1.507296 1.6157349 3.3746245 1.6143737 24.926691 -1.5307049751281738 0.9971901774406433
Car 0.0 0 -1.8661770820617676 738.736328125 184.57752990722656 960.8492431640625 323.743408203125 4.192748 1.4132504 1.5820528 2.8766778 1.6067835 9.782721 -1.580181360244751 0.9959797859191895
Car 0.0 0 -2.925053596496582 407.7834167480469 176.63238525390625 512.1509399414062 216.3941650390625 3.76858 1.5143864 1.6505781 -5.9084425 1.6683735 28.487127 -3.129561424255371 0.9955821633338928
Car 0.0 0 -2.4159042835235596 0.0 190.5070037841797 254.47537231445312 369.6771545410156 4.137823 1.503422 1.6461849 -6.0198245 1.6985627 7.0907106 -3.1198019981384277 0.9923102855682373
Car 0.0 0 -2.5775253772735596 97.56208038330078 175.5625 381.27783203125 285.5878601074219 4.0575647 1.712175 1.6265955 -6.236377 1.7623751 12.274925 -3.0475988388061523 0.9872997403144836
Car 0.0 0 0.30014294385910034 360.23370361328125 182.211669921875 494.37994384765625 233.7516326904297 3.5631435 1.4483496 1.5848393 -5.4215164 1.7388117 21.480639 0.052915334701538086 0.973330020904541
Car 0.0 0 -1.7067152261734009 672.3414916992188 171.82135009765625 725.4159545898438 215.11351013183594 3.9369674 1.666388 1.637809 3.5517104 1.626998 29.75266 -1.5879029035568237 0.9439050555229187
Car 0.0 0 -2.985785484313965 473.4923095703125 173.8696746826172 544.8861083984375 205.25083923339844 3.5630462 1.6358421 1.6501923 -5.3793354 1.691632 38.52042 -3.1245369911193848 0.9038192629814148
Car 0.0 0 0.018521420657634735 512.1774291992188 174.19996643066406 566.7832641601562 198.76849365234375 3.5701978 1.6052868 1.6177577 -4.7211423 1.6973176 48.193233 -0.07912975549697876 0.9027529358863831
Car 0.0 0 0.15436507761478424 454.2359313964844 177.94273376464844 542.0694580078125 207.13589477539062 4.125956 1.4103404 1.614877 -5.561442 1.6699424 35.94654 0.0008678436279296875 0.6741024851799011
Car 0.0 0 -2.7585341930389404 285.37445068359375 180.75245666503906 470.8961181640625 250.5722198486328 4.0692244 1.6258686 1.7166485 -5.754257 1.8346903 18.034018 -3.0674004554748535 0.2534487247467041
Car 0.0 0 0.32386839389801025 442.64227294921875 174.50152587890625 528.9315185546875 207.65481567382812 3.7175338 1.5192084 1.6126775 -5.90463 1.6002419 34.248653 0.15314197540283203 0.21476931869983673
Car 0.0 0 -2.6081933975219727 1111.2294921875 208.55020141601562 1242.0 375.0 3.3148816 1.465839 1.4647602 3.064865 1.6370182 1.7889998 -1.5657541751861572 0.17876924574375153
