Pedestrian 0.0 0 2.284489631652832 564.2534790039062 176.6412353515625 576.8779907226562 197.0680389404297 0.7943001 1.562569 0.60389173 -3.0785313 1.858842 55.875862 2.2294492721557617 0.05625060200691223
Car 0.0 0 1.8354008197784424 372.0993957519531 185.19529724121094 459.1822509765625 240.9095916748047 4.268269 1.5709102 1.6624533 -6.228185 2.0085824 23.426876 1.5755549669265747 0.9982271790504456
Car 0.0 0 -2.010256767272949 786.1846313476562 182.89309692382812 1223.861572265625 375.0 4.126197 1.4395167 1.6483469 2.9134257 1.5600405 6.5538554 -1.5919557809829712 0.9981302618980408
Car 0.0 0 1.6759535074234009 532.5254516601562 179.20639038085938 568.203369140625 206.06776428222656 3.9329855 1.5134462 1.74548 -3.5869548 1.914957 43.57621 1.5938241481781006 0.9963638186454773
Car 0.0 0 2.1854262351989746 0.0 200.53895568847656 260.1230163574219 375.0 4.1184883 1.4594506 1.610727 -6.0726943 1.8719795 8.676994 1.5747933387756348 0.9952439665794373
Car 0.0 0 1.9007889032363892 273.77044677734375 183.0026092529297 410.8880920410156 264.90185546875 4.285874 1.6148176 1.6911747 -6.120819 1.8834786 16.915676 1.553602695465088 0.9836830496788025
Car 0.0 0 1.7551876306533813 451.0071716308594 183.1912078857422 499.0804443359375 217.68150329589844 3.813489 1.476445 1.5495665 -6.3232045 1.9903274 33.934425 1.5709644556045532 0.9685125946998596
Car 0.0 0 1.7743780612945557 504.3783874511719 181.4794464111328 537.9932250976562 204.19139099121094 3.841387 1.4401244 1.5326633 -6.0462894 2.05261 49.226612 1.6521645784378052 0.8887271285057068
Car 0.0 0 -1.5600690841674805 635.3948364257812 174.80465698242188 657.6788330078125 195.2853240966797 3.5860977 1.5229037 1.6672907 2.8191404 1.6792095 55.84075 -1.5096265077590942 0.6443209648132324
Car 0.0 0 -3.2897326946258545 979.037109375 146.24620056152344 1142.08056640625 196.92681884765625 4.3905525 1.5702347 1.6652977 14.746707 0.746205 23.97986 -2.738384246826172 0.34845423698425293
Car 0.0 0 -3.2990498542785645 698.7316284179688 172.2768096923828 764.5641479492188 193.14073181152344 4.2083836 1.3902981 1.5116513 8.171266 1.3521928 48.851208 -3.1333158016204834 0.3086352050304413
