Pedestrian 0.0 0 -0.1087607741355896 900.3135375976562 142.33375549316406 1005.2852172851562 356.7424621582031 0.761975 1.7615032 0.5915427 2.9743104 1.4496492 6.209237 0.33795738220214844 0.9896827936172485
Pedestrian 0.0 0 1.4098527431488037 607.5674438476562 152.19570922851562 640.91845703125 242.73330688476562 0.6683043 1.7296349 0.5515378 0.32830247 1.1905423 13.871272 1.4335161447525024 0.976435124874115
Pedestrian 0.0 0 1.1872045993804932 563.2196044921875 140.6905517578125 605.1727294921875 236.60340881347656 0.768534 1.7797118 0.5559394 -0.4495763 1.0426649 13.578571 1.1541074514389038 0.9698273539543152
Pedestrian 0.0 0 0.6505626440048218 802.095458984375 146.9364471435547 900.8865966796875 354.240478515625 0.63029355 1.7197558 0.53968847 2.1285012 1.4430242 6.2727165 0.9776976108551025 0.950166642665863
Pedestrian 0.0 0 -0.1777595579624176 871.9403686523438 140.05575561523438 962.01806640625 324.1069030761719 0.73303485 1.7634189 0.6073663 3.081039 1.377614 7.148365 0.22919321060180664 0.9378140568733215
Pedestrian 0.0 0 0.2904241979122162 817.8672485351562 122.91694641113281 928.010498046875 370.0 0.6636493 1.8038125 0.59806913 2.0415013 1.3916997 5.5147367 0.6449713706970215 0.9252771735191345
Pedestrian 0.0 0 1.451028823852539 526.5148315429688 135.75486755371094 558.1033935546875 222.53746032714844 0.7475075 1.8417238 0.5989622 -1.4155855 0.8937505 15.428457 1.359533429145813 0.8941235542297363
Pedestrian 0.0 0 1.2964893579483032 434.23126220703125 129.71226501464844 473.37200927734375 218.07058715820312 0.7168656 1.8326015 0.6472967 -3.281455 0.7808585 15.127951 1.0828850269317627 0.8630486726760864
Pedestrian 0.0 0 0.765788733959198 454.61712646484375 132.95028686523438 492.84918212890625 214.95242309570312 0.68677336 1.7964873 0.5041908 -2.9890537 0.75639254 15.883946 0.5797832012176514 0.6498101353645325
Pedestrian 0.0 0 1.1381715536117554 482.0301513671875 139.11903381347656 518.55322265625 221.95843505859375 0.6886567 1.8608124 0.59996134 -2.4614792 0.93288803 16.329945 0.9885637760162354 0.552166759967804
Pedestrian 0.0 0 0.9160719513893127 548.4640502929688 144.9824676513672 584.549560546875 222.15855407714844 0.5640117 1.7097619 0.59935 -0.9150984 0.92451924 16.068287 0.8591828346252441 0.4222523868083954
Pedestrian 0.0 0 1.6599059104919434 480.0714416503906 135.55331420898438 501.3476257324219 196.3027801513672 0.62087435 1.856494 0.6003844 -3.5732331 0.4844883 21.933668 1.4984136819839478 0.29518479108810425
Pedestrian 0.0 0 1.062172770500183 569.4110107421875 142.8897705078125 604.5447998046875 213.5564727783203 0.6291608 1.7032115 0.6421877 -0.48584387 0.7983291 17.470844 1.0343711376190186 0.25497594475746155
Pedestrian 0.0 0 1.7863035202026367 420.1377868652344 141.16688537597656 442.92083740234375 199.48080444335938 0.7314853 1.9114938 0.595882 -5.8017244 0.6237224 23.545053 1.5447070598602295 0.19391267001628876
Pedestrian 0.0 0 1.0945340394973755 502.3584289550781 143.1070556640625 528.8074340820312 201.43673706054688 0.5350541 1.7585176 0.6303545 -2.779241 0.6327591 21.710232 0.9672112464904785 0.1403026282787323
Pedestrian 0.0 0 0.5949546694755554 594.3221435546875 147.14418029785156 627.2301635742188 214.76480102539062 0.7035159 1.6653887 0.43777293 0.107582964 0.8454851 17.787958 0.6010026931762695 0.07563738524913788
Pedestrian 0.0 0 1.7597359418869019 405.7205505371094 138.92391967773438 429.9001770019531 199.23464965820312 0.68119806 2.0010192 0.67301786 -6.330221 0.62312853 23.817417 1.4999604225158691 0.06778575479984283
Cyclist 0.0 0 1.9639419317245483 577.5751953125 139.1426544189453 624.753662109375 214.25364685058594 1.6329288 1.7912803 0.60675126 -0.112211406 0.8065743 17.727634 1.9576122760772705 0.08883719146251678
Cyclist 0.0 0 2.962894916534424 490.9740295410156 139.94944763183594 546.0928344726562 202.90953063964844 1.6292013 1.906277 0.50913405 -2.7093909 0.6800652 21.887974 2.8397369384765625 0.051668960601091385
