Pedestrian 0.0 0 -2.534770965576172 1049.7154541015625 152.54766845703125 1158.43310546875 299.5042419433594 0.8996892 1.6779519 0.61513615 5.9269166 1.4464518 8.766337 -1.9402662515640259 0.08221206814050674
Pedestrian 0.0 0 2.450286626815796 443.2832946777344 163.6766357421875 467.1834716796875 206.86192321777344 0.85387814 1.9728338 0.67050207 -7.2239084 1.5539422 33.50211 2.237912654876709 0.06450942158699036
Cyclist 0.0 0 2.2719271183013916 1007.6847534179688 148.6542205810547 1174.739013671875 308.5222473144531 1.8210647 1.7748314 0.62871695 5.655121 1.5065268 8.566267 2.855412721633911 0.23823751509189606
Car 0.0 0 -2.4433822631835938 773.4302368164062 175.5502166748047 932.39453125 238.1439208984375 3.8587441 1.4550041 1.5530081 6.2120485 1.5340044 18.994429 -2.127300977706909 0.9986236095428467
Car 0.0 0 -1.7161407470703125 631.5964965820312 177.3577880859375 680.3525390625 212.52886962890625 3.9493513 1.4112773 1.5545832 1.9026824 1.6209924 31.504099 -1.655819296836853 0.9968363046646118
Car 0.0 0 -2.8635566234588623 355.3700256347656 174.86685180664062 477.3721008300781 218.48666381835938 4.0729465 1.56256 1.6790558 -7.167622 1.6401205 26.798359 -3.124904155731201 0.9921413660049438
Car 0.0 0 0.5981361865997314 0.0 178.54798889160156 265.27447509765625 298.9744567871094 3.6990883 1.5354259 1.5923612 -7.1105247 1.6220082 10.099162 -0.015316595323383808 0.9882687330245972
Car 0.0 0 -1.6338934898376465 615.1932983398438 175.53672790527344 647.0527954101562 202.8982696533203 3.6614845 1.4617782 1.5629375 1.1188033 1.6206263 40.76677 -1.6064563989639282 0.9862009882926941
Car 0.0 0 0.21369870007038116 393.95953369140625 174.47708129882812 491.81982421875 207.6929168701172 4.191062 1.5039704 1.6175388 -7.76188 1.5817688 33.586155 -0.013417539186775684 0.9546302556991577
Car 0.0 0 -2.802872657775879 286.56890869140625 176.266845703125 431.6031799316406 232.42919921875 3.8387408 1.6344916 1.6336659 -7.590381 1.7424748 21.92391 -3.136171340942383 0.9545977711677551
Car 0.0 0 -2.6229629516601562 45.66490173339844 187.2277374267578 341.9648742675781 279.6228332519531 4.099046 1.4292393 1.5908418 -6.932702 1.6887641 12.207197 -3.1394596099853516 0.9479808807373047
Car 0.0 0 3.317781448364258 386.2326965332031 176.49148559570312 474.2794494628906 210.82952880859375 3.5004609 1.4427694 1.5536574 -7.808064 1.6059229 31.396303 3.0740325450897217 0.40519794821739197
Car 0.0 0 -2.752129554748535 250.33724975585938 173.82275390625 427.31121826171875 233.97642517089844 4.1639256 1.5585148 1.7481428 -7.3396907 1.5865386 19.66243 -3.109395742416382 0.34216374158859253
Car 0.0 0 -2.8755340576171875 375.0718688964844 175.06936645507812 480.77239990234375 214.31814575195312 3.8330607 1.531594 1.6729338 -7.3339896 1.6240679 29.125668 -3.122210741043091 0.2221265733242035
Car 0.0 0 3.2984836101531982 455.97735595703125 177.93539428710938 519.3043823242188 201.3715362548828 3.6302063 1.4010831 1.596061 -7.5107646 1.7192419 44.305706 3.130558729171753 0.13423021137714386
