Car 0.0 0 -2.4613428115844727 977.0262451171875 196.91476440429688 1242.0 375.0 3.898796 1.4977597 1.6311772 2.9843886 1.643958 2.420383 -1.5719678401947021 0.997962236404419
Car 0.0 0 -1.732914686203003 718.9656982421875 181.7786102294922 812.9475708007812 253.27052307128906 3.6417868 1.479824 1.5957663 3.5585551 1.7164565 17.24728 -1.5294443368911743 0.9978837370872498
Car 0.0 0 -1.7447247505187988 698.49365234375 177.954833984375 774.7184448242188 234.92059326171875 3.968725 1.5827044 1.6420739 3.7785397 1.7554346 22.390259 -1.5775418281555176 0.9976097345352173
Car 0.0 0 3.4038546085357666 335.70440673828125 183.66134643554688 484.4626770019531 237.49195861816406 3.8954005 1.4841398 1.6144295 -5.792606 1.8119465 21.039242 3.1351873874664307 0.9975076913833618
Car 0.0 0 0.5203713178634644 217.21160888671875 185.04640197753906 440.10089111328125 266.9596862792969 3.8111472 1.4592845 1.6017808 -5.5299478 1.7186639 14.249007 0.15017104148864746 0.997421383857727
Car 0.0 0 -2.960627555847168 446.5714416503906 177.01817321777344 536.7890014648438 215.47752380371094 3.6032321 1.6019486 1.6169369 -5.0887704 1.7865266 31.075727 -3.1229407787323 0.9958959817886353
Car 0.0 0 -1.628614068031311 681.7445068359375 180.2980499267578 718.6221923828125 211.4713897705078 3.8126843 1.4326966 1.5992984 4.417788 1.8251143 36.045166 -1.506659746170044 0.9922439455986023
Car 0.0 0 3.3195483684539795 401.90301513671875 181.31170654296875 512.2975463867188 223.96084594726562 3.737067 1.4952279 1.6560072 -5.5980625 1.8169284 26.527708 3.111572742462158 0.9816842675209045
Car 0.0 0 1.611750841140747 568.75439453125 174.4198760986328 588.7957763671875 194.65872192382812 3.7030973 1.6471682 1.540718 -2.6308384 1.7836329 60.860733 1.5685505867004395 0.9446759223937988
Car 0.0 0 3.248096466064453 458.9328308105469 182.82510375976562 549.7425537109375 213.74383544921875 4.010684 1.3690064 1.6837282 -4.881291 1.8444222 33.455605 3.103215217590332 0.9440054297447205
Car 0.0 0 -2.991421699523926 500.36572265625 181.83937072753906 565.74267578125 209.01327514648438 3.456083 1.4720014 1.5576727 -4.32269 1.9873912 40.501205 -3.0977489948272705 0.9075331091880798
Car 0.0 0 -2.9627532958984375 478.4996337890625 177.0716094970703 556.8959350585938 210.96578979492188 3.6478167 1.6377223 1.637771 -4.604161 1.8538575 35.999897 -3.089956521987915 0.8919965624809265
Car 0.0 0 3.3169236183166504 420.3645324707031 180.26126098632812 534.8939819335938 218.61671447753906 4.2515235 1.4614611 1.6416368 -5.231668 1.7644434 28.64359 3.136267900466919 0.857302725315094
Car 0.0 0 -2.5540130138397217 1.5762592554092407 184.8294219970703 329.60986328125 306.7420959472656 3.8138 1.61011 1.7338476 -6.4447646 1.8032542 10.663096 -3.097660779953003 0.5008906722068787
