Pedestrian 0.0 0 -2.026552677154541 19.24555778503418 171.57814025878906 174.32188415527344 374.0 0.8353966 1.6639526 0.6194898 -3.7291393 1.5994233 5.2425966 -2.6448326110839844 0.9835258722305298
Pedestrian 0.0 0 1.288457989692688 216.9580078125 161.83248901367188 281.5694580078125 295.7939453125 0.71760553 1.7261937 0.60733235 -4.8165236 1.4740952 9.723351 0.8285322189331055 0.9689562320709229
Pedestrian 0.0 0 0.7632847428321838 759.4009399414062 142.61537170410156 856.4263916015625 301.5389099121094 0.9183799 1.8017457 0.6734965 2.441572 1.3622545 8.70795 1.0366497039794922 0.967525064945221
Pedestrian 0.0 0 0.8009894490242004 158.7535858154297 174.60830688476562 231.0010223388672 284.2708435058594 0.9200787 1.7099118 0.5189684 -6.589917 1.6037524 11.575808 0.2834618091583252 0.9276324510574341
Pedestrian 0.0 0 -2.7334706783294678 594.66845703125 158.77432250976562 621.453369140625 219.0657958984375 0.67199546 1.8661445 0.57373613 0.1843034 1.1638502 22.629555 -2.7253265380859375 0.7283427715301514
Pedestrian 0.0 0 -3.4789865016937256 1029.3038330078125 148.1623077392578 1182.07568359375 365.0762023925781 0.8985182 1.7325836 0.67502993 4.2408624 1.4676934 6.178141 -2.8774259090423584 0.43924835324287415
Pedestrian 0.0 0 1.4560415744781494 510.0677490234375 162.02700805664062 533.3263549804688 220.767578125 0.70620584 1.7815148 0.6361002 -2.4963162 1.1920475 22.198988 1.3440601825714111 0.3111148774623871
Pedestrian 0.0 0 0.8316689133644104 65.71788024902344 192.5654754638672 178.2464141845703 346.6966857910156 0.81096804 1.5615493 0.6243675 -5.1947875 1.6882036 7.7320147 0.2400834560394287 0.27441832423210144
Pedestrian 0.0 0 -0.3581639528274536 1128.272705078125 126.3286361694336 1200.2286376953125 241.846435546875 0.6696136 1.6210175 0.55512834 8.120753 0.84813696 10.4422865 0.30281805992126465 0.10828569531440735
Cyclist 0.0 0 3.4378244876861572 0.0 171.24493408203125 206.50045776367188 374.0 1.7318417 1.7672828 0.54204315 -3.8961587 1.7033385 5.1293178 2.7882163524627686 0.19840878248214722
Cyclist 0.0 0 3.632612943649292 0.0 178.6871795654297 191.10528564453125 348.1308898925781 1.7138976 1.7025526 0.6179943 -5.4574637 1.6756566 7.6323967 3.01186466217041 0.06287248432636261
Cyclist 0.0 0 2.3281562328338623 180.06260681152344 149.38099670410156 309.63446044921875 295.91522216796875 1.6913351 1.7940303 0.555049 -4.7875724 1.4021347 9.681897 1.8689287900924683 0.05806702747941017
Cyclist 0.0 0 -3.405595541000366 738.62548828125 147.61795043945312 881.6130981445312 303.94366455078125 1.5610768 1.8165652 0.53593004 2.4305642 1.4241903 8.621091 -3.130795955657959 0.05362845957279205
Car 0.0 0 1.8051646947860718 365.1956481933594 159.52001953125 478.0548095703125 240.2603759765625 4.2835803 1.7282306 1.701088 -4.2514596 1.258982 17.518135 1.567078709602356 0.3429030179977417
