Pedestrian 0.0 0 -2.232062578201294 778.207763671875 182.90045166015625 977.7777709960938 375.0 0.8503423 1.458361 0.72704524 1.4797189 1.5250503 4.2420588 -1.8964385986328125 0.05905894562602043
Cyclist 0.0 0 -2.9762954711914062 697.8074340820312 188.5355224609375 737.3472290039062 226.6553192138672 1.6427641 1.6286594 0.645813 4.709387 2.333333 31.84467 -2.8294734954833984 0.19945767521858215
Car 0.0 0 -2.821889877319336 400.1670227050781 182.68563842773438 506.5030517578125 225.51791381835938 3.6345248 1.5416406 1.5769867 -5.947506 1.9285717 27.391468 -3.035700798034668 0.9984530210494995
Car 0.0 0 3.4840853214263916 207.58641052246094 190.25685119628906 421.3466491699219 267.1080627441406 3.8448145 1.4810773 1.6264375 -6.145075 1.8696349 15.199685 3.099886417388916 0.996136486530304
Car 0.0 0 -2.195830821990967 858.593505859375 202.78334045410156 1242.0 375.0 3.900535 1.4033031 1.6620035 2.7310693 1.6403022 3.7480817 -1.5661290884017944 0.9950142502784729
Car 0.0 0 -0.46788090467453003 826.6631469726562 188.72189331054688 1107.071533203125 279.2481994628906 4.236386 1.4786006 1.623992 6.1998677 1.7824038 12.939012 -0.02104317769408226 0.9945520758628845
Car 0.0 0 0.3827175796031952 356.2713623046875 186.53160095214844 494.2473449707031 236.77377319335938 3.8204029 1.4443675 1.6029328 -5.7190533 1.888402 22.356224 0.13227367401123047 0.9888538122177124
Car 0.0 0 0.3130512833595276 265.27471923828125 185.66932678222656 461.5127258300781 252.75743103027344 4.227034 1.5279768 1.6703027 -5.9557447 1.856693 17.622444 -0.012860714457929134 0.9857892394065857
Car 0.0 0 2.462317705154419 975.0709838867188 187.46200561523438 1242.0 329.62646484375 4.122788 1.4970015 1.7386487 6.834308 1.6910889 8.672484 3.1297264099121094 0.9851371049880981
Car 0.0 0 -0.3605037331581116 775.4913940429688 189.56842041015625 939.9817504882812 245.59744262695312 4.0531993 1.4702344 1.7303623 6.876806 1.9655566 20.42704 -0.0357692651450634 0.9817758202552795
Car 0.0 0 1.5054994821548462 641.7713012695312 187.57618713378906 671.5847778320312 214.00286865234375 3.8072677 1.5674756 1.6780894 2.958742 2.562143 46.823154 1.5686053037643433 0.969315230846405
Car 0.0 0 -0.2989189624786377 757.6058349609375 190.5000762939453 912.246826171875 239.20811462402344 4.3638186 1.4405891 1.6538565 6.9653444 2.0182498 22.771355 -0.0020747571252286434 0.9661064743995667
Car 0.0 0 0.899253785610199 0.0 225.00515747070312 191.452880859375 375.0 4.063813 1.4364703 1.601182 -5.473625 1.8745794 5.0968375 0.07822537422180176 0.9141358733177185
Car 0.0 0 3.308353900909424 374.4471130371094 185.9828338623047 494.30181884765625 231.07176208496094 3.7562706 1.4449613 1.5982656 -5.954024 1.9097543 24.591839 3.0708112716674805 0.8054521083831787
Car 0.0 0 -2.9642467498779297 480.5448303222656 186.05111694335938 543.2631225585938 212.65707397460938 3.2771943 1.4379618 1.6077894 -5.54104 2.1993113 40.73141 -3.0994553565979004 0.5968933701515198
Car 0.0 0 -2.4244158267974854 0.0 153.06346130371094 317.0224609375 360.3040466308594 4.1889653 1.927161 1.7284874 -5.6406965 1.7434838 7.752219 -3.0534415245056152 0.5781623721122742
Car 0.0 0 -2.939220428466797 420.4176330566406 185.67608642578125 521.871337890625 222.08387756347656 4.2101035 1.5548016 1.6468579 -6.192825 2.143584 32.259567 -3.1288816928863525 0.376826673746109
Car 0.0 0 -1.7862732410430908 689.3690795898438 188.22154235839844 743.5513305664062 225.73013305664062 3.8013015 1.5576724 1.7044257 4.838269 2.3137438 33.52241 -1.64293372631073 0.26409634947776794
Car 0.0 0 1.6544109582901 542.2846069335938 185.6279754638672 564.7494506835938 204.20510864257812 3.887253 1.5142705 1.6521806 -4.95724 2.672285 63.439224 1.5764278173446655 0.1614331752061844
