Pedestrian 0.0 0 0.4019732177257538 277.58416748046875 177.7619171142578 320.15130615234375 237.56175231933594 1.0146635 1.7478999 0.5749063 -9.098609 1.6694351 20.952848 -0.007699452340602875 0.19920344650745392
Pedestrian 0.0 0 -3.1896555423736572 743.2967529296875 164.65907287597656 762.1368408203125 202.02932739257812 0.8270693 1.7147914 0.58501655 6.829538 0.98936284 32.792717 -2.9843268394470215 0.17122146487236023
Pedestrian 0.0 0 -2.066960096359253 546.6398315429688 161.9418487548828 577.349365234375 221.5474090576172 0.76890814 1.8258586 0.67530674 -1.3829341 1.2589358 22.15857 -2.1292901039123535 0.09790192544460297
Pedestrian 0.0 0 0.48868370056152344 214.2416534423828 180.62046813964844 247.9798126220703 233.2220916748047 0.79011846 1.7298073 0.63366884 -12.486233 1.7354134 23.56515 0.001434326171875 0.06567545980215073
Cyclist 0.0 0 -1.1125694513320923 218.27256774902344 177.14389038085938 260.010986328125 230.2140350341797 1.7354122 1.7420558 0.55439025 -12.464595 1.633432 24.077225 -1.5902705192565918 0.9351087212562561
Cyclist 0.0 0 1.7000401020050049 546.117431640625 160.188232421875 572.7662353515625 221.73782348632812 1.7659878 1.8536596 0.61573416 -1.445499 1.2435008 22.189816 1.6349895000457764 0.6613172292709351
Cyclist 0.0 0 -0.12835168838500977 281.57537841796875 170.4451904296875 356.9071044921875 235.12222290039062 1.8167099 1.6777651 0.6354591 -7.7316794 1.4185253 19.059464 -0.5137286186218262 0.46700140833854675
Cyclist 0.0 0 -0.3165094554424286 729.6751098632812 160.80702209472656 768.9607543945312 198.5064697265625 1.7033244 1.7290925 0.5336555 6.6708627 0.82732713 32.7874 -0.11579100787639618 0.2820127606391907
Cyclist 0.0 0 -2.717819929122925 268.3996887207031 173.87745666503906 336.8046875 234.20423889160156 1.7724769 1.7636523 0.61365247 -8.998063 1.5716093 20.988997 -3.122823476791382 0.2343597710132599
Cyclist 0.0 0 -1.8280812501907349 834.3930053710938 153.30142211914062 859.5624389648438 195.34068298339844 1.7588702 1.7444323 0.58630186 10.311142 0.6173042 30.232359 -1.4993901252746582 0.17301367223262787
Cyclist 0.0 0 1.2425137758255005 1006.6990966796875 148.5433349609375 1035.9332275390625 193.2399139404297 1.5443463 1.7923335 0.5686025 17.133963 0.5123654 29.161333 1.773734211921692 0.08253318071365356
Cyclist 0.0 0 -1.7328532934188843 980.2393798828125 133.93162536621094 1013.6487426757812 205.96548461914062 1.5512192 1.8033234 0.51674455 10.209448 0.6391072 18.512907 -1.2288765907287598 0.06716008484363556
Car 0.0 0 -1.3434001207351685 390.5367126464844 179.15139770507812 503.8052673339844 255.6064453125 3.6419551 1.4352133 1.5647111 -3.2675884 1.4115336 15.099707 -1.5565147399902344 0.9991299510002136
Car 0.0 0 -1.411125898361206 478.8916320800781 175.6011505126953 505.43951416015625 195.60113525390625 3.4852788 1.5272256 1.5339683 -8.849915 1.1543993 55.730522 -1.5686092376708984 0.14506974816322327
