Car 0.0 0 2.7013745307922363 789.31201171875 185.9797821044922 1045.45361328125 271.8572082519531 4.1843476 1.4887979 1.6230481 5.658716 1.7549553 13.696663 3.0931615829467773 0.9992594122886658
Car 0.0 0 -1.6866700649261475 639.8599853515625 181.12576293945312 692.4393920898438 220.59512329101562 3.9585745 1.3886346 1.5873268 2.084148 1.735786 28.236736 -1.612993836402893 0.9985449314117432
Car 0.0 0 3.5899736881256104 122.44874572753906 185.0763702392578 389.37957763671875 276.4303283691406 4.196314 1.5808331 1.6578563 -6.5428023 1.8246777 13.538597 3.139799118041992 0.9968143105506897
Car 0.0 0 -2.4672842025756836 0.0 171.60333251953125 270.8591613769531 331.5836486816406 3.9549174 1.7068441 1.6745495 -6.460485 1.6938584 8.59065 -3.1120877265930176 0.9957279562950134
Car 0.0 0 0.820966362953186 0.0 214.64218139648438 173.77389526367188 375.0 4.1805015 1.4511769 1.5942674 -6.1816244 1.8399407 5.883831 0.01089167594909668 0.9956541061401367
Car 0.0 0 0.5157260298728943 7.172692775726318 185.18881225585938 335.33392333984375 296.2322692871094 4.02691 1.5416628 1.6281788 -6.586303 1.7458191 11.061826 -0.02131037786602974 0.9938459992408752
Car 0.0 0 0.3063427209854126 314.23895263671875 184.42788696289062 463.7266845703125 235.81906127929688 3.9934394 1.4609337 1.6603161 -6.62403 1.8237741 21.743734 0.010633707046508789 0.984550416469574
Car 0.0 0 -2.890244722366333 362.3807678222656 177.96266174316406 489.6391296386719 227.6055145263672 3.924868 1.6265229 1.6486114 -6.2559958 1.8072203 24.638401 -3.138902187347412 0.7752394080162048
Car 0.0 0 -1.6339774131774902 637.0470581054688 178.1114501953125 673.1598510742188 209.0045166015625 4.0217915 1.4988691 1.62139 2.2699409 1.7886417 37.70344 -1.5738449096679688 0.4117986857891083
Car 0.0 0 0.24094243347644806 383.4451599121094 175.58482360839844 488.11419677734375 216.30982971191406 3.8263342 1.5923449 1.6665461 -7.024814 1.7062793 29.164278 0.00457453727722168 0.3683758080005646
Car 0.0 0 0.02991442382335663 391.3505554199219 175.5500030517578 490.79443359375 212.70404052734375 4.106685 1.5448096 1.661801 -7.3385577 1.6670555 31.396729 -0.19969971477985382 0.3134116232395172
Car 0.0 0 1.2200775146484375 479.8647766113281 176.00791931152344 523.5579833984375 200.7376251220703 3.3336217 1.425276 1.5739659 -6.6535583 1.6255447 43.891773 1.0696327686309814 0.2896057963371277
Car 0.0 0 1.8361810445785522 550.8042602539062 176.94992065429688 585.6075439453125 199.32754516601562 3.9464397 1.5441431 1.5557041 -3.0344317 1.8552232 52.642937 1.778602957725525 0.22938653826713562
Car 0.0 0 3.2174148559570312 435.5651550292969 177.38255310058594 520.1034545898438 210.76535034179688 3.856593 1.5336256 1.6222435 -6.286338 1.756403 34.42708 3.0368058681488037 0.22364430129528046
