Pedestrian 0.0 0 1.4334920644760132 218.2799835205078 157.79359436035156 312.093505859375 359.07672119140625 0.8111955 1.7183565 0.677058 -3.176306 1.51736 6.6547647 0.9881703853607178 0.9934878349304199
Pedestrian 0.0 0 1.449527382850647 783.5899658203125 161.45152282714844 812.8795776367188 242.8733673095703 0.85288566 1.8237711 0.5484958 4.489436 1.3759209 16.54871 1.7144376039505005 0.9079143404960632
Pedestrian 0.0 0 0.23049935698509216 801.3211059570312 160.73309326171875 850.1463623046875 244.0709228515625 0.9287135 1.7830662 0.5433131 4.90885 1.3399733 15.836041 0.5310864448547363 0.8846395611763
Pedestrian 0.0 0 0.002831101417541504 1002.168701171875 162.46646118164062 1074.0396728515625 311.4082336425781 0.70249176 1.6670766 0.58216625 5.091905 1.4553907 8.468453 0.5441906452178955 0.8828281164169312
Pedestrian 0.0 0 -2.1338210105895996 890.86669921875 161.7062225341797 936.016845703125 230.30709838867188 1.0705552 1.7568467 0.61482126 8.193479 1.2511115 18.970108 -1.7261078357696533 0.8205744624137878
Pedestrian 0.0 0 1.1701570749282837 736.8089599609375 139.2496337890625 855.5142211914062 374.0 0.85361034 1.7975631 0.6364773 1.4933164 1.4847062 5.8096457 1.4217513799667358 0.8157762885093689
Pedestrian 0.0 0 1.2757488489151 809.589111328125 147.48321533203125 916.0693969726562 374.0 0.8514349 1.7840607 0.5853728 2.0502658 1.5284752 5.861586 1.6122276782989502 0.2638251781463623
Pedestrian 0.0 0 0.7467353343963623 502.902099609375 174.104248046875 526.8713989257812 218.41099548339844 0.7101235 1.7553841 0.6438481 -3.5022137 1.4633795 28.925964 0.6262466907501221 0.20250599086284637
Pedestrian 0.0 0 0.3566529452800751 499.0419006347656 175.66110229492188 520.5150756835938 219.9923858642578 0.6788582 1.7061684 0.55769813 -3.588152 1.4824677 27.99245 0.22916531562805176 0.06375361979007721
Pedestrian 0.0 0 0.8890780806541443 1000.9698486328125 158.87908935546875 1042.5662841796875 225.65455627441406 0.66554594 1.5806277 0.57708937 10.125234 1.0463736 17.374046 1.4167389869689941 0.0549524687230587
Pedestrian 0.0 0 -1.5901503562927246 867.3035278320312 173.98373413085938 908.6235961914062 283.01123046875 0.74111885 1.6658102 0.5917888 4.5015097 1.5522735 11.423143 -1.2147670984268188 0.053989436477422714
Cyclist 0.0 0 -2.071608781814575 870.277587890625 170.6373291015625 1078.1796875 374.0 1.9720508 1.7417812 0.5677082 2.8085573 1.670862 5.778924 -1.6192238330841064 0.8851526975631714
Cyclist 0.0 0 -0.259960412979126 712.26953125 153.30552673339844 959.8579711914062 374.0 1.8316733 1.8097153 0.635653 1.8187212 1.5929582 5.9084196 0.03865385055541992 0.3725830912590027
Cyclist 0.0 0 -3.2526848316192627 836.8394165039062 167.0206298828125 959.7898559570312 279.89556884765625 1.7247752 1.6931528 0.6539542 4.589633 1.4772649 11.320777 -2.8675174713134766 0.3013615608215332
Cyclist 0.0 0 -0.7252277731895447 871.3416137695312 152.44668579101562 944.7146606445312 225.7826690673828 1.8713964 1.8845184 0.5861771 8.092907 1.13911 19.031528 -0.32315656542778015 0.2985084354877472
Cyclist 0.0 0 2.506885528564453 931.3634033203125 131.4251251220703 1107.73291015625 288.4663391113281 1.87729 1.7857782 0.50819415 4.8978643 1.2177076 8.52435 3.0283989906311035 0.2245360165834427
Cyclist 0.0 0 -0.4020736813545227 782.8150634765625 152.60308837890625 874.200439453125 239.0823974609375 1.8357635 1.8589594 0.5880112 4.952651 1.2390187 15.821744 -0.09870773553848267 0.07032722979784012
Cyclist 0.0 0 0.04763425886631012 477.8128967285156 171.5958709716797 523.2732543945312 217.8961639404297 1.7160867 1.7661096 0.5606498 -3.906809 1.3893442 27.75618 -0.09220166504383087 0.0672861710190773
Cyclist 0.0 0 -0.3944671154022217 750.0172729492188 154.18218994140625 833.5411987304688 234.84902954101562 1.7951354 1.8271204 0.56382465 4.373469 1.2095798 16.670437 -0.1379002332687378 0.05699337646365166
Car 0.0 0 1.5588895082473755 622.6187744140625 173.92933654785156 644.9581298828125 194.08718872070312 3.7915783 1.5021743 1.6639512 2.4925969 0.93858343 55.450325 1.6038111448287964 0.97031569480896
Car 0.0 0 1.6538242101669312 552.1712646484375 174.10227966308594 597.2929077148438 209.6833038330078 4.5723977 1.5682297 1.7589358 -1.2032505 1.243128 33.983414 1.6184320449829102 0.9454047083854675
Car 0.0 0 -2.653503179550171 0.0 0.0 1238.0 374.0 3.8353436 1.4841336 1.5527902 2.84214 1.5214026 1.6109569 -1.598365306854248 0.41822314262390137
