Car 0.0 0 -1.8196969032287598 667.8099975585938 183.40570068359375 808.5255126953125 278.2806091308594 3.6052155 1.4766843 1.6237067 2.1495256 1.4496435 13.050337 -1.6564522981643677 0.9989629983901978
Car 0.0 0 -1.3438256978988647 384.3529357910156 185.90869140625 464.97528076171875 235.5404510498047 3.6639402 1.4073132 1.6338755 -5.6142354 1.4317073 22.278904 -1.5906838178634644 0.9977860450744629
Car 0.0 0 -1.2774957418441772 296.52752685546875 188.3134002685547 420.1712341308594 261.7487487792969 3.5462368 1.4253296 1.6133168 -5.410695 1.5027529 15.900617 -1.6054871082305908 0.9970211386680603
Car 0.0 0 2.125462055206299 0.0 194.60169982910156 289.30572509765625 376.0 3.958992 1.443687 1.6125339 -4.8302956 1.5642531 7.1329637 1.5302165746688843 0.995786726474762
Car 0.0 0 -1.4820917844772339 536.1782836914062 181.88507080078125 585.0255737304688 219.78677368164062 3.6611848 1.4652768 1.6921123 -1.9195783 1.3376464 29.63753 -1.5467699766159058 0.9892787337303162
Car 0.0 0 -1.7045022249221802 578.0879516601562 182.80067443847656 604.281494140625 202.65956115722656 4.017877 1.4891253 1.5117841 -1.3411231 1.3091652 56.002583 -1.7284451723098755 0.9773943424224854
Car 0.0 0 1.7372692823410034 417.5450134277344 187.8340301513672 474.182373046875 225.4758758544922 3.9756043 1.4571556 1.6792771 -6.7441483 1.5754623 30.1363 1.5171085596084595 0.7678652405738831
Car 0.0 0 1.7513279914855957 528.0960083007812 184.9718017578125 571.23681640625 212.88002014160156 3.7784576 1.4332812 1.6753428 -3.117587 1.4218866 38.878223 1.6713106632232666 0.7041203379631042
Car 0.0 0 1.6732592582702637 467.5430603027344 182.14248657226562 500.1730651855469 209.4143829345703 3.6723435 1.5543561 1.5511923 -7.369936 1.38033 42.8518 1.5029388666152954 0.43907809257507324
Car 0.0 0 0.4799124002456665 73.19682312011719 174.5280303955078 266.9629211425781 244.399169921875 3.8315432 1.6753347 1.7294619 -11.00687 1.4202026 18.217302 -0.06358867138624191 0.1721327155828476
Car 0.0 0 1.8783609867095947 325.7977294921875 186.41319274902344 393.20458984375 224.96771240234375 3.3730445 1.4464768 1.6040856 -9.896811 1.498393 28.777008 1.5471184253692627 0.11836568266153336
