Pedestrian 0.0 0 -1.7473129034042358 444.28302001953125 161.53504943847656 478.3064880371094 246.72972106933594 0.7708084 1.7490968 0.57824296 -3.0113416 1.3404435 15.209354 -1.9427776336669922 0.971592128276825
Pedestrian 0.0 0 -1.8617830276489258 569.6207885742188 154.5466766357422 609.7921142578125 240.52578735351562 0.8479226 1.7615103 0.6313337 -0.29465953 1.2105395 15.214494 -1.8811476230621338 0.9600809216499329
Pedestrian 0.0 0 0.5302160382270813 1127.1915283203125 99.99671936035156 1238.0 351.8638916015625 0.79691255 1.8197312 0.70625436 4.7633023 1.2322743 5.6813073 1.2279467582702637 0.8890205025672913
Pedestrian 0.0 0 0.9707314968109131 820.0859985351562 144.619384765625 881.0431518554688 266.0390625 0.7853115 1.8060937 0.5416041 3.8055518 1.2588098 11.133245 1.3000993728637695 0.8650282621383667
Pedestrian 0.0 0 -1.6884887218475342 308.287109375 163.8900146484375 393.3183288574219 369.1137390136719 0.7990106 1.7516505 0.6452527 -2.3769436 1.602729 6.630026 -2.032726287841797 0.8618162870407104
Pedestrian 0.0 0 1.7712593078613281 528.1029663085938 161.3017120361328 556.9612426757812 229.81964111328125 0.8498311 1.6572858 0.5580206 -1.4879855 1.1699318 17.826822 1.6879833936691284 0.7062875032424927
Pedestrian 0.0 0 1.1308478116989136 720.1827392578125 157.60372924804688 755.3092041015625 234.67108154296875 0.73313946 1.7545239 0.5436841 3.1412504 1.2117107 16.774336 1.3159689903259277 0.3935103416442871
Pedestrian 0.0 0 2.507230281829834 705.99462890625 164.53988647460938 767.9596557617188 267.1833801269531 0.8631436 1.6956081 0.58884776 2.2794473 1.4167254 12.317032 2.6902246475219727 0.1546114683151245
Pedestrian 0.0 0 -1.6941218376159668 398.1864929199219 168.0869140625 440.9736633300781 276.24627685546875 0.81389487 1.6279727 0.5521095 -2.910273 1.4273899 11.28933 -1.9464185237884521 0.1376960724592209
Pedestrian 0.0 0 -2.585826873779297 609.0784301757812 151.95838928222656 632.857666015625 199.9888916015625 0.69705456 1.7382567 0.5345253 0.697407 0.6701733 26.409286 -2.5594253540039062 0.13226991891860962
Pedestrian 0.0 0 0.9807192087173462 1008.0364379882812 155.60308837890625 1238.0 374.0 0.804745 1.6928283 0.63248646 2.4125178 1.5862209 3.4049594 1.5971474647521973 0.1273375004529953
Cyclist 0.0 0 -1.9567229747772217 708.9412231445312 168.09922790527344 780.1774291992188 279.9354248046875 1.9337991 1.748692 0.4833715 2.3496037 1.5404536 12.224863 -1.7668397426605225 0.7497907280921936
Cyclist 0.0 0 1.9905833005905151 255.76364135742188 141.3872833251953 404.2882385253906 374.0 1.783851 1.7944732 0.5643934 -2.3969846 1.4864379 6.446747 1.634609580039978 0.6206052899360657
Cyclist 0.0 0 -0.5231290459632874 900.544921875 121.12535858154297 1238.0 374.0 1.7575011 1.7668003 0.60151696 2.3656213 1.5143274 3.3932652 0.08568286895751953 0.5327805280685425
Cyclist 0.0 0 -0.29327303171157837 639.064697265625 155.28680419921875 703.4998168945312 217.8299102783203 1.7895013 1.7920973 0.57033545 2.0118995 1.0421296 21.035952 -0.19792205095291138 0.15049071609973907
Cyclist 0.0 0 2.9927146434783936 510.0492858886719 147.7826690673828 580.9334716796875 221.7109375 1.6947815 1.7868974 0.50151306 -1.4226005 0.97312075 17.796339 2.9129464626312256 0.11401574313640594
Cyclist 0.0 0 3.201688766479492 353.6127624511719 157.0865936279297 479.90093994140625 269.5906677246094 1.8802539 1.697845 0.6105508 -2.919548 1.3307176 11.317452 2.9492244720458984 0.1086462140083313
Cyclist 0.0 0 1.5974282026290894 576.288330078125 152.94444274902344 602.3784790039062 243.68881225585938 1.5833393 1.821675 0.51523143 -0.2795875 1.2496727 15.211586 1.5790504217147827 0.10722588002681732
Cyclist 0.0 0 -1.754173755645752 820.7548828125 138.07379150390625 885.7423706054688 271.3919982910156 1.8488102 1.9086035 0.6189264 3.8546343 1.2882222 11.240933 -1.4238286018371582 0.1017138883471489
Cyclist 0.0 0 0.9047154188156128 1101.2099609375 90.67725372314453 1238.0 374.0 1.7052245 1.9233636 0.5616783 4.745905 1.3170587 5.664881 1.6020702123641968 0.06275352090597153
Cyclist 0.0 0 1.418774127960205 718.8214721679688 149.74594116210938 758.3382568359375 232.6647491455078 1.7603288 1.833476 0.63902444 3.1426475 1.1325593 16.771282 1.604008674621582 0.06198859587311745
