Pedestrian 0.0 0 -3.0724658966064453 1050.0159912109375 157.46559143066406 1149.8040771484375 316.0050354003906 0.9343144 1.7524554 0.66526806 5.732049 1.5827136 8.522352 -2.4803738594055176 0.8074256777763367
Pedestrian 0.0 0 -1.172025442123413 537.6038818359375 174.0931396484375 549.6036987304688 196.59768676757812 0.79536504 1.5646045 0.5763432 -4.6902075 1.6528008 50.678814 -1.2643102407455444 0.2876834273338318
Pedestrian 0.0 0 0.6029711961746216 1208.2637939453125 103.9992904663086 1242.0 375.0 1.080158 1.9512187 0.70074123 3.967959 1.6400802 3.8524404 1.4031397104263306 0.10228098183870316
Cyclist 0.0 0 -1.923612117767334 1043.69140625 147.29718017578125 1153.7403564453125 315.3196105957031 1.6235288 1.7853208 0.53398126 5.649991 1.5141249 8.515421 -1.3378041982650757 0.2711322605609894
Car 0.0 0 1.6958693265914917 428.45086669921875 182.44187927246094 482.5587463378906 223.63092041015625 4.0599113 1.4459587 1.5858278 -6.043545 1.8513694 28.389782 1.4861228466033936 0.9929350018501282
Car 0.0 0 1.8118261098861694 362.2391052246094 184.761474609375 458.2672424316406 244.7427215576172 4.0180883 1.4211622 1.6325938 -5.4300056 1.7839057 19.92731 1.5457943677902222 0.9927573204040527
Car 0.0 0 -1.7261713743209839 662.4369506835938 170.1641387939453 748.3341064453125 236.8793487548828 4.116962 1.6040093 1.6410885 2.3999648 1.5396962 19.428955 -1.6032687425613403 0.9795882701873779
Car 0.0 0 -1.589975357055664 541.3262939453125 174.7764892578125 564.9838256835938 198.1964874267578 3.539798 1.576987 1.584523 -4.0528283 1.7174028 50.723515 -1.6697063446044922 0.8763524889945984
Car 0.0 0 1.670638918876648 448.69256591796875 179.56097412109375 490.715576171875 213.01541137695312 4.063539 1.4682724 1.5812601 -6.7059393 1.8097596 34.60042 1.4792014360427856 0.6773748993873596
Car 0.0 0 -1.4514529705047607 546.5991821289062 173.3784637451172 567.5071411132812 189.32522583007812 3.7109542 1.4760511 1.5593246 -5.040089 1.5277898 68.79741 -1.5245821475982666 0.16230611503124237
Car 0.0 0 -2.5815672874450684 0.0 0.0 1242.0 375.0 3.7283888 1.5327547 1.4962194 3.0845692 1.7178305 1.8276062 -1.5456572771072388 0.11640222370624542
