Cyclist 0.0 0 1.8562015295028687 427.2669677734375 173.5811309814453 446.552734375 206.54681396484375 1.5277258 1.5992699 0.5235176 -8.494746 1.0359715 35.646523 1.6222598552703857 0.051074761897325516
Car 0.0 0 -1.5715609788894653 574.4407958984375 176.29530334472656 655.6256713867188 250.57171630859375 4.1085796 1.5039508 1.6443046 0.11071599 1.3244616 16.610743 -1.564895749092102 0.9982694387435913
Car 0.0 0 -1.2079793214797974 227.4650421142578 189.64352416992188 405.8424377441406 289.3309631347656 3.283675 1.3849171 1.625383 -4.6178427 1.468798 11.780118 -1.5815728902816772 0.9980186223983765
Car 0.0 0 -1.3584926128387451 401.9678955078125 179.22738647460938 490.7164306640625 239.55149841308594 4.111065 1.5272995 1.5990009 -4.466054 1.3768172 20.255646 -1.5755048990249634 0.9939529299736023
Car 0.0 0 2.2590620517730713 0.0 192.49517822265625 139.7135009765625 267.82440185546875 3.752004 1.4840941 1.6777939 -12.832903 1.6707593 16.421555 1.59572434425354 0.983130156993866
Car 0.0 0 -1.2743773460388184 370.6080322265625 179.81553649902344 434.98858642578125 217.41757202148438 3.4081492 1.4394622 1.59135 -8.297798 1.2338673 29.234632 -1.5509382486343384 0.9763582944869995
Car 0.0 0 2.0808403491973877 156.82313537597656 183.4391326904297 300.6427307128906 254.49166870117188 3.1701336 1.4336114 1.48393 -8.385633 1.3988969 16.107054 1.6008341312408447 0.9749950766563416
Car 0.0 0 1.5842745304107666 651.5252685546875 182.4390106201172 672.697021484375 202.19332885742188 3.8435936 1.558935 1.6682526 4.4496207 1.3409414 58.713955 1.6599146127700806 0.9631448984146118
Car 0.0 0 1.7277326583862305 483.59197998046875 174.06991577148438 538.339111328125 215.56390380859375 4.5891066 1.6816005 1.6736335 -4.182941 1.2310339 31.443352 1.5954781770706177 0.3877665102481842
Car 0.0 0 1.8246324062347412 405.04901123046875 175.9183807373047 454.5327453613281 208.29000854492188 4.2576632 1.5060922 1.3508844 -8.767952 1.0746657 35.577972 1.5830039978027344 0.13804174959659576
