Pedestrian 0.0 0 0.4610516428947449 1208.72412109375 117.99885559082031 1242.0 375.0 1.0797753 1.8632736 0.6573757 3.9778345 1.6158929 3.8704066 1.2601370811462402 0.05230262503027916
Car 0.0 0 1.7919566631317139 392.9708251953125 181.24551391601562 510.56298828125 264.5863342285156 3.9411383 1.535063 1.6492869 -3.3267486 1.7406839 15.6663685 1.5827150344848633 0.999067485332489
Car 0.0 0 -1.8127038478851318 722.944091796875 181.882568359375 845.838134765625 260.8310241699219 3.9228573 1.4124101 1.597989 3.4903328 1.6293857 15.333178 -1.588884949684143 0.9975835084915161
Car 0.0 0 -1.772591471672058 688.3942260742188 171.3158721923828 771.668212890625 233.72267150878906 3.9905076 1.6730157 1.6383555 3.3957112 1.6321393 21.36991 -1.6150074005126953 0.9963680505752563
Car 0.0 0 1.7122970819473267 455.65997314453125 178.400146484375 529.4653930664062 238.37745666503906 3.7294252 1.5254867 1.5614737 -3.3003902 1.6984502 20.574602 1.55324125289917 0.990548312664032
Car 0.0 0 1.711683750152588 521.0369873046875 176.30435180664062 553.7720947265625 201.75540161132812 3.901384 1.5919915 1.620676 -4.781715 1.8296995 47.649857 1.611667513847351 0.9826757907867432
Car 0.0 0 2.047179698944092 0.0 163.9640655517578 393.8638000488281 375.0 4.379641 1.7082095 1.7552519 -3.5226388 1.6548471 6.5612454 1.554460883140564 0.9664022326469421
Car 0.0 0 2.669536590576172 0.0 208.84173583984375 116.8044662475586 375.0 3.8881824 1.434078 1.5732131 -3.71799 1.6408765 2.1533287 1.6236987113952637 0.9012634754180908
Car 0.0 0 1.6625099182128906 484.7936096191406 179.64981079101562 537.0559692382812 223.35012817382812 3.960694 1.5135772 1.6253041 -3.7640913 1.7931471 27.628315 1.5271031856536865 0.8077255487442017
Car 0.0 0 1.7461631298065186 537.009033203125 175.53302001953125 568.1592407226562 198.16732788085938 3.7657127 1.6446352 1.7314423 -4.352213 1.8559084 54.84565 1.6669752597808838 0.16086924076080322
