Car 0.0 0 -1.7721086740493774 688.868896484375 183.71397399902344 806.2448120117188 264.0372314453125 4.149359 1.3866657 1.5632619 2.664497 1.6460931 15.114939 -1.5976190567016602 0.9998431205749512
Car 0.0 0 -2.1096673011779785 837.6212768554688 196.8233642578125 1242.0 375.0 3.374224 1.4387643 1.5407494 3.0054333 1.6762227 5.4230943 -1.603611707687378 0.9989381432533264
Car 0.0 0 -1.7136820554733276 667.8770751953125 177.8135223388672 728.58984375 223.179443359375 4.068743 1.4789505 1.5896577 3.053963 1.6723217 26.02332 -1.596861481666565 0.998744010925293
Car 0.0 0 0.6672446131706238 0.0 188.99354553222656 262.22686767578125 337.8761291503906 3.9210417 1.5231674 1.6332018 -6.4572124 1.730293 8.4011135 0.011936664581298828 0.9972587823867798
Car 0.0 0 0.3429889380931854 289.1040954589844 185.3191680908203 466.44012451171875 243.4550323486328 4.1512575 1.4320989 1.6118612 -6.080889 1.7762411 19.021812 0.03357648849487305 0.9966895580291748
Car 0.0 0 3.668219566345215 6.310701847076416 182.8129425048828 328.0226745605469 295.98297119140625 3.8901436 1.5662053 1.6139166 -6.598796 1.7295026 10.966245 3.126523733139038 0.9965853691101074
Car 0.0 0 -2.6020169258117676 111.2804946899414 180.10955810546875 382.3887023925781 274.98651123046875 4.2404323 1.6083403 1.6664816 -6.6602526 1.7532363 13.37592 -3.0640060901641846 0.9956054091453552
Car 0.0 0 3.427549362182617 317.9075622558594 179.8331756591797 464.228759765625 232.48660278320312 3.9206922 1.5077366 1.5801132 -6.5428896 1.7255627 21.67589 3.134395122528076 0.9894876480102539
Car 0.0 0 3.974855422973633 0.0 202.74208068847656 102.11652374267578 375.0 3.788967 1.470669 1.565432 -6.6814914 1.7500101 5.9270773 3.129694938659668 0.9883108735084534
Car 0.0 0 -2.8566360473632812 336.9275207519531 173.00119018554688 476.9345397949219 225.88575744628906 4.189189 1.698973 1.6799049 -6.7346387 1.7044129 24.047026 -3.1297013759613037 0.974886953830719
Car 0.0 0 -1.6402215957641602 647.110595703125 174.57884216308594 677.4431762695312 200.5633087158203 3.899266 1.5543783 1.6274041 3.2141354 1.6678607 45.36899 -1.569495439529419 0.9211200475692749
Car 0.0 0 0.21816593408584595 456.2043151855469 178.7530517578125 538.5611572265625 212.04493713378906 3.6378996 1.5372683 1.5983126 -5.3928804 1.827585 34.550682 0.06332921981811523 0.38777080178260803
Car 0.0 0 -2.9030399322509766 408.21868896484375 176.33795166015625 514.1959228515625 218.0750732421875 3.8764799 1.6129646 1.6839465 -5.954775 1.7574898 28.9442 -3.1059417724609375 0.3812952935695648
Car 0.0 0 0.24435019493103027 460.5243225097656 179.3890380859375 537.8789672851562 208.4711151123047 3.6848507 1.4502524 1.596749 -5.7432804 1.7978842 37.375893 0.09188008308410645 0.29794010519981384
Car 0.0 0 0.0810575783252716 468.6189880371094 176.71807861328125 537.6394653320312 206.52896118164062 3.6616442 1.6020516 1.6139082 -5.907101 1.821265 39.938538 -0.06578265130519867 0.2628868818283081
Car 0.0 0 3.115494966506958 492.7000427246094 176.390869140625 550.509033203125 197.3830108642578 3.8680854 1.3951646 1.6825972 -6.099616 1.6434025 49.447357 2.9927592277526855 0.13630421459674835
Car 0.0 0 3.0360052585601807 478.46832275390625 177.39166259765625 547.5874633789062 204.2242889404297 3.8793678 1.5168681 1.6392714 -5.758052 1.7922399 42.469566 2.9012463092803955 0.11661095917224884
Car 0.0 0 -1.6021292209625244 664.0665893554688 179.01983642578125 702.9898071289062 215.9318389892578 3.9253752 1.5406048 1.6247076 3.2484114 1.8384572 32.79766 -1.5034072399139404 0.11328525096178055
