Pedestrian 0.0 0 -0.21973681449890137 1171.1353759765625 150.5849609375 1199.8729248046875 187.4058074951172 1.0572782 1.8583605 0.5322875 29.374552 0.7347924 36.884106 0.4528059959411621 0.26770415902137756
Pedestrian 0.0 0 -0.5083539485931396 1182.5274658203125 149.69419860839844 1209.533203125 188.4772491455078 0.9366242 1.9332223 0.48432 29.42751 0.7791314 36.283016 0.17309141159057617 0.18562409281730652
Pedestrian 0.0 0 -1.4752461910247803 305.45196533203125 182.852783203125 339.9992370605469 261.86309814453125 1.0577961 1.7807094 0.6614647 -6.809216 2.0251684 17.011631 -1.855983853340149 0.17430606484413147
Pedestrian 0.0 0 -0.5414851903915405 1192.48193359375 153.228271484375 1222.654296875 191.167724609375 1.0361555 1.859266 0.5067392 29.511007 0.89784276 35.68474 0.14949917793273926 0.1218651756644249
Cyclist 0.0 0 -2.506035327911377 274.8555603027344 177.567138671875 339.324951171875 250.2684783935547 1.3112646 1.6909237 0.62215424 -7.3039646 1.8072419 17.293938 -2.9056529998779297 0.10202796757221222
Car 0.0 0 -1.8265836238861084 0.0 198.15786743164062 116.27672576904297 265.9679260253906 4.025161 1.4492369 1.6206213 -14.524645 2.1702595 18.679361 -2.487501859664917 0.5366169214248657
Car 0.0 0 2.1756863594055176 0.0 191.9829559326172 98.90953826904297 246.0894775390625 3.7461708 1.4847203 1.5791484 -18.415594 2.1479862 23.079115 1.502206802368164 0.302587628364563
Car 0.0 0 2.15964412689209 62.69955062866211 167.9888458251953 132.14747619628906 195.2992706298828 3.782233 1.6109862 1.6705176 -31.535955 1.3243587 44.473057 1.5428351163864136 0.20425081253051758
Car 0.0 0 2.1860015392303467 34.64223861694336 183.64923095703125 141.79405212402344 223.6773681640625 3.828022 1.4728682 1.6391362 -21.23712 1.9434326 29.504078 1.5621082782745361 0.17358577251434326
Car 0.0 0 -1.394897699356079 450.3039245605469 164.9664306640625 540.402099609375 235.98590087890625 4.164285 1.7879837 1.7859652 -3.1389995 1.5897648 20.264132 -1.5485804080963135 0.1599956601858139
Car 0.0 0 -0.7273538708686829 22.105104446411133 167.51844787597656 101.44514465332031 198.41567993164062 3.866237 1.8563169 1.6365082 -34.435364 1.5361125 45.40235 -1.3762403726577759 0.15150605142116547
Car 0.0 0 3.789625644683838 0.0 165.63027954101562 26.96068000793457 202.2389373779297 4.2391906 1.634432 1.6086591 -29.691721 1.3122795 33.186005 3.0597431659698486 0.11087225377559662
Car 0.0 0 1.0577729940414429 960.0194091796875 156.18092346191406 1022.2660522460938 183.13290405273438 3.8031933 1.5346622 1.6147835 22.604412 0.58564514 43.006317 1.5416955947875977 0.1049799770116806
Car 0.0 0 2.537266492843628 1036.2608642578125 147.93016052246094 1171.076416015625 189.5037078857422 4.274675 1.6255422 1.7049502 19.7759 0.65136844 29.077219 3.1345229148864746 0.10114550590515137
