Pedestrian 0.0 0 -2.179248571395874 921.0323486328125 169.92245483398438 992.5057983398438 273.8103332519531 0.9886417 1.6749378 0.6325561 5.7761593 1.6280315 12.169911 -1.73610520362854 0.44200292229652405
Pedestrian 0.0 0 0.5946343541145325 313.493408203125 170.40982055664062 327.8559875488281 194.96173095703125 0.87138426 1.9482458 0.61314785 -23.138212 1.7546526 57.64449 0.21292591094970703 0.1416569948196411
Cyclist 0.0 0 -1.8595494031906128 679.9913940429688 174.26370239257812 698.6549682617188 204.03201293945312 1.8759598 1.7368422 0.5977349 4.7009172 1.8234459 43.164486 -1.7510699033737183 0.18796467781066895
Cyclist 0.0 0 -3.460062265396118 914.6277465820312 169.95587158203125 1003.1012573242188 274.2138366699219 1.2152147 1.7018126 0.5931691 5.7988043 1.6548637 12.146108 -3.0146405696868896 0.15220442414283752
Car 0.0 0 0.2597911059856415 124.17295837402344 168.53665161132812 196.5264129638672 192.01275634765625 4.0493894 1.617424 1.7053133 -31.814713 1.3203301 51.1165 -0.2969335615634918 0.19836369156837463
Car 0.0 0 -0.7835850715637207 1159.32177734375 157.34695434570312 1242.0 184.87890625 3.805073 1.596129 1.6198364 35.012913 0.69748574 42.81991 -0.09815715253353119 0.19089548289775848
Car 0.0 0 1.9910553693771362 303.36676025390625 171.46029663085938 346.3603515625 192.79823303222656 4.208709 1.6930337 1.7247648 -23.431831 1.5828087 59.38744 1.6152485609054565 0.18214863538742065
Car 0.0 0 1.320556402206421 894.3917236328125 154.46035766601562 949.674072265625 189.87908935546875 3.9252236 1.6915748 1.636165 15.679054 0.813465 36.52291 1.7260581254959106 0.14917200803756714
Car 0.0 0 -1.649523138999939 678.3716430664062 177.79547119140625 707.8411254882812 202.11387634277344 3.3371453 1.4098767 1.5293835 5.025109 1.7246361 44.21124 -1.536347508430481 0.12967270612716675
Car 0.0 0 0.525195300579071 94.82988739013672 165.74282836914062 181.70751953125 194.96859741210938 4.011234 1.6874628 1.6402668 -27.820866 1.27723 42.584255 -0.05350564420223236 0.10179170221090317
