Car 0.0 0 2.6358237266540527 784.5533447265625 183.49606323242188 1106.492919921875 298.523681640625 3.8464026 1.4481093 1.6144564 4.5624156 1.613701 10.230265 3.0553231239318848 0.9444223642349243
Car 0.0 0 3.575387477874756 0.0 185.89743041992188 285.14404296875 296.6583557128906 3.8497148 1.5588188 1.6254107 -7.500375 1.7864556 11.488297 2.9969966411590576 0.9296041131019592
Car 0.0 0 3.540332555770874 120.2094497680664 177.19351196289062 322.0057067871094 251.28993225097656 3.724827 1.5818884 1.6214803 -8.804204 1.6873395 16.493578 3.0500152111053467 0.6839665174484253
Car 0.0 0 3.602126121520996 47.08399963378906 185.2413330078125 285.5803527832031 271.30419921875 3.5706177 1.5114995 1.6165913 -8.443304 1.7670171 13.902415 3.0563371181488037 0.6288766264915466
Car 0.0 0 1.6320196390151978 462.5521240234375 178.9568634033203 490.38592529296875 201.8841552734375 4.142326 1.4630255 1.6229645 -9.119902 1.8989582 49.340824 1.4492475986480713 0.40924811363220215
Car 0.0 0 -0.4046730697154999 748.7883911132812 183.4783172607422 1009.39404296875 270.25750732421875 3.9495327 1.371445 1.5223775 4.491738 1.5687064 12.492427 -0.05950985476374626 0.3549128472805023
Car 0.0 0 3.756840705871582 0.0 155.71078491210938 77.71519470214844 201.54092407226562 4.1152573 1.5964576 1.688857 -22.063805 0.9996445 26.148762 3.055968761444092 0.2932080924510956
Car 0.0 0 2.44968318939209 1038.3140869140625 180.94480895996094 1121.16064453125 208.5207061767578 4.1331553 1.63965 1.7482189 29.005438 2.1531985 44.656437 3.025723934173584 0.2700978219509125
Car 0.0 0 3.5644707679748535 184.30393981933594 174.5578155517578 365.2859191894531 241.56687927246094 3.9586906 1.6719879 1.6884556 -8.72528 1.719038 18.907639 3.1321206092834473 0.2659203112125397
Car 0.0 0 3.6240062713623047 152.07228088378906 166.70631408691406 232.43133544921875 191.04299926757812 4.1197405 1.5123556 1.639234 -26.465952 1.1306777 45.741425 3.0994713306427 0.26503702998161316
Car 0.0 0 0.3199231028556824 191.77554321289062 168.2803497314453 259.2889709472656 188.71792602539062 3.988023 1.4434478 1.648531 -27.740093 1.1207827 52.105843 -0.16929146647453308 0.22933408617973328
Car 0.0 0 1.7825697660446167 460.6346130371094 166.34832763671875 489.48089599609375 185.78164672851562 3.9185507 1.6407652 1.6873381 -11.746554 1.0918454 62.898514 1.5979424715042114 0.20441332459449768
