Pedestrian 0.0 0 0.05059667304158211 573.487060546875 172.1294403076172 606.2314453125 235.37254333496094 0.8803467 1.7294157 0.63947606 -0.6004869 1.7099602 20.056843 0.02066636085510254 0.15095126628875732
Cyclist 0.0 0 1.4332621097564697 573.8073120117188 167.5814666748047 604.2870483398438 235.33102416992188 1.8229569 1.7980721 0.59772277 -0.6491236 1.6584972 20.095732 1.40097177028656 0.7929159998893738
Car 0.0 0 -1.6924293041229248 706.9270629882812 186.45738220214844 828.5426025390625 288.6780090332031 3.455052 1.4120709 1.5519497 2.469739 1.6765056 12.221578 -1.4930343627929688 0.9236052632331848
Car 0.0 0 1.7731338739395142 449.3320007324219 174.697265625 543.512451171875 238.57284545898438 4.19425 1.5416317 1.7155615 -3.0110748 1.597714 19.6726 1.621253252029419 0.8891742825508118
Car 0.0 0 -1.3674551248550415 506.4021911621094 174.3544158935547 571.0284423828125 218.151611328125 3.899877 1.5404948 1.7001504 -2.6817555 1.6023552 27.5443 -1.4645107984542847 0.8311237096786499
Car 0.0 0 3.606858968734741 99.46295166015625 175.6415557861328 356.5845031738281 267.862548828125 3.929767 1.5988015 1.5660061 -6.986102 1.6539719 13.370321 3.1253674030303955 0.8174087405204773
Car 0.0 0 -1.860883355140686 740.4178466796875 189.97833251953125 999.7990112304688 375.0 3.2835307 1.4257231 1.527733 2.3315146 1.6419717 7.4419184 -1.557274580001831 0.7744841575622559
Car 0.0 0 1.5136488676071167 640.26806640625 175.742431640625 670.3565673828125 200.6043701171875 3.8673837 1.4530568 1.6276754 2.7251596 1.6395379 44.554493 1.5747374296188354 0.5922523736953735
Car 0.0 0 1.7904795408248901 567.45751953125 170.74517822265625 595.9325561523438 189.0217742919922 3.980869 1.5392289 1.6529824 -2.4521806 1.3619847 62.8707 1.7514957189559937 0.2326873540878296
Car 0.0 0 -0.2777411639690399 711.9081420898438 173.4115447998047 815.9878540039062 209.3485107421875 4.2624536 1.5599424 1.681497 6.810092 1.5860533 32.336353 -0.07017272710800171 0.17841386795043945
