Pedestrian 0.0 0 -0.4398415982723236 737.5940551757812 152.04080200195312 772.4329223632812 205.77984619140625 1.0016135 1.7779537 0.5624693 5.012229 0.8379232 23.776602 -0.2320784330368042 0.21292971074581146
Pedestrian 0.0 0 -2.9760236740112305 506.74676513671875 165.14224243164062 520.8101196289062 189.80638122558594 0.94609886 1.8187693 0.6220278 -6.758575 0.6875406 52.46237 -3.104145050048828 0.18338309228420258
Pedestrian 0.0 0 2.580827474594116 980.927490234375 149.83314514160156 1000.4857788085938 180.9570770263672 0.88892156 1.9242345 0.5941305 24.015944 0.029610578 44.03208 3.0801470279693604 0.15004032850265503
Pedestrian 0.0 0 -2.6313095092773438 384.30877685546875 167.5190887451172 399.9142150878906 193.29701232910156 0.9098923 1.8881738 0.6340343 -15.706728 0.9386293 52.19266 -2.923626184463501 0.13442137837409973
Pedestrian 0.0 0 -0.4434393644332886 835.6205444335938 154.1867218017578 852.5526123046875 184.37989807128906 0.79010016 1.8071755 0.5906791 14.417085 0.23359087 42.654217 -0.1174955740571022 0.1155431866645813
Cyclist 0.0 0 -1.7462067604064941 699.4815673828125 164.4022216796875 709.7579956054688 191.8757781982422 1.3363599 1.7682328 0.43631828 6.5015674 0.7334957 46.177067 -1.6063297986984253 0.12040254473686218
Car 0.0 0 -1.4726155996322632 532.6646728515625 168.39981079101562 562.4697875976562 192.48849487304688 3.7451305 1.4985433 1.5696511 -3.687785 0.74714684 45.866497 -1.5528455972671509 0.8854213953018188
Car 0.0 0 -0.4460909962654114 782.4161376953125 160.9266357421875 835.25390625 180.03842163085938 4.11879 1.6374809 1.6701145 17.81772 -0.03993058 61.793987 -0.1653648167848587 0.3896235227584839
Car 0.0 0 2.658167839050293 861.4178466796875 146.08407592773438 964.2174682617188 183.27320861816406 3.9012358 1.6171973 1.66414 13.741201 0.12206727 31.716703 3.0670039653778076 0.3141770660877228
Car 0.0 0 -1.164467215538025 387.6139831542969 173.75965881347656 444.3154296875 201.5385284423828 4.3629513 1.5373739 1.6144565 -10.995221 1.1657357 41.401497 -1.4240505695343018 0.2994302213191986
Car 0.0 0 -1.152369499206543 249.3575439453125 167.3240203857422 289.0752258300781 185.99942016601562 3.9241571 1.5972176 1.7252244 -29.582966 0.47153485 62.447727 -1.594775915145874 0.2648261785507202
Car 0.0 0 -0.9613080024719238 1069.629150390625 147.23097229003906 1146.115234375 176.20513916015625 4.032843 1.6145099 1.6214974 29.339926 -0.25807858 41.26368 -0.3432143032550812 0.2553704082965851
Car 0.0 0 2.6650383472442627 845.7627563476562 157.25941467285156 896.9998779296875 176.61148071289062 3.8523638 1.6578304 1.7110494 23.38463 -0.34612632 62.070908 3.025334119796753 0.24835331737995148
Car 0.0 0 -0.0023992210626602173 510.63330078125 165.07891845703125 561.6276245117188 185.5697479248047 3.756924 1.5111761 1.6194937 -5.1632047 0.37516123 53.131096 -0.09927362203598022 0.18299640715122223
Car 0.0 0 -0.6301196217536926 874.4656372070312 157.37643432617188 931.4163208007812 177.64857482910156 4.206743 1.6573398 1.7252276 25.074446 -0.24408722 59.493866 -0.2312489002943039 0.14769284427165985
Car 0.0 0 -3.4419636726379395 802.7034301757812 153.9872589111328 891.7625732421875 184.29664611816406 4.0178103 1.5146419 1.5930407 12.329988 0.19115877 36.18077 -3.113518476486206 0.13596521317958832
Car 0.0 0 2.819072723388672 779.0712280273438 153.57354736328125 859.06298828125 182.60508728027344 4.360921 1.7365329 1.7050861 13.033125 0.12728149 43.204025 3.112056016921997 0.12273222208023071
Car 0.0 0 -0.3522765040397644 473.3662109375 164.90615844726562 524.9011840820312 186.14588928222656 3.7930229 1.6717026 1.651136 -8.556349 0.4456072 57.27879 -0.5005607604980469 0.11418043076992035
