Pedestrian 0.0 0 -1.9797186851501465 768.43017578125 164.0247039794922 819.9551391601562 257.8296813964844 0.96719295 1.7736474 0.642316 3.7311888 1.4444863 14.105775 -1.7211261987686157 0.8091888427734375
Pedestrian 0.0 0 0.6477792263031006 721.304931640625 158.8176727294922 818.5265502929688 303.2586364746094 1.0689057 1.781041 0.65487695 2.1634316 1.5026937 9.474724 0.8722677230834961 0.6678858995437622
Pedestrian 0.0 0 -1.5922715663909912 378.18853759765625 167.8275146484375 421.06396484375 283.6769104003906 0.8927669 1.7232788 0.619733 -3.2008364 1.5212061 11.200725 -1.870623230934143 0.6321549415588379
Pedestrian 0.0 0 -2.5429282188415527 290.0011901855469 175.73294067382812 345.42510986328125 280.7415771484375 0.67165 1.6280034 0.47313234 -4.5558023 1.5398939 11.438151 -2.9219672679901123 0.4958855211734772
Pedestrian 0.0 0 -3.1109535694122314 705.1600952148438 169.96463012695312 762.32080078125 276.4234619140625 0.8933018 1.6777812 0.7320285 2.1316376 1.497282 11.76929 -2.931777238845825 0.42217138409614563
Pedestrian 0.0 0 0.9054728150367737 422.9895935058594 174.45689392089844 475.2450866699219 267.2035827636719 0.86708015 1.6672028 0.52947533 -2.882914 1.541867 13.390792 0.6934187412261963 0.35000815987586975
Pedestrian 0.0 0 -1.8363184928894043 637.7487182617188 175.74642944335938 674.54443359375 246.07200622558594 1.2067965 1.7745521 0.6618547 1.3845056 1.630552 18.778847 -1.762724757194519 0.30995994806289673
Pedestrian 0.0 0 -2.7933573722839355 509.5807189941406 177.29281616210938 543.0706787109375 231.51681518554688 0.88327426 1.6699177 0.6316405 -2.3785682 1.5414641 22.532524 -2.898529529571533 0.3074009120464325
Pedestrian 0.0 0 -1.917041301727295 783.9290161132812 164.75889587402344 825.9375 238.78099060058594 1.1008867 1.7322835 0.63875735 4.8745904 1.3417082 17.380257 -1.643599510192871 0.2333565056324005
Pedestrian 0.0 0 -1.727271318435669 689.2655029296875 171.82501220703125 731.9530639648438 268.1387023925781 1.056983 1.6912937 0.6095981 1.94166 1.5226736 13.142991 -1.5805987119674683 0.21599921584129333
Cyclist 0.0 0 -1.4532722234725952 643.0388793945312 173.4779510498047 675.3062744140625 248.5604705810547 1.6242566 1.8975068 0.668966 1.5127732 1.6959528 19.01323 -1.3738752603530884 0.2527357041835785
Cyclist 0.0 0 -1.2866365909576416 479.1499938964844 169.6204376220703 516.8419189453125 242.17584228515625 1.4023938 1.747895 0.56951255 -2.6139386 1.4629064 18.03654 -1.4305591583251953 0.23851506412029266
Cyclist 0.0 0 -3.2703490257263184 666.83837890625 178.5722198486328 748.6715698242188 274.6442565917969 1.3854365 1.6888082 0.6527833 1.8586361 1.6386173 12.96052 -3.127912759780884 0.22282719612121582
Cyclist 0.0 0 -1.9135600328445435 734.8840942382812 162.9451904296875 816.7730102539062 305.8960876464844 1.3189236 1.7431436 0.6302168 2.2129035 1.5182269 9.447474 -1.6834757328033447 0.2141292542219162
Cyclist 0.0 0 -1.4642930030822754 440.3337707519531 166.96267700195312 477.79107666015625 264.3960876464844 1.1914798 1.7572445 0.57465553 -2.7143486 1.4963282 13.572162 -1.6616826057434082 0.19980297982692719
Cyclist 0.0 0 -1.9500598907470703 766.9210205078125 164.39288330078125 819.6729736328125 257.29339599609375 1.0073172 1.7570269 0.6733925 3.717095 1.4347389 14.124121 -1.6927216053009033 0.19596560299396515
Car 0.0 0 1.6638407707214355 552.1748657226562 181.02557373046875 598.0948486328125 218.40103149414062 4.149641 1.5752308 1.6908001 -1.1340448 1.556211 32.3928 1.6288459300994873 0.9219776391983032
Car 0.0 0 -0.5978050231933594 560.884033203125 166.7073211669922 607.66943359375 184.3397979736328 4.063414 1.5727307 1.6609305 -1.5220796 0.25369707 65.926765 -0.620888352394104 0.41190165281295776
Car 0.0 0 -1.613142967224121 681.4049682617188 174.54107666015625 725.2802734375 213.95164489746094 4.031079 1.5452805 1.6440544 4.212181 1.273434 30.248228 -1.4747788906097412 0.2920316755771637
Car 0.0 0 0.004531294107437134 483.469970703125 169.21099853515625 530.832275390625 186.31155395507812 4.3668385 1.5834075 1.7049248 -8.825922 0.44587985 67.629326 -0.12523965537548065 0.23210163414478302
