Car 0.0 0 -1.7890801429748535 731.9935913085938 177.14019775390625 873.9169921875 277.73968505859375 3.880673 1.533901 1.6313721 3.2664373 1.6238987 13.126626 -1.5451929569244385 0.948419451713562
Car 0.0 0 -1.9146028757095337 790.8088989257812 192.7983856201172 1080.9639892578125 372.43939208984375 3.8491151 1.3868365 1.5622218 3.1447961 1.6608874 7.9495773 -1.537901520729065 0.8744248747825623
Car 0.0 0 3.5547213554382324 53.84736251831055 185.65060424804688 358.9363098144531 291.11505126953125 3.9332588 1.5064847 1.6256436 -6.292142 1.7286156 11.52185 3.05487322807312 0.8732754588127136
Car 0.0 0 -1.7452528476715088 675.7140502929688 179.9076385498047 736.5138549804688 221.37167358398438 3.7281258 1.3812147 1.5797191 3.4201236 1.6599761 26.577248 -1.6172701120376587 0.8039929270744324
Car 0.0 0 3.478640556335449 243.57159423828125 179.32376098632812 434.75689697265625 250.86607360839844 3.9070542 1.5899625 1.6369966 -6.3342447 1.7508264 17.042507 3.1227896213531494 0.7384326457977295
Car 0.0 0 0.26987969875335693 336.64837646484375 176.86849975585938 474.4989929199219 234.37594604492188 3.6514509 1.638268 1.6132771 -6.055829 1.7626994 21.4818 -0.0048947446048259735 0.6863159537315369
Car 0.0 0 3.333225965499878 366.96099853515625 180.9478759765625 496.0715637207031 228.33660888671875 3.9265478 1.4941353 1.6137075 -5.8915663 1.7734059 23.958294 3.0921010971069336 0.5985874533653259
Car 0.0 0 0.2576236426830292 396.56890869140625 175.3035888671875 515.082763671875 221.83816528320312 3.9570742 1.6412649 1.6763833 -5.6403813 1.7346781 26.475443 0.047719717025756836 0.5875230431556702
Car 0.0 0 0.9070384502410889 0.0 199.4278106689453 111.77294921875 375.0 3.7426465 1.5113916 1.5891283 -5.499258 1.7030871 4.3811927 0.008960247039794922 0.46811020374298096
Car 0.0 0 3.3944172859191895 299.2901916503906 183.23739624023438 468.5218200683594 243.39248657226562 3.9790325 1.4857577 1.6458958 -5.9116187 1.7735388 19.052637 3.093557834625244 0.4007400870323181
Car 0.0 0 2.792689323425293 725.8692626953125 174.653076171875 821.026123046875 207.95053100585938 4.028329 1.5083573 1.6743078 7.6002665 1.595931 33.888046 3.0133142471313477 0.38742882013320923
Car 0.0 0 1.4635224342346191 826.9525756835938 164.24208068847656 852.9453125 183.2802734375 4.3728604 1.5718012 1.6586682 19.656504 0.8611548 61.875393 1.771118402481079 0.38499709963798523
