Pedestrian 0.0 0 2.3345208168029785 971.0907592773438 144.13198852539062 1019.7305908203125 212.8168182373047 1.0136125 1.7672133 0.58236116 10.241596 0.83307934 18.616499 2.837467908859253 0.33566606044769287
Cyclist 0.0 0 -2.811610698699951 483.79803466796875 163.58201599121094 517.4961547851562 198.00164794921875 1.716561 1.8479984 0.5771096 -5.6752257 0.94107306 38.396793 -2.958353042602539 0.16954006254673004
Car 0.0 0 -0.35803917050361633 852.7942504882812 160.4709014892578 1005.7822875976562 209.2308807373047 4.376795 1.5827206 1.7462965 10.853737 0.9341332 23.963652 0.0672445297241211 0.9434193968772888
Car 0.0 0 2.0037875175476074 265.5096740722656 180.22933959960938 338.5831604003906 214.03240966796875 4.181967 1.5460976 1.6707569 -14.6720085 1.5351762 34.4497 1.601157784461975 0.922102689743042
Car 0.0 0 -0.795417845249176 0.0 200.63616943359375 298.15911865234375 370.0 4.004934 1.4207168 1.653848 -3.1738079 1.5726031 3.2626147 -1.5670193433761597 0.9034886956214905
Car 0.0 0 1.6657342910766602 436.47705078125 175.064208984375 469.9500427246094 200.43051147460938 3.8327367 1.4116255 1.5589589 -8.834377 1.1105188 41.335545 1.4551786184310913 0.8639938831329346
Car 0.0 0 -2.15043306350708 1190.6456298828125 150.88442993164062 1224.0 192.4076690673828 4.474172 1.5152253 1.7580494 25.749926 0.4360414 28.145216 -1.4094492197036743 0.24174292385578156
Car 0.0 0 -0.6758975386619568 1084.813232421875 151.58462524414062 1193.9613037109375 182.41908264160156 4.4456067 1.5378913 1.5658462 27.22573 0.097146094 36.10852 -0.029843013733625412 0.1888767033815384
Car 0.0 0 -0.937267005443573 55.62080001831055 170.71920776367188 127.09629821777344 195.25180053710938 4.259528 1.5928249 1.7477646 -34.791237 0.9591203 48.037098 -1.5640884637832642 0.17494216561317444
Car 0.0 0 -0.1164165735244751 916.0296630859375 144.2151641845703 1093.663818359375 214.9406280517578 3.874375 1.7037569 1.5998877 10.244744 0.83126616 18.5029 0.3892500400543213 0.17037372291088104
Car 0.0 0 -0.11499801278114319 593.055419921875 164.49102783203125 639.0883178710938 181.49729919433594 4.2267137 1.5990032 1.7115096 1.0640179 0.09491092 67.53576 -0.09924443066120148 0.16193464398384094
