Pedestrian 0.0 0 3.0008392333984375 674.3006591796875 168.78802490234375 686.9706420898438 187.6985626220703 1.1326858 1.7768182 0.4817965 6.6426597 1.3951395 68.05761 3.0981345176696777 0.12478041648864746
Car 0.0 0 -1.7113475799560547 662.1979370117188 181.45144653320312 744.2137451171875 244.84713745117188 3.7754066 1.4709396 1.6171188 2.3207004 1.7222942 19.158539 -1.5908035039901733 0.8957809805870056
Car 0.0 0 -1.914689540863037 749.8258056640625 200.90841674804688 1103.7518310546875 375.0 4.004972 1.3926102 1.6361421 2.488375 1.7396992 6.9110303 -1.5690821409225464 0.8433446884155273
Car 0.0 0 2.05293345451355 0.0 207.88983154296875 420.30279541015625 375.0 4.366973 1.3508234 1.6881136 -2.915737 1.7253114 5.5151978 1.5666112899780273 0.8390507698059082
Car 0.0 0 -1.6375117301940918 628.1428833007812 181.6441650390625 665.467529296875 215.157958984375 3.7947035 1.5589551 1.6242245 1.774476 2.0269995 36.475456 -1.5889015197753906 0.7842311859130859
Car 0.0 0 1.793404459953308 374.1662902832031 188.82737731933594 504.4276428222656 278.5003356933594 4.1072507 1.4336863 1.6195558 -3.2540164 1.7965841 14.319332 1.5699529647827148 0.7536672353744507
Car 0.0 0 -0.5554813742637634 675.3688354492188 167.05726623535156 722.9290161132812 185.07235717773438 4.0341253 1.5995567 1.6457939 8.09585 1.0852225 65.65544 -0.4327925741672516 0.202434703707695
Car 0.0 0 -0.22927236557006836 663.57275390625 168.8601837158203 707.808349609375 185.61094665527344 3.8976338 1.5624092 1.6326383 7.1349897 1.190248 68.35126 -0.12526196241378784 0.17604100704193115
Car 0.0 0 2.3865840435028076 770.1437377929688 71.37218475341797 1242.0 375.0 4.1621785 1.7197714 1.6981802 2.9923093 1.365741 3.4495614 3.1011197566986084 0.15315832197666168
Car 0.0 0 3.8952975273132324 0.0 145.31851196289062 123.19454193115234 324.5907287597656 4.0255613 1.6597049 1.5136725 -7.67528 1.405139 7.518028 3.0995495319366455 0.10106590390205383
