Pedestrian 0.0 0 -2.3901209831237793 157.3267364501953 173.45912170410156 233.58555603027344 282.83685302734375 0.90128386 1.6895797 0.583309 -6.6706944 1.6999357 11.532884 -2.9145114421844482 0.3392142951488495
Pedestrian 0.0 0 1.7160462141036987 382.7117919921875 170.4043426513672 408.62200927734375 229.4259033203125 1.1268057 1.7216408 0.590594 -6.466163 1.650543 21.644453 1.4257415533065796 0.26711416244506836
Pedestrian 0.0 0 -1.441278100013733 289.21173095703125 169.14581298828125 326.8138732910156 253.00942993164062 1.2172368 1.7343779 0.60005546 -6.557266 1.658047 15.585763 -1.8395192623138428 0.2524309456348419
Pedestrian 0.0 0 -0.34168577194213867 1125.033935546875 174.11691284179688 1192.98193359375 260.0187072753906 0.91263944 1.6947635 0.7238851 11.135763 1.7217513 14.729204 0.3056652545928955 0.21918179094791412
Pedestrian 0.0 0 1.3932851552963257 341.89031982421875 167.13905334472656 350.735107421875 192.41819763183594 0.87817574 1.8284389 0.45799765 -19.282547 1.4154346 52.680683 1.0424044132232666 0.14161232113838196
Pedestrian 0.0 0 -1.7504600286483765 748.8641357421875 170.77110290527344 762.6799926757812 199.10699462890625 0.99595046 1.881825 0.74160886 9.747827 1.743855 48.420498 -1.5517992973327637 0.1032223105430603
Cyclist 0.0 0 -1.4028888940811157 285.0030822753906 166.92945861816406 328.37493896484375 251.9708251953125 1.4785329 1.7432314 0.62813705 -6.5767684 1.6221443 15.579402 -1.80233895778656 0.30418771505355835
Cyclist 0.0 0 -1.2851457595825195 378.2521057128906 168.3972625732422 412.02081298828125 227.97103881835938 1.4731702 1.7269545 0.58223814 -6.4777064 1.5981187 21.651602 -1.575849175453186 0.22960114479064941
Cyclist 0.0 0 0.5911363959312439 1118.736083984375 173.5546112060547 1203.062255859375 262.1611633300781 1.1785713 1.7257135 0.6987423 11.172868 1.7410297 14.731441 1.2400152683258057 0.15834766626358032
Cyclist 0.0 0 2.970082998275757 474.6515197753906 167.52914428710938 509.32891845703125 201.4722442626953 1.8041298 1.8313565 0.5574647 -6.4935026 1.5444187 39.48632 2.8070924282073975 0.10957234352827072
Car 0.0 0 -1.54221773147583 572.6859741210938 179.05003356933594 619.7298583984375 221.1763916015625 3.3759317 1.3863287 1.5815259 -0.49266455 1.6239923 25.936428 -1.5612105131149292 0.9159665703773499
Car 0.0 0 2.003572463989258 202.76524353027344 180.37738037109375 305.9241027832031 227.4078369140625 4.0171227 1.4053504 1.5591537 -11.845469 1.6795082 24.231125 1.5488817691802979 0.8937484622001648
Car 0.0 0 -1.4571541547775269 511.50592041015625 176.86180114746094 553.479248046875 209.84033203125 3.549581 1.4303257 1.5464618 -3.5872293 1.6266872 33.5042 -1.5638158321380615 0.885850727558136
Car 0.0 0 1.23297119140625 811.6378784179688 177.25987243652344 863.056396484375 206.13096618652344 3.7540166 1.5162245 1.5805322 12.621337 1.7747587 40.37462 1.5359523296356201 0.1467016637325287
Car 0.0 0 3.4699251651763916 308.4820251464844 169.97914123535156 362.22796630859375 188.1482391357422 4.0157647 1.5483989 1.6871585 -23.741158 1.3037548 62.40149 3.1063778400421143 0.11987496167421341
Car 0.0 0 -1.9371516704559326 1121.4993896484375 213.18507385253906 1242.0 375.0 3.6842024 1.3522274 1.5646341 6.8366284 1.8901651 7.6147375 -1.2055448293685913 0.11201310902833939
Car 0.0 0 2.183652639389038 249.69190979003906 171.27914428710938 293.0007629394531 189.98667907714844 3.85703 1.625583 1.5890877 -30.350727 1.4890928 64.732056 1.7452201843261719 0.10993797332048416
