Car 0.0 0 1.7865257263183594 431.42474365234375 179.5935821533203 493.7476501464844 224.7793731689453 3.7492998 1.5755975 1.5681933 -5.603191 1.85146 27.606115 1.5862767696380615 0.904075562953949
Car 0.0 0 1.8999922275543213 304.97509765625 185.9010772705078 430.4315490722656 262.9329833984375 4.036075 1.5742878 1.6426182 -5.7378263 1.927028 17.457455 1.5824401378631592 0.8958898186683655
Car 0.0 0 -0.793643057346344 0.0 214.12071228027344 194.84376525878906 375.0 4.106337 1.3730276 1.5734847 -5.7244916 1.854135 6.3192782 -1.5296958684921265 0.8762929439544678
Car 0.0 0 1.7624592781066895 465.97393798828125 178.7734832763672 515.9390258789062 215.88815307617188 3.868517 1.5953795 1.5871933 -5.5160217 1.8874074 33.593105 1.5997105836868286 0.87343430519104
Car 0.0 0 1.8441708087921143 390.9190979003906 184.35848999023438 471.2657775878906 237.00543212890625 3.7360187 1.4770058 1.5245237 -5.6366067 1.8736336 22.958635 1.6034210920333862 0.8579040169715881
Car 0.0 0 -0.7494915723800659 1121.7318115234375 142.7279815673828 1242.0 185.71876525878906 4.153129 1.6665262 1.6998259 23.132421 0.49905673 28.972004 -0.07570226490497589 0.8005031943321228
Car 0.0 0 -0.713272750377655 1071.7801513671875 149.507080078125 1192.3909912109375 186.0249481201172 4.2122912 1.5533099 1.7012352 22.859829 0.5605922 31.722427 -0.0888412743806839 0.53941410779953
Car 0.0 0 1.7467528581619263 498.7210388183594 177.7579345703125 540.60693359375 205.63323974609375 4.0384502 1.4910473 1.7033867 -5.1581693 1.7866548 41.37799 1.6227328777313232 0.5005823969841003
Car 0.0 0 2.689703941345215 747.041748046875 160.93089294433594 840.4251098632812 193.96295166015625 4.074813 1.538173 1.5993656 8.797829 0.98331904 34.792698 2.9373764991760254 0.4488832354545593
Car 0.0 0 -2.4810256958007812 1022.1067504882812 191.1778106689453 1242.0 375.0 3.5760515 1.427442 1.5681466 3.0141845 1.5309378 2.256752 -1.5529048442840576 0.421802282333374
