Car 0.0 0 -1.794727087020874 701.6429443359375 186.45045471191406 816.5286865234375 264.9344787597656 3.5161464 1.3926635 1.5911857 2.952997 1.713108 15.200944 -1.6028529405593872 0.9261114001274109
Car 0.0 0 0.41733354330062866 192.91824340820312 178.04141235351562 424.44598388671875 262.22674560546875 4.0747 1.620643 1.7020972 -6.1474214 1.7346613 14.902822 0.026097536087036133 0.9088025093078613
Car 0.0 0 3.766996383666992 0.0 185.70449829101562 259.92694091796875 355.9961853027344 3.9049263 1.5565802 1.6030209 -6.10111 1.708762 7.624968 3.0921645164489746 0.9001175761222839
Car 0.0 0 3.589240789413452 119.15677642822266 185.7021484375 381.4457092285156 278.87640380859375 3.78151 1.4940754 1.6157101 -6.1944156 1.7338582 12.618864 3.132911443710327 0.8591721653938293
Car 0.0 0 3.69260835647583 0.0 180.49313354492188 306.11175537109375 310.51568603515625 3.6827137 1.6233085 1.6219319 -6.429763 1.738138 9.95753 3.119248628616333 0.8413340449333191
Car 0.0 0 2.8639304637908936 699.129150390625 177.43589782714844 798.2467651367188 217.79229736328125 4.146146 1.7717124 1.6431118 6.242523 1.9874346 32.907055 3.0514044761657715 0.8155511021614075
Car 0.0 0 2.796027183532715 773.2269287109375 182.36322021484375 917.64990234375 234.89073181152344 3.9384608 1.5426329 1.6375716 7.1875396 1.8498781 22.395906 3.106574296951294 0.5649409890174866
Car 0.0 0 3.286111831665039 447.3048400878906 180.30178833007812 524.5767822265625 211.47256469726562 3.8839908 1.6129266 1.599192 -6.625957 2.0203817 38.587696 3.116058588027954 0.5378202795982361
Car 0.0 0 3.294261932373047 302.9100341796875 180.10421752929688 444.6539001464844 242.6264190673828 3.4669402 1.5902853 1.6128292 -6.383837 1.7991444 19.673086 2.9804859161376953 0.5140063166618347
Car 0.0 0 -2.6741931438446045 0.0 0.0 1242.0 375.0 3.9731648 1.4694387 1.638822 2.960914 1.5648718 1.4403138 -1.556139588356018 0.45288848876953125
