Pedestrian 0.0 0 2.095275402069092 0.0 147.1223907470703 202.1604766845703 375.0 1.2981168 1.7298541 0.5681796 -2.902042 1.6123818 3.976779 1.4648629426956177 0.3228413760662079
Cyclist 0.0 0 2.126603126525879 0.0 162.73101806640625 196.91217041015625 375.0 1.4877903 1.667043 0.5681764 -2.9821608 1.6225251 3.9621634 1.4814019203186035 0.7370558381080627
Car 0.0 0 -1.7195193767547607 667.6328735351562 183.57644653320312 760.5653686523438 250.68983459472656 4.265823 1.3609291 1.5672532 2.3335688 1.6526569 17.45912 -1.586647868156433 0.9071288704872131
Car 0.0 0 3.634031295776367 52.65617752075195 191.06451416015625 336.3846740722656 291.7686462402344 3.7434766 1.498163 1.5893517 -6.725643 1.819356 11.871886 3.1185944080352783 0.8886861205101013
Car 0.0 0 -1.6270848512649536 638.1163330078125 177.51002502441406 678.8992919921875 210.24700927734375 4.0217247 1.370974 1.6125301 2.1088002 1.5960556 32.805096 -1.5628905296325684 0.745996356010437
Car 0.0 0 3.546670913696289 162.44532775878906 186.02891540527344 406.0760498046875 266.6285400390625 4.169681 1.4988596 1.6352243 -6.472617 1.7801802 14.538181 3.127803325653076 0.7416042685508728
Car 0.0 0 0.2697448432445526 385.9855041503906 179.71839904785156 499.33831787109375 219.83135986328125 4.143241 1.540995 1.6308911 -6.6944995 1.8251666 28.927341 0.04232382774353027 0.7161620855331421
Car 0.0 0 -2.7736947536468506 261.9393310546875 183.05747985839844 429.53338623046875 243.27268981933594 3.9622386 1.5438747 1.6347945 -7.15169 1.8340987 19.64077 -3.122896909713745 0.6981217265129089
Car 0.0 0 3.305527925491333 422.1845397949219 178.118896484375 507.9399719238281 212.11183166503906 3.967969 1.6361878 1.6452473 -7.1953917 1.9049525 35.892094 3.107677698135376 0.6737616062164307
Car 0.0 0 2.3081095218658447 0.0 153.00177001953125 50.53260040283203 236.6868133544922 3.5404568 1.5986693 1.6263613 -14.292382 1.2197819 15.555979 1.565019965171814 0.6351051926612854
Car 0.0 0 -1.6053683757781982 634.3699951171875 172.60057067871094 668.20361328125 203.3206329345703 3.9410849 1.5407205 1.6410483 2.1012537 1.528368 38.171837 -1.5503766536712646 0.46062836050987244
Car 0.0 0 3.2172152996063232 499.37200927734375 167.42462158203125 544.49658203125 185.12184143066406 3.9292908 1.5752339 1.6932284 -7.943727 1.0923209 65.15696 3.0958971977233887 0.28351953625679016
