Cyclist 0.0 0 -3.7669711112976074 1124.59521484375 192.52743530273438 1211.1357421875 261.6210021972656 1.5721512 1.6291784 0.67291605 13.520391 2.118654 17.575851 -3.111257314682007 0.3654816150665283
Cyclist 0.0 0 -3.053938150405884 816.4729614257812 191.4530487060547 901.1394653320312 279.7635498046875 1.4706026 1.5751818 0.7522176 4.7035875 1.9473245 13.778915 -2.724979877471924 0.13868381083011627
Cyclist 0.0 0 -1.0928375720977783 1209.135009765625 175.5791778564453 1242.0 222.9541015625 1.5381594 1.8867979 0.52321297 25.08414 1.9999366 29.326471 -0.3852507472038269 0.12023833394050598
Cyclist 0.0 0 -3.5277957916259766 1166.9215087890625 184.03724670410156 1242.0 375.0 1.8845036 1.8058167 0.8790317 5.598516 1.9056487 5.647118 -2.7467193603515625 0.10674223303794861
Car 0.0 0 -0.722413182258606 262.27783203125 186.857421875 702.8147583007812 375.0 3.6470423 1.4569278 1.4584049 -0.87765336 1.6141837 6.2222404 -0.8625397682189941 0.8932157754898071
Car 0.0 0 -1.7415978908538818 1160.2274169921875 185.6545867919922 1242.0 375.0 3.415062 1.4978122 1.6409035 6.209561 1.6496885 6.659975 -0.9911839962005615 0.8779995441436768
Car 0.0 0 -1.2675302028656006 804.3640747070312 187.54176330566406 940.549560546875 266.98089599609375 4.086262 1.3835119 1.5813845 5.6750836 1.7410568 15.442411 -0.915351152420044 0.7786852717399597
Car 0.0 0 1.9787018299102783 600.7232666015625 180.95529174804688 836.085693359375 337.8893737792969 3.9884584 1.5875156 1.6130425 1.5951669 1.7197304 9.627711 2.142895221710205 0.7620413899421692
Car 0.0 0 2.0788090229034424 0.0 130.2279815673828 184.22837829589844 218.92953491210938 3.456277 1.6367848 1.6694565 -10.684414 0.8505765 15.119108 1.4636119604110718 0.3446013331413269
Car 0.0 0 1.9361953735351562 960.2271728515625 179.63409423828125 1034.0830078125 219.66319274902344 3.7606096 1.6156112 1.6127617 16.938831 1.9300559 31.582443 2.428488254547119 0.12930171191692352
Car 0.0 0 -1.7505053281784058 1097.6971435546875 185.3978271484375 1200.5455322265625 248.32138061523438 3.546604 1.4481995 1.5757855 14.248249 1.8181181 19.31579 -1.1149566173553467 0.1183379739522934
Car 0.0 0 -0.6865880489349365 0.0 119.17957305908203 102.37832641601562 212.62869262695312 3.9295208 1.8066071 1.7006108 -13.763876 0.76930285 16.029041 -1.3961018323898315 0.11706969141960144
Car 0.0 0 -0.46312981843948364 948.1951293945312 180.7198028564453 1029.19140625 211.98770141601562 3.3941305 1.5652312 1.4989485 19.491964 1.9806468 37.290115 0.01852130889892578 0.11372744292020798
Car 0.0 0 1.422776460647583 832.9987182617188 161.80184936523438 862.5594482421875 182.6748504638672 3.7919588 1.5542506 1.6210135 18.29955 0.7316397 55.72998 1.740045189857483 0.11006069928407669
Car 0.0 0 1.4479501247406006 803.8468017578125 160.6986083984375 833.1176147460938 184.26536560058594 3.910607 1.7129618 1.6508757 15.680643 0.82979894 54.503075 1.7280864715576172 0.10578637570142746
