Car 0.0 0 -1.6643619537353516 665.7080688476562 179.47264099121094 730.7680053710938 229.984619140625 4.3318987 1.3862102 1.5922028 2.6139438 1.6134976 22.553385 -1.5489765405654907 0.9733480215072632
Car 0.0 0 3.522448778152466 176.82618713378906 173.41464233398438 415.929931640625 260.63140869140625 4.045966 1.6314713 1.6593239 -6.158547 1.6436886 14.382959 3.117884635925293 0.830302357673645
Car 0.0 0 -0.18507158756256104 732.0601196289062 169.72698974609375 849.1361083984375 210.34762573242188 4.0828385 1.4920254 1.631308 6.7475467 1.377526 27.42878 0.05614113807678223 0.8271897435188293
Car 0.0 0 0.36381998658180237 264.3778076171875 171.15777587890625 432.52020263671875 235.2791748046875 3.9196866 1.6465577 1.6420478 -6.983132 1.603359 19.381617 0.018001794815063477 0.6457856297492981
Car 0.0 0 -2.5475645065307617 0.0 184.76780700683594 313.9903259277344 320.0186767578125 3.9240093 1.5046569 1.6310936 -6.0393853 1.6670318 8.989178 -3.1391475200653076 0.6204174757003784
Car 0.0 0 0.8336390852928162 0.0 184.3836212158203 222.276611328125 375.0 3.8788433 1.5274671 1.5955011 -6.0523424 1.6529535 6.8254213 0.1082010269165039 0.6083346009254456
Car 0.0 0 1.3042715787887573 742.391845703125 188.49049377441406 894.6991577148438 278.37261962890625 4.356836 1.3587358 1.6459839 3.721539 1.7064755 13.845349 1.5668585300445557 0.6020886301994324
Car 0.0 0 3.469029188156128 198.4788360595703 177.7409210205078 396.9169006347656 246.98980712890625 3.9479213 1.5103074 1.5601196 -7.192285 1.6307343 16.79506 3.0644190311431885 0.5815684795379639
Car 0.0 0 -0.08125370740890503 664.9618530273438 168.7174530029297 721.6739501953125 191.29031372070312 3.872635 1.5738187 1.6675669 5.8487644 1.2857691 51.200333 0.0324862003326416 0.42762109637260437
Car 0.0 0 3.19331431388855 451.69622802734375 169.16307067871094 530.225830078125 200.8463897705078 3.8273358 1.5534673 1.6488568 -5.9898343 1.3728554 36.40699 3.0302507877349854 0.289021760225296
Car 0.0 0 2.3899850845336914 10.858150482177734 167.58372497558594 94.09587097167969 195.82577514648438 3.988217 1.6636052 1.6967267 -34.394547 1.3535162 44.604618 1.7331171035766602 0.286626935005188
