Pedestrian 0.0 0 0.5201385617256165 147.34381103515625 170.69851684570312 227.82801818847656 333.225830078125 0.49536362 1.6832186 0.64897084 -4.6034083 1.6612532 7.797597 -0.013164332136511803 0.20031069219112396
Car 0.0 0 -1.6857020854949951 638.01123046875 175.97198486328125 693.4623413085938 221.5314178466797 3.8772812 1.5723615 1.6280657 1.9803288 1.6985304 27.140158 -1.612864375114441 0.8730122447013855
Car 0.0 0 -1.453052282333374 501.108154296875 180.37823486328125 552.5783081054688 221.45562744140625 3.6935704 1.4699188 1.5853556 -3.243753 1.7851708 28.344296 -1.5669976472854614 0.8678671717643738
Car 0.0 0 -1.7254748344421387 673.3142700195312 179.36521911621094 785.8607788085938 264.9171447753906 3.9127808 1.4734628 1.625482 2.2306588 1.6240218 14.682141 -1.5746978521347046 0.8434076309204102
Car 0.0 0 3.579357624053955 154.34625244140625 184.97259521484375 329.3172607421875 246.3604278564453 3.6166408 1.4496055 1.548483 -9.23354 1.7695719 18.195238 3.1097517013549805 0.784760057926178
Car 0.0 0 -1.6408568620681763 620.5047607421875 174.10777282714844 652.4049072265625 202.52645874023438 3.7502599 1.6425269 1.6672192 1.5310665 1.7222552 43.77143 -1.6058924198150635 0.6764432787895203
Car 0.0 0 -1.6939109563827515 621.5317993164062 178.17184448242188 666.6260986328125 214.850341796875 3.848544 1.5710882 1.6158841 1.4831207 1.8326806 33.46023 -1.6496150493621826 0.576205849647522
Car 0.0 0 2.1005196571350098 0.0 200.9024658203125 367.14947509765625 375.0 4.128395 1.4289805 1.585492 -3.4745646 1.7352268 5.7937407 1.5603134632110596 0.5106856226921082
Car 0.0 0 -1.4652092456817627 500.65509033203125 177.73931884765625 547.4890747070312 214.32106018066406 4.263558 1.5863698 1.7511238 -4.019083 1.8314629 34.001156 -1.5828676223754883 0.2019553929567337
Car 0.0 0 -2.5138258934020996 66.62528991699219 159.70950317382812 188.85174560546875 199.99008178710938 4.022954 1.6256396 1.6585836 -20.047377 1.095513 30.024181 -3.102548837661743 0.16758939623832703
