Car 0.0 0 -1.7104038000106812 702.6591796875 180.31411743164062 776.4296264648438 233.24778747558594 4.3593063 1.4020389 1.5848651 3.7791784 1.6519699 21.9326 -1.5397706031799316 0.9486177563667297
Car 0.0 0 -2.0913305282592773 852.2930908203125 189.70364379882812 1242.0 375.0 4.1438904 1.4263024 1.6673565 3.422753 1.6118389 5.847608 -1.5617711544036865 0.9427326917648315
Car 0.0 0 2.0011844635009766 138.31703186035156 192.5460205078125 388.7276611328125 318.3166809082031 4.3595724 1.396415 1.6603647 -4.9010515 1.7533884 10.878423 1.5778902769088745 0.9194134473800659
Car 0.0 0 -1.8548071384429932 766.4523315429688 184.16281127929688 957.3862915039062 303.9573059082031 3.7428684 1.4061564 1.6126207 3.4387498 1.6041691 10.7161045 -1.5442920923233032 0.873907208442688
Car 0.0 0 1.778487205505371 451.019775390625 177.85411071777344 513.3130493164062 221.83419799804688 3.529196 1.49278 1.5733653 -4.696732 1.6904808 26.684742 1.6042635440826416 0.8524892330169678
Car 0.0 0 -1.7338075637817383 727.1759033203125 178.34609985351562 830.990478515625 253.85313415527344 3.9551415 1.4823742 1.6454592 3.6667016 1.6235504 16.477087 -1.51484215259552 0.8452154397964478
Car 0.0 0 2.223064422607422 0.0 210.07220458984375 252.287109375 375.0 3.9429798 1.4255475 1.607646 -4.702009 1.8307681 5.8557796 1.5465158224105835 0.8148066401481628
Car 0.0 0 1.751399278640747 481.053466796875 175.30201721191406 533.5765380859375 215.3178253173828 3.8783863 1.6133404 1.58407 -4.425939 1.7265775 31.298252 1.6109189987182617 0.8130149841308594
Car 0.0 0 -0.07928245514631271 644.9998779296875 170.57028198242188 693.4894409179688 186.72666931152344 4.2573905 1.4440894 1.6168553 5.3148584 1.2403238 65.30225 0.0019271373748779297 0.5451458692550659
Car 0.0 0 -1.7189944982528687 693.8148193359375 175.76951599121094 752.4183959960938 220.47406005859375 3.9848175 1.5626682 1.6153984 4.1834807 1.6821114 27.47389 -1.567884087562561 0.39806482195854187
