Pedestrian 0.0 0 -1.8883777856826782 604.7220458984375 153.95982360839844 645.6080322265625 233.97872924804688 1.0953985 1.7710272 0.6247944 0.49733257 1.1627105 16.509811 -1.8582634925842285 0.6542047262191772
Pedestrian 0.0 0 -0.68742436170578 1088.2132568359375 92.34760284423828 1238.0 362.8693542480469 0.99004287 1.8835272 0.6151525 4.253235 1.2642018 5.312491 -0.012311384081840515 0.5549688339233398
Pedestrian 0.0 0 1.2339304685592651 460.5700988769531 159.2373809814453 519.4054565429688 290.2289123535156 0.811178 1.7317847 0.56859094 -1.6040217 1.4387879 9.986213 1.07466721534729 0.471286416053772
Pedestrian 0.0 0 2.698925256729126 657.9458618164062 151.29747009277344 702.3580932617188 229.81137084960938 0.8093676 1.7265341 0.6177406 1.736538 1.0635965 16.218727 2.805588722229004 0.4576149880886078
Pedestrian 0.0 0 -3.040283203125 640.863525390625 164.11524963378906 659.7656860351562 203.6414337158203 0.8070976 1.7824708 0.56710875 2.2186 0.99942845 32.738766 -2.9726200103759766 0.4464164078235626
Pedestrian 0.0 0 1.3497611284255981 721.7730102539062 162.1106414794922 749.406982421875 224.11062622070312 0.8833421 1.7317129 0.5941032 3.793442 1.1913004 20.513786 1.5326170921325684 0.4397388696670532
Pedestrian 0.0 0 -3.163109064102173 650.8853149414062 160.2393798828125 691.4234008789062 228.46719360351562 0.9651761 1.6284503 0.5396391 1.6513555 1.1222038 17.446718 -3.0687389373779297 0.276710569858551
Pedestrian 0.0 0 -2.097184658050537 302.6192626953125 182.5934295654297 396.18115234375 354.85943603515625 0.6992738 1.6162951 0.61600167 -2.5770895 1.6293254 7.2038593 -2.4407358169555664 0.26820459961891174
Pedestrian 0.0 0 -1.5047903060913086 498.95550537109375 160.90692138671875 518.3345336914062 206.47677612304688 0.8334595 1.6994998 0.676646 -3.5312471 0.9325278 27.224451 -1.6337788105010986 0.22229701280593872
Pedestrian 0.0 0 -0.22767341136932373 683.6424560546875 159.3986358642578 722.016357421875 226.3202667236328 0.88333243 1.717789 0.57900596 2.609839 1.1516532 18.763895 -0.0894717276096344 0.186751127243042
Pedestrian 0.0 0 -2.744621992111206 515.6449584960938 161.3836212158203 539.9214477539062 209.64138793945312 0.7239265 1.7286752 0.54407406 -2.694928 1.0091245 26.094643 -2.847532272338867 0.16981036961078644
Cyclist 0.0 0 -1.594388723373413 629.9091796875 160.39378356933594 647.2510986328125 212.5628662109375 1.622096 1.7402081 0.55477625 1.2477971 1.0372486 24.777111 -1.5440703630447388 0.34111058712005615
Cyclist 0.0 0 -2.0447158813476562 776.2890014648438 131.9358367919922 964.9403686523438 374.0 1.6085782 1.7818578 0.6188496 1.8527508 1.4722754 5.3442893 -1.7110029458999634 0.1822906732559204
Cyclist 0.0 0 -1.914020299911499 606.7177734375 158.1175994873047 649.3308715820312 238.4668731689453 1.3154204 1.77883 0.57086307 0.56348175 1.2623931 16.613789 -1.8801168203353882 0.16715215146541595
Cyclist 0.0 0 -3.7668063640594482 1098.1600341796875 117.11139678955078 1238.0 374.0 1.1347615 1.8035135 0.6185252 4.355638 1.3665373 5.2355685 -3.0728955268859863 0.14467503130435944
Car 0.0 0 -0.24804148077964783 635.1514892578125 163.5301971435547 688.8889770507812 184.18783569335938 3.8958032 1.5818114 1.6574792 4.7382073 0.20636928 56.137585 -0.16383758187294006 0.6190577745437622
Car 0.0 0 1.5911242961883545 559.0687866210938 166.81466674804688 587.0607299804688 193.30880737304688 3.932255 1.5768924 1.6642393 -1.7228296 0.70360535 44.73258 1.5526293516159058 0.2676629424095154
Car 0.0 0 1.5717874765396118 630.9832763671875 165.66159057617188 666.3408203125 200.61343383789062 3.7929952 1.5856627 1.6030651 2.2581255 0.86805594 34.531555 1.6370875835418701 0.17816831171512604
Car 0.0 0 -0.408355712890625 633.364501953125 165.00588989257812 684.5270385742188 183.6951904296875 3.8413446 1.4887733 1.5972483 4.712004 0.17538413 58.594254 -0.32811087369918823 0.16844025254249573
Car 0.0 0 -1.5951482057571411 605.2108764648438 167.43927001953125 655.1070556640625 212.5671844482422 3.761864 1.4915307 1.6491194 0.94796336 1.0278931 25.63039 -1.5581791400909424 0.16360653936862946
