Pedestrian 0.0 0 3.448265552520752 277.0198669433594 161.04217529296875 296.2308044433594 194.6185302734375 0.82094765 1.802968 0.5555802 -17.413218 0.50604033 38.919724 3.027564525604248 0.19152894616127014
Car 0.0 0 -1.0246137380599976 19.712627410888672 189.40780639648438 253.48776245117188 277.27392578125 3.929626 1.2940592 1.6311373 -8.088574 1.3811252 12.752202 -1.5898644924163818 0.9367162585258484
Car 0.0 0 -1.573875904083252 573.7415771484375 179.65370178222656 602.703125 204.6636199951172 3.9039202 1.3739638 1.5915147 -1.1630068 1.0695373 41.463604 -1.6019173860549927 0.8219732642173767
Car 0.0 0 1.7189793586730957 462.26715087890625 183.73890686035156 518.7965698242188 221.43675231933594 4.217897 1.3799139 1.5986615 -4.5907497 1.3269886 28.427977 1.558874487876892 0.772380530834198
Car 0.0 0 1.9927103519439697 219.65042114257812 182.1934814453125 354.31048583984375 245.45298767089844 4.1518745 1.4736269 1.6479801 -8.253397 1.4043558 18.824976 1.5795212984085083 0.7085481882095337
Car 0.0 0 2.4696102142333984 0.0 216.1536102294922 148.61785888671875 376.0 4.1234417 1.3750222 1.6106662 -4.8090672 1.640293 4.05019 1.5987613201141357 0.5122397541999817
Car 0.0 0 2.1634182929992676 0.0 177.38548278808594 170.09384155273438 255.716796875 3.8597286 1.468675 1.5771676 -11.348017 1.3229929 15.435237 1.529455304145813 0.4061416983604431
Car 0.0 0 1.8403853178024292 492.7507019042969 181.946533203125 540.0636596679688 210.10963439941406 3.910498 1.4684685 1.5976118 -4.992589 1.2991405 39.528137 1.7147458791732788 0.4019705653190613
Car 0.0 0 -1.0620083808898926 269.8601989746094 165.480224609375 336.3497314453125 195.1591796875 3.8040316 1.526881 1.6775063 -16.459438 0.5126899 38.960945 -1.4617255926132202 0.37975338101387024
Car 0.0 0 2.157527208328247 68.76910400390625 157.48550415039062 161.77101135253906 201.81117248535156 3.1240454 1.6830491 1.6222382 -19.712343 0.63126343 28.86325 1.5583316087722778 0.21231478452682495
Car 0.0 0 -2.567211866378784 449.29296875 168.26820373535156 499.7479248046875 185.2973175048828 4.442344 1.5609063 1.7129574 -12.525127 0.008610893 67.525696 -2.7506144046783447 0.17242170870304108
Car 0.0 0 1.6434046030044556 528.041259765625 177.17233276367188 551.45654296875 195.3087921142578 3.884881 1.4398003 1.6385752 -5.566046 0.80239326 59.023655 1.5493806600570679 0.16340363025665283
