Pedestrian 0.0 0 2.1106033325195312 987.5440063476562 142.0215606689453 1031.8946533203125 213.36520385742188 1.0265418 1.7765899 0.53409064 10.31919 0.8200005 18.08629 2.62908935546875 0.29412537813186646
Pedestrian 0.0 0 -2.1585705280303955 876.0831909179688 160.3209228515625 902.3443603515625 197.51345825195312 1.2778151 1.7345688 0.5400402 13.501322 0.79491794 33.650734 -1.7770134210586548 0.18490061163902283
Pedestrian 0.0 0 2.631831407546997 972.5528564453125 137.97332763671875 1019.2139282226562 208.7729034423828 0.9382835 1.8629228 0.555492 10.395398 0.74552083 18.880114 3.1351354122161865 0.15248118340969086
Pedestrian 0.0 0 -2.890911340713501 492.536865234375 167.84913635253906 511.6619873046875 200.5863037109375 0.9098803 1.7517084 0.5674042 -5.5618043 1.0761898 38.15822 -3.0356485843658447 0.12018762528896332
Cyclist 0.0 0 -2.1619975566864014 878.9813842773438 159.34095764160156 903.8569946289062 197.87962341308594 1.1714302 1.7983552 0.5320826 13.593813 0.81244874 33.61641 -1.7777206897735596 0.1259107142686844
Cyclist 0.0 0 -1.8529078960418701 724.9620971679688 164.2386932373047 736.1533203125 186.2150115966797 1.5343486 1.7143581 0.46121868 9.940865 0.44706976 55.938793 -1.6770342588424683 0.10751944035291672
Car 0.0 0 1.2581424713134766 449.11572265625 172.0448455810547 517.1207275390625 208.8439483642578 4.140232 1.4591438 1.6608816 -5.3056993 1.1253808 30.248909 1.0845074653625488 0.8882617354393005
Car 0.0 0 -0.8000805974006653 0.0 200.8683319091797 300.3494567871094 370.0 3.9748414 1.4135541 1.6414007 -3.1635592 1.5678016 3.297687 -1.5647228956222534 0.8835734128952026
Car 0.0 0 -2.1643104553222656 1188.02587890625 150.58883666992188 1224.0 191.72732543945312 4.4866586 1.5058945 1.7593361 25.73677 0.4125 28.224247 -1.424977421760559 0.27738791704177856
Car 0.0 0 2.2215123176574707 49.89140319824219 167.25244140625 121.22695922851562 192.62754821777344 4.1775556 1.6346868 1.690589 -34.902565 0.7826021 47.64778 1.589297890663147 0.21122223138809204
Car 0.0 0 -0.11413466930389404 926.1594848632812 139.26828002929688 1119.8125 212.4613800048828 4.0895176 1.7108037 1.6833576 10.453451 0.74866575 18.107573 0.4094243049621582 0.18703405559062958
Car 0.0 0 -0.24605262279510498 778.2587280273438 162.73837280273438 861.2567749023438 192.695068359375 4.059767 1.5970252 1.6211284 11.660616 0.6515407 38.594376 0.047359466552734375 0.1831594705581665
Car 0.0 0 -0.7328517436981201 590.27001953125 166.3208770751953 634.1936645507812 182.3172149658203 4.176356 1.4961579 1.6886872 0.7482461 0.17111006 68.13978 -0.7218711376190186 0.11326228082180023
Car 0.0 0 -1.4740736484527588 547.6665649414062 164.14453125 578.6336059570312 190.58380126953125 4.1068954 1.6949167 1.6856282 -2.760849 0.6477697 47.405556 -1.5322468280792236 0.11209558695554733
Car 0.0 0 -1.2884442806243896 1196.3775634765625 127.57775115966797 1224.0 370.0 4.178223 1.5283191 1.627922 5.4056554 1.3573123 3.7370977 -0.32253217697143555 0.10963351279497147
Car 0.0 0 2.1055850982666016 181.4156494140625 167.251220703125 244.79885864257812 194.6756591796875 3.7866151 1.6292583 1.7609692 -24.265287 0.84352905 43.919003 1.6008237600326538 0.10868161916732788
