Cyclist 0.0 0 0.8619614839553833 1075.4403076171875 108.43087768554688 1242.0 375.0 1.4562958 1.8308456 0.62848616 4.08006 1.4360982 5.162565 1.5307698249816895 0.3117103576660156
Car 0.0 0 1.887840747833252 371.61944580078125 190.02743530273438 435.1240539550781 225.4505157470703 4.378632 1.449748 1.5790317 -9.652398 2.309788 33.897717 1.6104321479797363 0.8233727216720581
Car 0.0 0 2.075453758239746 115.06451416015625 185.37889099121094 298.6454772949219 268.74151611328125 4.351108 1.5208848 1.6220264 -8.713244 1.8368158 15.996595 1.5766935348510742 0.7421553730964661
Car 0.0 0 1.8193070888519287 435.8740539550781 181.96817016601562 471.64288330078125 206.46478271484375 3.350647 1.4734501 1.4688551 -10.030623 2.0809538 46.362644 1.6062395572662354 0.6729413270950317
Car 0.0 0 -0.5126173496246338 931.5609130859375 147.54063415527344 1041.4012451171875 185.092041015625 3.9998224 1.6032541 1.6115392 16.432938 0.5228601 31.676653 -0.034065693616867065 0.5266837477684021
Car 0.0 0 1.7536365985870361 477.2748107910156 181.36865234375 517.8179321289062 207.05038452148438 4.1985703 1.3967702 1.6389941 -6.6415505 1.926908 42.769135 1.5995787382125854 0.4655288755893707
Car 0.0 0 2.066864013671875 270.12298583984375 0.0 1242.0 375.0 3.9913998 1.6297666 1.7298393 -0.8247398 1.6381389 1.4999828 1.5641491413116455 0.38541024923324585
Car 0.0 0 3.416537284851074 214.44406127929688 184.24615478515625 330.465087890625 228.17526245117188 3.906944 1.6585957 1.7089589 -13.51552 2.1350868 28.996817 2.980372667312622 0.2837291657924652
Car 0.0 0 1.62825345993042 594.9473876953125 176.56777954101562 612.74658203125 192.1458740234375 3.7090359 1.415472 1.4774593 -0.5785682 1.777348 68.34719 1.6197885274887085 0.27278488874435425
Car 0.0 0 1.6684917211532593 507.8930969238281 179.61129760742188 533.1942138671875 199.18460083007812 4.009745 1.4697629 1.6229473 -7.1308374 2.028547 57.60062 1.5453205108642578 0.25182321667671204
Car 0.0 0 2.0389387607574463 441.0877990722656 178.1407470703125 486.6326904296875 200.6441650390625 3.897612 1.4746336 1.5199136 -10.172032 1.8590816 50.337402 1.8395469188690186 0.1913847178220749
Car 0.0 0 0.9980716109275818 793.8251342773438 174.7898712158203 831.3377075195312 191.3354949951172 3.8390017 1.4994473 1.5662454 19.014414 1.6876196 67.93496 1.270979642868042 0.19091494381427765
Car 0.0 0 2.3954579830169678 904.7476196289062 152.82005310058594 1000.9800415039062 185.75152587890625 4.2313137 1.54024 1.6673784 16.665504 0.6035887 35.172478 2.837944984436035 0.1702210009098053
Car 0.0 0 -0.7684364914894104 969.7196044921875 146.62693786621094 1086.4124755859375 186.9882049560547 3.9907205 1.5224341 1.6095771 16.435877 0.5335031 28.478525 -0.2450011968612671 0.1639377623796463
