Pedestrian 0.0 0 -1.610692024230957 323.6355895996094 176.30950927734375 384.1619567871094 351.2835388183594 0.8481966 1.6375426 0.53421843 -2.5481672 1.5903412 7.2129927 -1.9502811431884766 0.7279342412948608
Pedestrian 0.0 0 -2.8416025638580322 535.6995849609375 168.67535400390625 571.677001953125 226.74313354492188 0.9543416 1.6982061 0.532175 -1.4457915 1.324279 21.374113 -2.909141778945923 0.5232065916061401
Pedestrian 0.0 0 -1.6770801544189453 437.0836486816406 171.83743286132812 470.8587646484375 253.45858764648438 0.8441002 1.6472808 0.6011694 -3.1227257 1.4535141 14.988739 -1.8824801445007324 0.3584578335285187
Pedestrian 0.0 0 0.8785718679428101 719.143310546875 163.2052764892578 755.1551513671875 228.87313842773438 0.7399568 1.6331289 0.5577894 3.42405 1.1793339 18.320925 1.06333327293396 0.18230757117271423
Pedestrian 0.0 0 0.5303828120231628 690.8453979492188 158.3133544921875 740.4979858398438 234.26182556152344 1.0840285 1.8130095 0.5388507 2.776107 1.2607064 17.696985 0.6859836578369141 0.1569218635559082
Pedestrian 0.0 0 -0.10173621773719788 694.1995239257812 156.106201171875 731.7893676757812 234.36375427246094 0.79236364 1.7594641 0.60218626 2.513783 1.1897509 16.468128 0.049739837646484375 0.1086309403181076
Pedestrian 0.0 0 -0.28348565101623535 776.009521484375 150.52989196777344 818.048095703125 217.43960571289062 0.9672387 1.7724974 0.5770123 5.222775 0.9532384 19.324606 -0.019526317715644836 0.10148054361343384
Cyclist 0.0 0 -2.546121835708618 421.4273986816406 164.1934814453125 493.5185241699219 248.93548583984375 1.3063455 1.6909658 0.6858425 -3.0213175 1.3468724 14.899295 -2.7461915016174316 0.19403214752674103
Cyclist 0.0 0 -1.6228578090667725 345.637939453125 165.04209899902344 415.0225830078125 347.19732666015625 1.147843 1.6906896 0.6050081 -2.320249 1.5393103 7.3083253 -1.930273413658142 0.15605370700359344
Cyclist 0.0 0 -1.8377398252487183 537.6723022460938 165.7333526611328 570.828369140625 225.42201232910156 1.2510847 1.7225069 0.6778009 -1.4474151 1.2686477 21.42935 -1.9051809310913086 0.1289696842432022
Cyclist 0.0 0 -0.29286444187164307 712.90673828125 188.5859375 815.6669921875 289.4210510253906 1.5259719 1.5800142 0.56034374 2.5799832 1.6994325 11.636687 -0.0746825709939003 0.10116273909807205
Car 0.0 0 1.232367992401123 791.811279296875 200.60595703125 1131.4962158203125 374.0 4.05734 1.4327242 1.6024214 3.090322 1.681848 7.237232 1.6359342336654663 0.2629315257072449
Car 0.0 0 -2.5964131355285645 0.0 0.0 1238.0 374.0 3.911582 1.4531573 1.6051565 3.0677722 1.5207335 1.8133777 -1.559470772743225 0.216042160987854
Car 0.0 0 -1.076629400253296 893.324462890625 147.56263732910156 979.039306640625 188.21998596191406 4.037384 1.6874603 1.7206186 14.794044 0.2798923 31.707155 -0.6400703191757202 0.16465985774993896
Car 0.0 0 2.6107654571533203 867.7601928710938 151.5834503173828 970.9512329101562 186.90884399414062 4.22398 1.6308395 1.6890363 15.103433 0.2506319 34.24232 3.026172637939453 0.13829588890075684
Car 0.0 0 -1.8176137208938599 713.4591064453125 161.69119262695312 761.6377563476562 193.2173614501953 3.9739325 1.6208619 1.635051 7.3154364 0.60329 38.96256 -1.6320189237594604 0.1340194046497345
Car 0.0 0 1.9081127643585205 181.94943237304688 205.09579467773438 463.5021667480469 374.0 3.6733928 1.3665328 1.5676745 -2.6553805 1.6793923 7.6424727 1.5737110376358032 0.12600965797901154
Car 0.0 0 -1.8288342952728271 723.54541015625 191.9228057861328 874.810791015625 291.9874572753906 3.4843934 1.3644658 1.5214485 3.052242 1.5638342 11.903604 -1.5778287649154663 0.12189736217260361
