Pedestrian 0.0 0 -2.4647467136383057 322.8967590332031 173.68653869628906 372.3747253417969 266.599609375 0.5916261 1.6501305 0.62865996 -4.680442 1.5126369 13.149064 -2.8067145347595215 0.22945380210876465
Pedestrian 0.0 0 -1.6432743072509766 524.9440307617188 168.51150512695312 542.5850219726562 215.15023803710938 1.0375297 1.7279656 0.5885486 -2.5858755 1.2477794 27.172241 -1.738154649734497 0.21451134979724884
Pedestrian 0.0 0 -0.48425930738449097 893.1862182617188 105.22291564941406 1130.522216796875 374.0 1.0471878 1.8014995 0.64927423 2.3438377 1.3824961 4.289596 0.015816211700439453 0.1812973916530609
Pedestrian 0.0 0 -0.5998238325119019 1142.4415283203125 127.99857330322266 1187.24560546875 200.13552856445312 0.76845807 1.8538059 0.5041699 14.654195 0.48007974 18.7336 0.0639944076538086 0.10817288607358932
Cyclist 0.0 0 -2.743211030960083 408.28021240234375 170.71163940429688 497.75213623046875 266.92236328125 1.4366372 1.6666635 0.6434071 -2.694563 1.4810542 12.894243 -2.9492204189300537 0.2606199085712433
Cyclist 0.0 0 0.9412025213241577 906.6951293945312 85.30770874023438 1184.6370849609375 374.0 1.6154789 1.8062406 0.59188896 2.5462682 1.3243179 4.4420633 1.4616961479187012 0.21832865476608276
Cyclist 0.0 0 -2.889939785003662 510.9771423339844 167.27467346191406 549.32958984375 214.49795532226562 1.3302574 1.7558126 0.61392593 -2.7053266 1.2279359 27.110111 -2.989400863647461 0.12625588476657867
Car 0.0 0 -1.7576478719711304 643.9244384765625 173.24697875976562 701.7032470703125 212.97555541992188 3.850782 1.4778923 1.5940968 2.760833 1.171918 28.709091 -1.6617769002914429 0.5506705641746521
Car 0.0 0 -1.8896467685699463 747.6177978515625 149.8463592529297 966.511962890625 314.4639587402344 3.8319414 1.833288 1.6305519 3.194451 1.4821262 9.919088 -1.5780845880508423 0.43594223260879517
Car 0.0 0 -1.7261631488800049 633.206787109375 175.0991668701172 679.946044921875 210.0989532470703 3.76006 1.526006 1.582292 2.4827118 1.2478845 33.254894 -1.6516443490982056 0.3566204011440277
Car 0.0 0 -1.4404282569885254 417.19757080078125 188.89134216308594 523.9923095703125 269.1781921386719 3.7859094 1.3837821 1.6474209 -2.5657127 1.555674 14.658912 -1.6137006282806396 0.29249098896980286
Car 0.0 0 -0.2645266354084015 504.9664611816406 162.9210205078125 557.8482666015625 181.9418487548828 4.500767 1.694815 1.7780026 -6.3638287 0.039772052 65.63019 -0.3611893951892853 0.24825862050056458
Car 0.0 0 3.8995046615600586 0.0 160.8548126220703 113.2578353881836 342.7869567871094 3.996532 1.6833078 1.6094055 -7.7316327 1.493667 7.5291495 3.100839138031006 0.22404205799102783
Car 0.0 0 -0.8608660101890564 1078.923828125 123.34661865234375 1238.0 182.96969604492188 4.1492114 1.6138269 1.6519333 16.168085 0.04094002 20.656244 -0.19674994051456451 0.1943376511335373
Car 0.0 0 -1.7014901638031006 665.5184326171875 173.69398498535156 728.1715087890625 226.63937377929688 3.4953647 1.5876206 1.5523554 2.991422 1.3546734 23.287336 -1.573732852935791 0.17963147163391113
Car 0.0 0 1.607326865196228 512.6929931640625 168.3946533203125 549.582275390625 202.6480712890625 4.460156 1.6498467 1.7234577 -3.556407 1.0195174 36.874084 1.5111769437789917 0.16898149251937866
Car 0.0 0 2.8384594917297363 575.354248046875 169.5492401123047 631.5879516601562 191.25347900390625 3.730228 1.5244169 1.6543941 0.15311445 0.68567604 51.792007 2.8414158821105957 0.16126345098018646
Car 0.0 0 -2.378587484359741 1011.425048828125 113.59134674072266 1238.0 374.0 3.8063323 1.5868183 1.5774912 3.0031068 1.5532758 2.3408265 -1.4698867797851562 0.13917846977710724
Car 0.0 0 1.8927640914916992 439.70526123046875 168.22372436523438 469.96405029296875 187.1134796142578 3.8067224 1.6854067 1.6070616 -13.411461 0.5012543 66.07643 1.69251549243927 0.12881430983543396
