Pedestrian 0.0 0 -0.08335423469543457 1148.9371337890625 157.14251708984375 1168.07861328125 190.8175811767578 0.75492525 1.7346046 0.48719397 28.52153 0.9256631 37.571712 0.5659596920013428 0.10591951757669449
Car 0.0 0 2.008103370666504 173.95498657226562 193.01019287109375 321.320068359375 260.5564270019531 4.2487926 1.3893145 1.6696242 -9.000351 1.9595809 18.257221 1.5500916242599487 0.9193978309631348
Car 0.0 0 1.809923768043518 416.87066650390625 184.76766967773438 462.50433349609375 213.2741241455078 4.0207353 1.3995663 1.4987758 -9.208053 2.0792558 39.123848 1.5787739753723145 0.4946645200252533
Car 0.0 0 -1.4870887994766235 587.2523193359375 175.11862182617188 617.614013671875 197.72853088378906 4.2097178 1.41313 1.6619202 -0.48796517 1.569946 47.68665 -1.4973211288452148 0.4887735843658447
Car 0.0 0 -1.7766202688217163 724.413818359375 162.4300079345703 763.1883544921875 189.8758544921875 3.9392688 1.7033008 1.6934481 8.589054 1.0567408 46.76575 -1.5949833393096924 0.24761204421520233
Car 0.0 0 1.8918826580047607 470.39715576171875 179.31735229492188 504.07598876953125 196.515625 4.14931 1.3859872 1.6256096 -10.518374 1.960809 61.953552 1.723707914352417 0.22529400885105133
Car 0.0 0 1.6914284229278564 575.405517578125 174.53163146972656 596.625 190.143310546875 3.5743377 1.4300007 1.5918334 -2.2646182 1.5935522 68.33616 1.6583011150360107 0.19852031767368317
Car 0.0 0 1.324687123298645 788.9597778320312 164.78404235839844 819.9801635742188 184.5460662841797 3.87586 1.6081595 1.6171528 16.2863 0.95181453 60.664112 1.5869693756103516 0.19444623589515686
Car 0.0 0 3.130664587020874 441.16058349609375 177.7074432373047 498.8729553222656 203.90396118164062 3.4976938 1.588864 1.5991424 -8.820203 1.9017047 45.31666 2.9384331703186035 0.1751408576965332
Car 0.0 0 -3.2661631107330322 976.9622192382812 158.99208068847656 1047.2314453125 181.43106079101562 4.111691 1.5200952 1.6538867 27.990648 0.58139765 50.410923 -2.759298324584961 0.17372120916843414
Car 0.0 0 -1.7953004837036133 1182.9361572265625 146.9285888671875 1242.0 185.5616912841797 4.275245 1.7801017 1.6573966 29.74889 0.58589196 35.52415 -1.0981509685516357 0.15429681539535522
Car 0.0 0 -0.4759291708469391 693.9569702148438 164.80580139160156 749.7404174804688 187.0120849609375 3.822766 1.6377295 1.6917428 8.433186 1.0445265 54.6196 -0.3227402865886688 0.15391848981380463
Car 0.0 0 3.4958462715148926 182.84104919433594 190.2173309326172 253.34934997558594 214.77456665039062 3.8930933 1.5681382 1.4887933 -26.336237 2.760585 48.52063 2.9985597133636475 0.1382593810558319
Car 0.0 0 2.9965360164642334 670.69921875 168.6728973388672 717.9697875976562 186.22879028320312 4.206869 1.6240306 1.6338488 7.860852 1.2376099 67.62232 3.1122629642486572 0.13111840188503265
Car 0.0 0 2.0514402389526367 190.52557373046875 185.53001403808594 304.2001647949219 239.10678100585938 3.944627 1.5204062 1.6496848 -11.653797 1.9668326 23.400799 1.589387059211731 0.12202505022287369
Car 0.0 0 -1.9992237091064453 975.8558349609375 153.40757751464844 1052.3311767578125 186.55392456054688 4.221315 1.5510134 1.7116635 19.971882 0.6414173 35.93163 -1.4919153451919556 0.12103772908449173
Car 0.0 0 2.7007505893707275 681.03369140625 169.1872100830078 728.9953002929688 186.6400146484375 3.9928536 1.5541064 1.6775087 8.620099 1.2279503 65.655754 2.83129620552063 0.11211824417114258
Car 0.0 0 1.3186986446380615 910.00537109375 154.8155059814453 962.0909423828125 186.8113555908203 3.8603818 1.5885597 1.56676 16.997293 0.6933262 37.85571 1.740722417831421 0.10805298388004303
Car 0.0 0 -1.8141738176345825 909.1290893554688 159.3470458984375 947.0875244140625 182.864013671875 3.8682683 1.6671621 1.6714146 23.372952 0.70998603 53.19634 -1.400193691253662 0.10665293037891388
