Car 0.0 0 2.131544828414917 0.0 198.1909942626953 313.06658935546875 351.6483154296875 4.3006883 1.3799186 1.6688557 -5.6580286 1.7852176 9.364606 1.588047981262207 0.9531726837158203
Car 0.0 0 1.8157216310501099 401.1237487792969 177.79232788085938 474.4817810058594 228.43621826171875 3.625684 1.5471525 1.5590795 -5.7337065 1.7257526 24.21778 1.583246111869812 0.9381842017173767
Car 0.0 0 -1.7441933155059814 690.314697265625 170.4630584716797 784.5191650390625 238.9874725341797 3.9193704 1.5439023 1.6558388 3.0417955 1.4903908 18.220224 -1.578772783279419 0.9250085949897766
Car 0.0 0 -1.933833122253418 762.3078002929688 183.75254821777344 1019.74169921875 322.0718078613281 4.222704 1.3606263 1.6588358 3.30144 1.537798 9.567354 -1.6015539169311523 0.9049375057220459
Car 0.0 0 1.7667877674102783 442.6482849121094 178.54209899902344 499.5265197753906 218.32315063476562 3.7259743 1.4847939 1.5740093 -5.6160617 1.7311236 29.330603 1.5776031017303467 0.8191117644309998
Car 0.0 0 0.9897368550300598 939.252197265625 192.6874237060547 1242.0 375.0 3.6228738 1.4357108 1.5512778 3.1961365 1.5963318 3.9480996 1.6702666282653809 0.5589123368263245
Car 0.0 0 -1.7508617639541626 674.978271484375 169.9440460205078 749.2894897460938 222.49557495117188 4.043325 1.5647136 1.6787125 3.1848054 1.4784284 23.53874 -1.616377830505371 0.503763735294342
Car 0.0 0 -0.7483589053153992 641.19921875 169.8907012939453 682.5756225585938 186.88668823242188 3.5768678 1.487969 1.6056198 4.662162 1.2288945 64.91239 -0.6766596436500549 0.44529661536216736
Car 0.0 0 2.030357599258423 224.79122924804688 166.85598754882812 286.175048828125 193.00680541992188 4.0922713 1.4666413 1.5960932 -20.836525 1.1306069 42.51313 1.5746454000473022 0.3922853469848633
Car 0.0 0 -0.12610742449760437 284.8631591796875 161.2956085205078 370.6266174316406 192.87945556640625 3.9652808 1.5656387 1.6854908 -14.677041 0.99303734 37.454037 -0.499583899974823 0.3838021457195282
Car 0.0 0 -0.21448348462581635 682.2550659179688 164.54090881347656 730.5751953125 183.8070831298828 3.9323215 1.663018 1.6761659 8.411826 0.94580555 63.27591 -0.08231957256793976 0.36995381116867065
