Car 0.0 0 -1.5621576309204102 573.261962890625 178.88327026367188 652.0859375 248.23448181152344 3.619817 1.4398679 1.6377096 0.077344194 1.3095253 16.741695 -1.5575377941131592 0.9364898800849915
Car 0.0 0 -1.192251205444336 304.8918762207031 178.95338439941406 398.4268798828125 225.72103881835938 3.7639368 1.4079628 1.60372 -8.312248 1.220564 23.54969 -1.5315662622451782 0.8996596336364746
Car 0.0 0 -1.3343350887298584 388.34954833984375 183.1855010986328 480.44866943359375 236.443603515625 3.4925761 1.3259069 1.6681168 -4.670443 1.2764944 19.641552 -1.5677834749221802 0.8948078751564026
Car 0.0 0 -1.0669066905975342 0.0 188.4836883544922 345.4452819824219 376.0 3.9130285 1.452676 1.58016 -4.18921 1.4959289 7.291609 -1.5883837938308716 0.8856717348098755
Car 0.0 0 1.7212835550308228 460.5169677734375 176.248046875 520.4662475585938 218.45399475097656 4.2347584 1.4998305 1.6577313 -4.463417 1.1822875 27.666609 1.5613330602645874 0.8424126505851746
Car 0.0 0 -1.079054355621338 171.0714569091797 177.49351501464844 273.6088562011719 223.06784057617188 3.4901323 1.4133394 1.5546246 -12.80573 1.1749921 24.035986 -1.5685755014419556 0.7107658982276917
Car 0.0 0 2.29465389251709 0.0 181.46800231933594 65.52033233642578 334.5218200683594 3.4047465 1.471529 1.4633645 -8.527443 1.4366281 8.647368 1.5162383317947388 0.49622344970703125
Car 0.0 0 -1.3404127359390259 382.6513366699219 166.38584899902344 423.98455810546875 192.02963256835938 3.5880823 1.4806305 1.6212195 -12.297618 0.39455706 43.331333 -1.6169456243515015 0.28459876775741577
Car 0.0 0 2.2007410526275635 0.0 184.23898315429688 130.50440979003906 258.6028137207031 3.6446264 1.411574 1.6403086 -12.312199 1.3941653 15.496276 1.5293465852737427 0.23161354660987854
Car 0.0 0 0.06679731607437134 304.4559020996094 163.34701538085938 377.3014221191406 189.07528686523438 4.1782413 1.5619094 1.609339 -16.663733 0.23543899 45.001118 -0.28784289956092834 0.18165168166160583
Car 0.0 0 2.0654797554016113 149.7318878173828 176.29010009765625 315.1333312988281 255.26339721679688 4.2879825 1.6207412 1.5788375 -8.633233 1.4386955 16.91037 1.5934444665908813 0.1693297028541565
