Pedestrian 0.0 0 -2.2627694606781006 405.7435302734375 171.22935485839844 457.2602844238281 262.6344909667969 0.80109257 1.66902 0.56635094 -3.2538462 1.4827491 13.580778 -2.4979286193847656 0.6072098612785339
Pedestrian 0.0 0 -3.435302972793579 930.0838623046875 171.9659423828125 1026.242431640625 316.3497314453125 0.840843 1.5654091 0.53975856 4.1929016 1.4633979 8.1273 -2.9590137004852295 0.5297966003417969
Pedestrian 0.0 0 -1.636021375656128 626.2279052734375 179.03932189941406 641.629638671875 220.0670166015625 0.9336651 1.6838583 0.5800118 1.3338996 1.583856 29.95202 -1.5915162563323975 0.431079626083374
Pedestrian 0.0 0 3.7270519733428955 8.056200981140137 159.76072692871094 110.47758483886719 352.7453308105469 0.51987004 1.6666553 0.55636644 -4.9337077 1.4802946 6.495347 3.0774505138397217 0.3684428036212921
Pedestrian 0.0 0 -2.314565420150757 267.2697448730469 157.58255004882812 375.8153991699219 322.71142578125 0.97393715 1.706483 0.61612475 -3.1264863 1.4606775 7.910236 -2.6909666061401367 0.3672723174095154
Pedestrian 0.0 0 -2.789353847503662 573.6387329101562 180.8311309814453 600.347412109375 221.04306030273438 0.92219704 1.5858419 0.5912853 -0.59367406 1.5604719 28.756073 -2.8099961280822754 0.20696692168712616
Pedestrian 0.0 0 -2.6216070652008057 512.4318237304688 181.02676391601562 545.5772094726562 236.7360382080078 0.8409526 1.6492095 0.5349766 -2.2125893 1.6363285 21.678093 -2.723320484161377 0.2053707093000412
Pedestrian 0.0 0 0.10428211092948914 799.571533203125 178.09963989257812 906.70654296875 374.0 0.92492193 1.8897301 0.5485167 2.3796306 1.8604455 6.9189954 0.43553662300109863 0.14689227938652039
Pedestrian 0.0 0 -1.6326841115951538 550.137939453125 188.26699829101562 569.3068237304688 235.45822143554688 0.838371 1.6720853 0.64109 -1.5388283 1.922689 26.034498 -1.6917227506637573 0.1252482384443283
Pedestrian 0.0 0 -1.5574589967727661 685.8739624023438 178.48458862304688 701.7081298828125 224.76158142089844 1.1988777 1.6281058 0.5527169 3.314603 1.5230787 25.901936 -1.4301832914352417 0.12137060612440109
Cyclist 0.0 0 1.6039992570877075 516.8480224609375 181.09136962890625 538.35400390625 240.22877502441406 1.320458 1.7323064 0.6064658 -2.25065 1.7214684 21.719334 1.5007435083389282 0.25697585940361023
Cyclist 0.0 0 -1.2232706546783447 275.16339111328125 150.4564971923828 383.4864196777344 323.2151794433594 1.4899006 1.7437438 0.6613513 -3.0220523 1.4317719 7.9973464 -1.58456552028656 0.1704213172197342
Cyclist 0.0 0 -1.6332448720932007 684.4467163085938 176.68804931640625 703.4147338867188 226.2642059326172 1.4446685 1.7361653 0.5853606 3.302632 1.5687122 25.893272 -1.5063819885253906 0.14671571552753448
Cyclist 0.0 0 -1.6607743501663208 624.8442993164062 177.99038696289062 641.8565063476562 219.82168579101562 1.0865473 1.7092615 0.6101526 1.3063511 1.5668467 29.90597 -1.6171201467514038 0.1361413449048996
Cyclist 0.0 0 -2.9449028968811035 569.5377197265625 178.95118713378906 603.060791015625 221.39793395996094 1.245568 1.6743568 0.6164553 -0.61908674 1.5748247 28.744915 -2.9664368629455566 0.13301658630371094
Cyclist 0.0 0 1.9353301525115967 607.1654052734375 180.0648956298828 626.3435668945312 211.3113250732422 1.4079112 1.6174011 0.54825455 0.8118876 1.5439739 37.93575 1.9567285776138306 0.13067927956581116
Car 0.0 0 -0.19324186444282532 687.6865234375 177.15794372558594 810.1525268554688 221.0399932861328 4.125546 1.545324 1.5939546 5.269136 1.3934767 26.103067 0.005940437316894531 0.47535204887390137
Car 0.0 0 2.593066453933716 695.2216796875 163.34474182128906 749.1514282226562 184.32608032226562 4.129958 1.6992217 1.7239093 10.06913 0.22937632 59.742306 2.760039806365967 0.3348354995250702
Car 0.0 0 -1.609844446182251 703.3341064453125 191.94610595703125 765.1165161132812 244.84982299804688 4.1572313 1.3647608 1.633823 3.8635752 1.7109349 21.55621 -1.4324949979782104 0.18415716290473938
Car 0.0 0 -1.5508862733840942 577.3854370117188 161.64781188964844 605.6654052734375 191.76309204101562 4.365631 1.8696172 1.7561255 -0.59452343 0.6378847 46.782192 -1.563593864440918 0.1732567697763443
Car 0.0 0 2.071221351623535 140.11097717285156 156.77313232421875 233.9205322265625 198.23788452148438 3.879702 1.56306 1.6188725 -16.640049 0.6319828 29.031498 1.5507618188858032 0.16390669345855713
