Pedestrian 0.0 0 3.098223924636841 415.2563171386719 167.15194702148438 426.6155090332031 189.8964385986328 0.84641683 1.7910763 0.600021 -14.8350315 0.36972943 57.01553 2.843675374984741 0.12281499803066254
Pedestrian 0.0 0 -2.3000776767730713 130.8961181640625 165.02285766601562 150.6162872314453 194.87411499023438 0.6455864 1.6612222 0.67027026 -26.278572 0.538622 40.408524 -2.8766796588897705 0.1145109161734581
Pedestrian 0.0 0 -2.719680070877075 402.6430358886719 164.2313232421875 422.8870544433594 198.3535614013672 0.83309525 1.751021 0.6181989 -10.133953 0.67531526 37.255306 -2.9852678775787354 0.10916836559772491
Car 0.0 0 -1.5876199007034302 546.9489135742188 164.55755615234375 580.5899658203125 196.1080780029297 4.0904655 1.5185856 1.6195862 -2.3154817 0.52540183 36.699406 -1.6506295204162598 0.7057619094848633
Car 0.0 0 -1.3292291164398193 467.2966613769531 164.77108764648438 514.7982177734375 195.6861114501953 3.8578155 1.5148052 1.5492716 -6.010303 0.5141717 37.20494 -1.4893912076950073 0.5827648043632507
Car 0.0 0 -0.8047059178352356 308.7112731933594 167.45712280273438 364.67730712890625 189.14564514160156 4.25116 1.6568663 1.6939725 -21.522018 0.3013553 57.199562 -1.1645824909210205 0.345255047082901
Car 0.0 0 -0.7722636461257935 397.2026672363281 168.24432373046875 448.3594970703125 187.64703369140625 4.036939 1.5270414 1.6582282 -15.080485 0.1924843 58.727127 -1.0236217975616455 0.3267505168914795
Car 0.0 0 -2.2198996543884277 253.31002807617188 169.65419006347656 299.4570617675781 187.4744415283203 4.2661924 1.6292901 1.699963 -31.120468 0.20764469 67.47381 -2.6520473957061768 0.29526692628860474
Car 0.0 0 -0.11535628139972687 428.0644836425781 168.1190948486328 476.5900573730469 184.8314971923828 4.170003 1.4903557 1.6180168 -14.197568 -0.03470237 65.605774 -0.3284771740436554 0.2028398960828781
Car 0.0 0 3.678969621658325 13.485088348388672 158.43325805664062 124.90153503417969 194.9372100830078 4.1380706 1.7532198 1.6802616 -26.604822 0.46803898 35.573483 3.0368244647979736 0.1865607053041458
Car 0.0 0 -1.2109612226486206 399.2857666015625 163.2609405517578 454.2144470214844 193.91021728515625 3.9836557 1.5905842 1.6183904 -9.872026 0.4523449 39.37323 -1.456626296043396 0.16419808566570282
Car 0.0 0 2.0613906383514404 147.60926818847656 173.82110595703125 191.87173461914062 194.7353057861328 3.3802838 1.6220808 1.6228102 -34.98951 0.73946106 57.482914 1.5146030187606812 0.15510627627372742
Car 0.0 0 3.2406532764434814 407.86041259765625 168.7735595703125 455.8117980957031 185.90431213378906 4.2744827 1.5972039 1.6419255 -16.64374 0.06533344 68.13179 3.001058340072632 0.14134818315505981
Car 0.0 0 2.025355339050293 579.8116455078125 165.33375549316406 618.80224609375 184.6077423095703 4.252567 1.5733367 1.6105406 -0.68736696 -0.05245022 61.08562 2.014103412628174 0.13997000455856323
Car 0.0 0 1.8306909799575806 593.1189575195312 166.1172637939453 624.6105346679688 186.15985107421875 3.8609667 1.5412173 1.5742729 0.10982187 0.07373373 57.342625 1.8326061964035034 0.1383930891752243
Car 0.0 0 -1.519545316696167 522.3568725585938 169.0849151611328 540.7421875 185.771484375 3.6749666 1.5110666 1.5191301 -7.0832887 0.05146103 66.96873 -1.624923586845398 0.12943895161151886
Car 0.0 0 2.476438283920288 131.3849639892578 163.3369903564453 213.5474395751953 191.32208251953125 4.1777005 1.6147572 1.6002296 -26.40122 0.35347396 43.711468 1.9330912828445435 0.12936414778232574
Car 0.0 0 0.6853131055831909 198.9168701171875 170.00827026367188 257.2909240722656 189.48394775390625 4.056139 1.5367137 1.6092039 -30.583706 0.33791548 57.907402 0.1994011402130127 0.1265677958726883
Car 0.0 0 2.244086742401123 0.0 166.36007690429688 41.93697738647461 200.20364379882812 3.310043 1.653823 1.6664689 -31.106953 0.73354244 36.802387 1.5423609018325806 0.1262332797050476
Car 0.0 0 3.215921401977539 414.26239013671875 167.00408935546875 460.5474548339844 186.14573669433594 3.8345692 1.6471229 1.652199 -14.898014 0.08116011 62.970673 2.9836063385009766 0.11581189930438995
Car 0.0 0 0.31463903188705444 282.4122619628906 163.77101135253906 356.44342041015625 189.09954833984375 3.9672866 1.5375787 1.5752028 -17.848858 0.23690231 44.552147 -0.06640900671482086 0.1144203469157219
Car 0.0 0 2.348666191101074 0.0 156.130126953125 15.704885482788086 202.70248413085938 3.5956311 1.5241939 1.6423672 -23.25887 0.57342887 25.348309 1.6062277555465698 0.1110306978225708
