Pedestrian 0.0 0 -0.13992488384246826 1223.838623046875 151.9828338623047 1242.0 184.9178924560547 0.999397 1.8870257 0.44636726 36.215023 0.691563 41.796753 0.5740451812744141 0.12274825572967529
Car 0.0 0 -0.537171483039856 989.4156494140625 156.1261444091797 1096.7716064453125 190.79403686523438 4.0771627 1.5897741 1.6054153 20.244833 0.8230388 33.890354 0.0013065338134765625 0.2050480991601944
Car 0.0 0 -1.5679824352264404 648.2874145507812 164.43167114257812 674.8982543945312 190.22889709472656 4.1115394 1.5627968 1.6100906 3.246595 1.0529296 45.81742 -1.4972412586212158 0.19568417966365814
Car 0.0 0 -0.22281228005886078 417.4004821777344 196.6714630126953 478.036376953125 225.49295043945312 3.1834736 1.5336533 1.5589119 -9.498742 2.968814 42.07532 -0.44484585523605347 0.17636458575725555
Car 0.0 0 2.3872976303100586 524.0418701171875 182.0791778564453 578.2988891601562 204.7107391357422 4.1047664 1.6039418 1.6415423 -4.4659233 2.3327086 54.896374 2.306124448776245 0.17347781360149384
Car 0.0 0 -1.5912200212478638 361.2245178222656 181.76339721679688 383.2689514160156 202.240966796875 3.3058293 1.4773599 1.537795 -18.316883 2.184798 55.446407 -1.9102858304977417 0.15388913452625275
Car 0.0 0 -0.7447141408920288 797.3353271484375 163.51341247558594 851.0107421875 185.22213745117188 4.191552 1.7505515 1.7558224 17.760403 0.99770117 59.8925 -0.45643654465675354 0.14873751997947693
Car 0.0 0 -0.7587082386016846 1178.6353759765625 150.73692321777344 1242.0 185.27761840820312 4.183663 1.5674413 1.6162264 29.163702 0.56413615 33.640614 -0.04447320103645325 0.13447967171669006
Car 0.0 0 -1.3203744888305664 356.30303955078125 181.70840454101562 392.9620361328125 204.68069458007812 3.4863348 1.473409 1.5749084 -16.11453 2.1025531 49.44617 -1.6354206800460815 0.11149226129055023
Car 0.0 0 1.6403899192810059 631.6862182617188 166.4062042236328 652.0439453125 184.7713623046875 3.5836778 1.6313573 1.6159012 2.917473 1.0589641 65.96266 1.684590220451355 0.10786779224872589
