Car 0.0 0 -1.5711867809295654 579.280029296875 177.2976837158203 650.3887329101562 237.30194091796875 3.7884152 1.4244874 1.6885779 0.13388883 1.2376467 18.961494 -1.5641257762908936 0.9276518225669861
Car 0.0 0 -1.4160645008087158 465.4205322265625 177.1970977783203 516.907958984375 214.14517211914062 3.599934 1.4420403 1.574951 -4.814974 1.130215 29.856348 -1.5759590864181519 0.9218854308128357
Car 0.0 0 -1.0258280038833618 0.0 188.92478942871094 373.5413818359375 376.0 3.9459107 1.4661995 1.6112238 -3.7509387 1.5123236 6.7158957 -1.5351862907409668 0.8997629880905151
Car 0.0 0 -1.3331600427627563 385.9931945800781 181.79115295410156 484.480224609375 242.33807373046875 3.6694784 1.3784447 1.5961658 -4.2895 1.301611 18.20174 -1.5646014213562012 0.8966322541236877
Car 0.0 0 2.0570640563964844 211.9345703125 184.5703887939453 347.7772521972656 241.00225830078125 4.0615907 1.354118 1.5955197 -8.674136 1.3397646 19.323503 1.635133147239685 0.5806447863578796
Car 0.0 0 -1.3962093591690063 498.6600646972656 178.03591918945312 543.6458740234375 206.87203979492188 4.3083158 1.443102 1.6479752 -4.5628443 1.0849224 38.167953 -1.5151911973953247 0.5476593375205994
Car 0.0 0 1.986568808555603 290.2731628417969 176.6758270263672 363.158447265625 209.45858764648438 4.2596316 1.4311198 1.5787553 -13.041985 1.0594467 33.54075 1.6157200336456299 0.5152624249458313
Car 0.0 0 2.3885326385498047 644.088623046875 175.49305725097656 687.0870971679688 195.67379760742188 3.5167801 1.6639217 1.565391 4.907988 0.8634124 60.97449 2.4688520431518555 0.37663623690605164
Car 0.0 0 1.513358473777771 677.094970703125 173.2244110107422 696.5640258789062 193.16680908203125 4.038171 1.7498479 1.518733 7.1276784 0.69880253 65.127914 1.6223658323287964 0.29944220185279846
Car 0.0 0 2.3265299797058105 0.0 186.2752227783203 100.07117462158203 334.9924621582031 3.3491914 1.4084312 1.4537989 -7.9733806 1.4245735 8.504504 1.5733532905578613 0.2503936290740967
