Pedestrian 0.0 0 2.45560359954834 1063.831787109375 158.65060424804688 1082.816162109375 185.23919677734375 0.831724 1.7008109 0.60904753 29.828047 0.79261005 46.50286 3.025926351547241 0.10678593069314957
Pedestrian 0.0 0 2.1145591735839844 1053.583251953125 152.36073303222656 1078.1097412109375 190.17431640625 0.867201 1.7432364 0.608715 21.268927 0.79883873 33.72704 2.677189350128174 0.10401353985071182
Cyclist 0.0 0 -3.0391271114349365 595.3135375976562 176.3426971435547 624.8348388671875 205.55303955078125 1.8485024 1.8639884 0.6531503 -0.0219047 2.0915036 46.55953 -3.039597511291504 0.10025554150342941
Car 0.0 0 1.6017178297042847 596.0385131835938 179.1342315673828 621.041259765625 201.7342071533203 3.781493 1.4103221 1.5493262 -0.09531479 1.8451284 47.999043 1.5997320413589478 0.565537691116333
Car 0.0 0 1.8940314054489136 457.23773193359375 184.13714599609375 495.8731384277344 206.16220092773438 3.8223681 1.4603465 1.6025656 -9.579009 2.3036354 51.89662 1.7115070819854736 0.5625417828559875
Car 0.0 0 -0.6941870450973511 1027.561279296875 149.69046020507812 1130.1922607421875 183.7321319580078 3.9414935 1.5718526 1.6772565 22.262568 0.50264883 34.381508 -0.11956021189689636 0.26742658019065857
Car 0.0 0 -1.079965591430664 260.3279724121094 182.6591033935547 360.6053771972656 233.1756591796875 3.8346012 1.569445 1.6088785 -10.369086 1.9389482 25.173805 -1.4706882238388062 0.2595304250717163
Car 0.0 0 -2.0408246517181396 838.6633911132812 151.2915802001953 899.1951904296875 184.35658264160156 3.448744 1.6205477 1.5314939 13.234399 0.56411123 37.168507 -1.6987571716308594 0.2507912516593933
Car 0.0 0 -0.8809589743614197 1007.92529296875 156.49755859375 1076.1795654296875 181.79281616210938 4.1823616 1.6730214 1.7312422 29.44885 0.59156847 49.23628 -0.34192824363708496 0.23010559380054474
Car 0.0 0 -0.7330878376960754 701.9404907226562 165.70079040527344 751.9994506835938 186.84933471679688 3.485074 1.5190172 1.6002096 8.645809 1.0055876 53.439213 -0.572689950466156 0.21273915469646454
Car 0.0 0 2.8578920364379883 718.7789916992188 164.27587890625 771.4801025390625 184.52293395996094 4.179006 1.7213497 1.6618538 11.637588 0.99241924 62.37433 3.0423476696014404 0.1821918785572052
Car 0.0 0 -0.769707202911377 688.1083374023438 169.14244079589844 738.814453125 189.9611358642578 3.81615 1.5627074 1.6560888 8.012973 1.2844652 55.948383 -0.6274538040161133 0.16208532452583313
Car 0.0 0 1.9937055110931396 240.7177734375 171.92662048339844 361.7547302246094 240.8312530517578 4.110607 1.8013178 1.6767718 -8.835843 1.7774322 20.934277 1.5943145751953125 0.1521923989057541
Car 0.0 0 -0.5637985467910767 930.2329711914062 159.19284057617188 1007.260986328125 184.42506408691406 3.9004478 1.4858181 1.6107687 21.55834 0.6817287 43.488228 -0.10357418656349182 0.1367853879928589
Car 0.0 0 1.6795554161071777 491.6024169921875 185.99266052246094 523.2640380859375 210.787109375 3.9117453 1.4585918 1.6076626 -6.6016674 2.342221 46.523327 1.5385963916778564 0.12774120271205902
Car 0.0 0 -0.8305826187133789 1041.0716552734375 157.40121459960938 1110.5633544921875 182.08621215820312 3.8168826 1.5539252 1.6320251 30.101143 0.58152753 46.694107 -0.2579808235168457 0.12318924069404602
Car 0.0 0 2.632640838623047 890.3239135742188 153.4157257080078 989.7086181640625 188.10064697265625 4.172014 1.6620607 1.6698277 16.188969 0.7309597 35.57527 3.059696674346924 0.1164284199476242
Car 0.0 0 1.5546088218688965 794.8057861328125 164.5152587890625 817.737548828125 186.4033203125 3.9364583 1.5964888 1.6086124 14.82868 0.9886277 54.730865 1.8191949129104614 0.10664411634206772
Car 0.0 0 -3.6290111541748047 1055.6163330078125 151.64048767089844 1173.6837158203125 185.03213500976562 4.0778284 1.4503417 1.574258 22.512844 0.5293064 32.362984 -3.0212202072143555 0.10061191022396088
