Pedestrian 0.0 0 -0.7709617018699646 1085.9888916015625 132.88722229003906 1133.326416015625 229.88035583496094 0.509706 1.8012795 0.52481216 9.534593 0.91869044 13.424038 -0.15338116884231567 0.2017947882413864
Pedestrian 0.0 0 0.7338739037513733 424.3449401855469 168.25198364257812 440.0509033203125 192.78195190429688 1.0943309 1.8611257 0.53088224 -13.221723 0.9331098 54.133198 0.4943196773529053 0.12459900230169296
Pedestrian 0.0 0 -3.17167067527771 768.9550170898438 155.65380859375 787.431884765625 184.9344940185547 1.1551871 1.8969957 0.5673029 11.312438 0.28862804 46.200188 -2.9315383434295654 0.10851972550153732
Cyclist 0.0 0 3.1820578575134277 535.3413696289062 162.59547424316406 552.7944946289062 184.82394409179688 1.4570094 1.8794744 0.56375104 -5.1575694 0.3668025 60.09238 3.096440315246582 0.10976757854223251
Car 0.0 0 -1.413305640220642 559.7677001953125 167.78759765625 582.869140625 183.6988067626953 3.9504557 1.4905789 1.6310574 -3.1942792 0.30080932 68.28541 -1.4600498676300049 0.2978852093219757
Car 0.0 0 -0.4970807731151581 862.21923828125 159.507080078125 919.727783203125 179.22283935546875 4.0192785 1.5622381 1.632809 23.124321 -0.10397512 57.192844 -0.11285415291786194 0.20645831525325775
Car 0.0 0 -0.32397058606147766 752.3794555664062 158.30364990234375 812.1542358398438 180.3515625 4.123614 1.6608851 1.6983868 13.59118 -0.010364946 54.28029 -0.07862597703933716 0.17661958932876587
Car 0.0 0 1.8062317371368408 431.87322998046875 170.0099639892578 458.6331481933594 187.2759552001953 3.3446903 1.4963113 1.589822 -14.171597 0.58840835 62.95293 1.584808588027954 0.175322487950325
Car 0.0 0 2.141308546066284 46.78728103637695 158.4833984375 123.89042663574219 190.735595703125 3.8376102 1.6725333 1.5709974 -28.294968 0.53221476 38.624756 1.5090625286102295 0.15737465023994446
Car 0.0 0 -3.314379930496216 734.2617797851562 160.77645874023438 785.5196533203125 177.55767822265625 3.9077284 1.3550147 1.6028064 12.751707 -0.24502179 58.28091 -3.0989770889282227 0.1386072039604187
Car 0.0 0 -0.819230318069458 423.8003234863281 171.00399780273438 476.0122985839844 190.5764617919922 4.1364627 1.497591 1.6956463 -12.289677 0.77225834 56.30596 -1.0341260433197021 0.12870082259178162
Car 0.0 0 2.0165274143218994 196.2681121826172 169.08250427246094 256.4818115234375 198.87478637695312 3.6276896 1.6894408 1.7578734 -22.389292 1.0433706 41.941135 1.526186227798462 0.11531610041856766
Car 0.0 0 -0.8577141761779785 0.0 157.23275756835938 38.341251373291016 197.43141174316406 3.6601381 1.6628141 1.6694773 -27.222443 0.70185256 31.077335 -1.5770865678787231 0.11359509825706482
Car 0.0 0 2.8974218368530273 532.795166015625 167.8816680908203 583.6478271484375 184.1966552734375 4.081476 1.3629471 1.5561256 -3.984278 0.31002516 60.42516 2.8315796852111816 0.10835227370262146
Car 0.0 0 2.0187644958496094 448.81170654296875 171.76300048828125 482.5672302246094 187.26010131835938 4.027459 1.4493557 1.6147101 -13.38303 0.63337654 68.273384 1.825197696685791 0.10670418292284012
Car 0.0 0 -0.7066401839256287 0.0 163.40576171875 41.73856735229492 195.67559814453125 3.7957027 1.7444067 1.6879723 -34.567486 0.821748 40.220875 -1.4165899753570557 0.10523562878370285
