Cyclist 0.0 0 -2.7391116619110107 523.0822143554688 199.01837158203125 656.0797119140625 348.9407043457031 1.3725635 1.5883981 0.7546696 -0.28427255 1.9170189 8.450409 -2.7727391719818115 0.1165473684668541
Car 0.0 0 -1.583835244178772 562.5498657226562 182.69198608398438 706.5087890625 316.0980224609375 3.8021576 1.4881471 1.6634117 0.24932809 1.6541843 10.238144 -1.559487223625183 0.7198973298072815
Car 0.0 0 -0.30928120017051697 697.4864501953125 165.1735382080078 746.8971557617188 183.94265747070312 3.9038384 1.5975629 1.6855544 9.686098 0.94418514 62.547234 -0.1556410938501358 0.37643226981163025
Car 0.0 0 -0.8470203876495361 167.45465087890625 169.4040069580078 221.9925079345703 192.1178436279297 4.0200677 1.8148295 1.6754551 -34.365826 1.5395334 59.785175 -1.3687207698822021 0.34505194425582886
Car 0.0 0 1.9422494173049927 300.697998046875 170.38641357421875 336.5169677734375 188.99269104003906 3.9023917 1.5895553 1.6230376 -25.658213 1.3791044 63.599884 1.5587881803512573 0.29504698514938354
Car 0.0 0 -0.28361237049102783 630.3767700195312 166.13088989257812 676.5463256835938 183.7146453857422 3.9111154 1.5767148 1.6273164 3.9400208 0.97421896 65.92431 -0.22391754388809204 0.27755656838417053
Car 0.0 0 2.088895082473755 118.55555725097656 176.339599609375 166.67462158203125 199.48382568359375 3.264594 1.6688671 1.632748 -35.08509 1.9391892 54.20576 1.5144500732421875 0.21640644967556
Car 0.0 0 1.7920167446136475 557.76806640625 184.3207244873047 643.9854736328125 246.28363037109375 3.874471 1.443935 1.524605 -0.19243847 1.788873 19.62571 1.7822116613388062 0.211581751704216
Car 0.0 0 0.022655081003904343 578.8814697265625 173.76394653320312 651.1896362304688 205.2171630859375 3.7227585 1.6144567 1.6507787 0.24331148 1.6638029 37.962933 0.029064178466796875 0.149771586060524
Car 0.0 0 -1.3854790925979614 529.5475463867188 191.5703125 639.1610717773438 273.4103088378906 3.8546329 1.3808569 1.5967345 -0.45310423 1.8262577 15.126573 -1.4154243469238281 0.14654859900474548
Car 0.0 0 2.1749727725982666 256.5286560058594 171.55776977539062 298.6674499511719 190.22113037109375 3.7959287 1.6522038 1.6275715 -30.32132 1.5378101 65.88216 1.7436394691467285 0.13579826056957245
Car 0.0 0 -0.12251339852809906 574.01953125 170.38076782226562 620.1572875976562 187.17942810058594 4.1536183 1.5498294 1.6658534 -1.2467359 1.3220084 67.682045 -0.14093180000782013 0.11922689527273178
Car 0.0 0 1.7365702390670776 526.90185546875 175.5030975341797 562.5146484375 201.1796417236328 4.0259013 1.5610055 1.6381762 -4.178824 1.7391753 46.359325 1.646673321723938 0.10822682082653046
