Car 0.0 0 -1.580919623374939 552.7409057617188 185.06344604492188 745.5975952148438 352.75244140625 3.8134282 1.3966416 1.6865234 0.34377506 1.5688505 8.2206335 -1.5391254425048828 0.8242403268814087
Car 0.0 0 -1.5799775123596191 575.7752685546875 177.07081604003906 650.3385009765625 240.38943481445312 3.8561542 1.4415025 1.7250807 0.004194744 1.5619923 18.617228 -1.5797522068023682 0.8210148215293884
Car 0.0 0 -1.425032138824463 458.7845458984375 166.4477996826172 527.5023193359375 224.34329223632812 4.1253495 1.7278905 1.6315905 -3.7700102 1.5370551 23.604342 -1.5834112167358398 0.7968341112136841
Car 0.0 0 -1.3428387641906738 393.4237976074219 178.4991912841797 506.3337707519531 252.49270629882812 4.3525476 1.4761064 1.6193002 -3.6345198 1.6259502 16.91453 -1.5544960498809814 0.7187712788581848
Car 0.0 0 2.45261812210083 0.0 209.03782653808594 236.92933654785156 375.0 3.8850245 1.3918751 1.6049967 -3.101536 1.6134925 2.4510384 1.5505989789962769 0.7133023142814636
Car 0.0 0 -1.7218036651611328 697.9737548828125 176.0260772705078 758.8801879882812 217.63851928710938 3.9545827 1.3846594 1.5938408 4.1882505 1.5093312 26.2916 -1.563831090927124 0.6942791938781738
Car 0.0 0 -0.16539086401462555 628.05810546875 166.68597412109375 675.1173095703125 184.63121032714844 4.0891395 1.6209456 1.6891226 3.7780936 1.0641614 66.23271 -0.10840989649295807 0.5821728706359863
Car 0.0 0 -1.6271119117736816 577.3106689453125 179.8595733642578 635.87548828125 227.13690185546875 3.808043 1.4100965 1.7202959 -0.23354758 1.6630269 24.054356 -1.6368207931518555 0.3966219425201416
Car 0.0 0 -1.14694082736969 717.4518432617188 168.23162841796875 752.8403930664062 184.06063842773438 4.1382217 1.4214597 1.6848773 11.628748 1.0067236 66.97741 -0.9750325679779053 0.3267793655395508
Car 0.0 0 1.7587255239486694 737.2764282226562 167.6611785888672 764.8851318359375 186.1908416748047 4.1466694 1.5786133 1.6478118 12.465463 1.1365755 63.698875 1.9519768953323364 0.23304371535778046
Car 0.0 0 -1.5649088621139526 595.1036376953125 170.84490966796875 631.0211791992188 205.38861083984375 3.7000604 1.5366409 1.5981171 0.11287526 1.4476271 33.951435 -1.561584234237671 0.22948963940143585
