Pedestrian 0.0 0 2.5802884101867676 794.6373901367188 165.4000244140625 806.77099609375 184.5005645751953 0.9062622 1.7302172 0.5671139 17.361362 1.0553579 65.763504 2.8383967876434326 0.1301346719264984
Pedestrian 0.0 0 -0.754996657371521 1118.46044921875 139.42677307128906 1157.0478515625 195.76885986328125 0.933967 1.8330516 0.5058009 17.345707 0.7458777 23.781065 -0.12481595575809479 0.12667833268642426
Cyclist 0.0 0 -2.1341400146484375 1000.0834350585938 158.69346618652344 1046.5487060546875 210.13583374023438 1.6694357 1.6805681 0.5555435 13.916083 1.2183161 24.41557 -1.616096019744873 0.11590072512626648
Car 0.0 0 -1.564036250114441 593.18359375 180.84011840820312 638.1219482421875 221.31642150878906 3.9576032 1.4069419 1.611571 0.18485105 1.7376217 27.852104 -1.5573995113372803 0.8960671424865723
Car 0.0 0 2.029775857925415 178.8927001953125 187.0396270751953 338.9900817871094 261.9661560058594 4.015729 1.42417 1.6632897 -7.855937 1.7886156 16.49645 1.5853327512741089 0.8797410726547241
Car 0.0 0 1.8680205345153809 370.3993225097656 182.39834594726562 446.94757080078125 227.46875 4.101501 1.4968668 1.6146256 -7.445255 1.8806338 26.910374 1.5981037616729736 0.8344177007675171
Car 0.0 0 1.438481330871582 750.03076171875 170.069580078125 775.9198608398438 187.8382110595703 4.0259953 1.3936449 1.5349586 12.375078 1.1756129 58.654766 1.6464135646820068 0.3340590298175812
Car 0.0 0 -0.4989472031593323 801.4088134765625 164.661376953125 853.7857666015625 183.37173461914062 4.098266 1.610715 1.6812075 19.071375 0.9057962 63.355194 -0.20655207335948944 0.28699713945388794
Car 0.0 0 2.847527265548706 794.8801879882812 165.0539093017578 846.6915893554688 182.45944213867188 4.241977 1.5673774 1.6404499 19.179214 0.865332 65.81462 3.131087303161621 0.26142624020576477
Car 0.0 0 -0.12674885988235474 770.5269775390625 164.88021850585938 822.1056518554688 182.68453979492188 4.4993715 1.6404747 1.6881026 17.39724 0.90613383 67.59733 0.12515020370483398 0.18872328102588654
Car 0.0 0 1.7831449508666992 430.145751953125 182.32933044433594 477.29339599609375 213.8411102294922 3.5976665 1.4132752 1.5271059 -7.6126146 1.9000549 35.2387 1.5703845024108887 0.1837761253118515
Car 0.0 0 -2.1680102348327637 1024.72900390625 157.02322387695312 1091.7318115234375 182.7976531982422 3.880944 1.5086218 1.5696968 27.339846 0.5823769 44.202732 -1.6140912771224976 0.16727903485298157
Car 0.0 0 1.8604940176010132 526.4448852539062 185.32034301757812 560.6658325195312 204.6837921142578 4.0870004 1.3793857 1.5591587 -5.1692514 2.3903217 56.331444 1.768985390663147 0.15577028691768646
Car 0.0 0 1.8796442747116089 471.2188720703125 180.92283630371094 513.5094604492188 205.80194091796875 3.935478 1.4514964 1.5071541 -7.394339 1.9835391 45.484814 1.7184869050979614 0.14896801114082336
Car 0.0 0 -1.8267974853515625 910.4500732421875 157.06509399414062 953.8194580078125 184.5778045654297 3.8663692 1.7070489 1.6356875 20.805307 0.72777057 46.805622 -1.4085230827331543 0.13780751824378967
