Pedestrian 0.0 0 0.6942797303199768 1161.073486328125 159.59422302246094 1202.7861328125 232.71165466308594 0.5264202 1.7101557 0.5852183 13.573981 1.4003785 17.19142 1.3626339435577393 0.13137677311897278
Cyclist 0.0 0 -2.1463370323181152 1015.6640625 148.67294311523438 1177.3814697265625 351.2721252441406 1.5894636 1.7967378 0.54465085 4.706656 1.5826477 7.1919637 -1.5668519735336304 0.135003924369812
Car 0.0 0 1.9125481843948364 170.3440704345703 177.6443328857422 459.41656494140625 362.401611328125 4.2775726 1.61127 1.7086619 -3.121732 1.6826369 8.546987 1.5623583793640137 0.9544350504875183
Car 0.0 0 -1.3545045852661133 422.8235778808594 182.69969177246094 531.8306274414062 254.3293914794922 3.7948706 1.3945978 1.6615286 -2.9443212 1.646526 16.504507 -1.531042456626892 0.8299365043640137
Car 0.0 0 1.5003975629806519 642.1256103515625 176.5944366455078 681.4784545898438 210.74761962890625 3.7096505 1.4644552 1.5370897 2.2935262 1.6465485 33.198517 1.5693731307983398 0.6783937215805054
Car 0.0 0 1.7633944749832153 549.8231811523438 174.34654235839844 583.9735107421875 197.00167846679688 4.2880373 1.553909 1.6688404 -3.0879047 1.6664978 52.01781 1.7041015625 0.6763826012611389
Car 0.0 0 1.6636172533035278 564.8875122070312 170.52796936035156 591.0562133789062 191.82962036132812 4.552005 1.7223526 1.7849678 -2.6748505 1.5346382 60.654213 1.619545817375183 0.5428341031074524
Car 0.0 0 -0.363696426153183 628.9480590820312 168.2938232421875 685.9046630859375 192.5112762451172 3.6416974 1.6597942 1.6770048 3.2990723 1.3476101 50.786766 -0.29882827401161194 0.3489334285259247
Car 0.0 0 0.33735519647598267 283.0638122558594 162.21807861328125 390.268798828125 200.4892578125 4.0997252 1.633055 1.5942874 -11.9616165 1.1795719 31.632164 -0.0241718627512455 0.19011610746383667
Car 0.0 0 3.378328561782837 380.7886047363281 161.94801330566406 459.2910461425781 191.1841583251953 4.2152095 1.6950473 1.699221 -11.233622 1.0631003 42.722805 3.121206760406494 0.1686905473470688
Car 0.0 0 -1.173654556274414 1184.3309326171875 129.74472045898438 1242.0 243.5754852294922 4.136829 1.652761 1.7484325 11.814192 1.0271955 12.083533 -0.3995264172554016 0.15894368290901184
Car 0.0 0 -2.10558819770813 1037.5977783203125 157.59039306640625 1242.0 375.0 4.394107 1.6291941 1.7558364 5.317999 1.551943 5.989853 -1.3795350790023804 0.15877452492713928
Car 0.0 0 2.7930781841278076 752.7147827148438 173.46994018554688 906.4180908203125 230.6339111328125 4.0279746 1.6157571 1.6550201 6.377122 1.6351529 21.355572 3.0832650661468506 0.11933474242687225
