Pedestrian 0.0 0 -0.29148179292678833 966.5005493164062 148.83984375 992.4268188476562 190.76910400390625 0.8597391 1.8023994 0.6264372 16.03173 0.77046907 31.399094 0.18059349060058594 0.11694937944412231
Cyclist 0.0 0 -1.4433693885803223 289.4378967285156 185.0651092529297 310.454833984375 233.8150634765625 1.2670858 1.8099215 0.59038824 -11.989338 2.2928584 27.821772 -1.8502551317214966 0.10966866463422775
Car 0.0 0 1.8622186183929443 345.4082946777344 187.18267822265625 413.51202392578125 225.6129608154297 4.1531334 1.4381349 1.6275256 -9.735197 2.0886276 30.646114 1.5546351671218872 0.872165858745575
Car 0.0 0 2.124779224395752 0.0 185.5437469482422 231.0507354736328 287.48089599609375 4.1799655 1.4573667 1.5710536 -8.67833 1.7228808 12.95698 1.5346239805221558 0.642423689365387
Car 0.0 0 1.723602056503296 502.4045104980469 179.2693634033203 531.6057739257812 199.30641174316406 4.0998287 1.460623 1.6440353 -7.201134 1.9772234 55.989635 1.595688819885254 0.3999910056591034
Car 0.0 0 1.952353596687317 418.8752136230469 180.6166229248047 465.44342041015625 206.73587036132812 3.6140807 1.4683731 1.5035259 -10.119922 1.9581821 43.591206 1.7242393493652344 0.3961479663848877
Car 0.0 0 -0.6001207232475281 955.239501953125 147.57989501953125 1068.122314453125 186.49961853027344 3.8468993 1.5606767 1.623381 16.567581 0.5475452 29.920269 -0.09442265331745148 0.20920971035957336
Car 0.0 0 1.8786293268203735 355.51519775390625 171.88856506347656 389.7846984863281 193.11251831054688 4.073334 1.7723168 1.6553535 -20.465826 1.6920555 62.29413 1.561203122138977 0.1850563883781433
Car 0.0 0 -0.8159810304641724 989.5416259765625 146.58018493652344 1102.636962890625 190.09765625 3.6589086 1.574674 1.6031512 16.480637 0.62431705 27.372747 -0.2740320861339569 0.16287419199943542
Car 0.0 0 -0.19502395391464233 463.3962707519531 168.98382568359375 513.50244140625 185.99893188476562 4.17803 1.483712 1.6080693 -10.871454 1.1465911 64.40724 -0.3622402250766754 0.1607353389263153
Car 0.0 0 1.8113462924957275 468.25006103515625 181.04669189453125 513.2289428710938 209.05172729492188 4.007206 1.4213415 1.5428004 -6.5668983 1.8978877 39.878365 1.6481378078460693 0.14915165305137634
Car 0.0 0 -2.6854348182678223 201.86212158203125 195.28707885742188 320.79791259765625 238.2087860107422 3.7643032 1.5476769 1.686153 -13.392577 2.437948 27.76473 -3.1348705291748047 0.1458856612443924
Car 0.0 0 -0.5802459716796875 678.0057373046875 171.14300537109375 725.5065307617188 187.9154510498047 4.212627 1.5477339 1.7071491 8.669122 1.3902041 68.270386 -0.4539397656917572 0.135854110121727
Car 0.0 0 1.9534763097763062 260.89312744140625 171.32998657226562 299.7359924316406 191.3710174560547 3.6983993 1.6086481 1.6689196 -27.297104 1.4866753 59.79872 1.525244116783142 0.12015561014413834
Car 0.0 0 3.1451356410980225 428.9832763671875 177.8368682861328 476.2048645019531 198.05393981933594 3.538591 1.5246145 1.5203179 -12.24463 1.919929 56.073963 2.930144786834717 0.11210060119628906
Car 0.0 0 2.1798148155212402 45.31620788574219 167.92417907714844 124.07501220703125 199.71795654296875 3.6406155 1.6580923 1.7065327 -28.667866 1.4013529 39.462887 1.5515559911727905 0.10756369680166245
Car 0.0 0 -2.8721048831939697 448.6884460449219 170.3977813720703 497.0633239746094 185.70571899414062 4.0546722 1.3799442 1.6599665 -12.547138 1.1588836 66.03347 -3.05987811088562 0.10165591537952423
