Pedestrian 0.0 0 -2.6448183059692383 388.9911804199219 169.38722229003906 404.3307189941406 193.96340942382812 0.9385549 1.8449823 0.6046559 -15.745257 1.0119896 53.468243 -2.931201934814453 0.1695026159286499
Pedestrian 0.0 0 2.5631659030914307 728.9091796875 152.2921905517578 766.2113647460938 203.97801208496094 1.1950443 1.8008034 0.54521614 5.0341077 0.81953526 25.104599 2.761066436767578 0.15769481658935547
Car 0.0 0 -1.481043815612793 536.7322998046875 167.89173889160156 565.7861328125 191.57565307617188 4.010167 1.512569 1.5815369 -3.5436406 0.7086838 47.167118 -1.556032419204712 0.8854389786720276
Car 0.0 0 2.6454291343688965 846.9503173828125 145.18661499023438 952.5322875976562 183.70364379882812 4.225861 1.7368628 1.7358875 13.6753235 0.14592505 32.958572 3.0387349128723145 0.39555373787879944
Car 0.0 0 -0.5551648139953613 780.9354248046875 160.0482940673828 830.978515625 179.1929473876953 4.004834 1.6652229 1.6849244 17.93119 -0.117902696 63.041294 -0.27804774045944214 0.34288400411605835
Car 0.0 0 -0.8062872886657715 930.6221313476562 157.1604461669922 983.2484741210938 176.11097717285156 4.2827206 1.6284848 1.707453 31.37345 -0.3993485 62.9884 -0.34417447447776794 0.25275978446006775
Car 0.0 0 -1.210129976272583 389.61419677734375 169.07408142089844 429.109375 189.41246032714844 3.996043 1.5368701 1.6874613 -15.290281 0.67473215 55.490185 -1.4790067672729492 0.21383948624134064
Car 0.0 0 2.6637156009674072 842.6322631835938 157.24783325195312 890.8446044921875 175.94207763671875 3.7041776 1.6326133 1.6469563 23.435678 -0.41365805 63.29863 3.0183064937591553 0.19787883758544922
Car 0.0 0 1.9400849342346191 257.244873046875 167.55738830566406 295.1770324707031 186.98587036132812 4.0363736 1.691897 1.7595078 -29.517365 0.56599677 63.63833 1.5057897567749023 0.18255627155303955
Car 0.0 0 -1.2478231191635132 390.87652587890625 169.6911163330078 423.7990417480469 186.0264434814453 4.3080835 1.4904635 1.714373 -18.57348 0.50540054 66.70265 -1.5193957090377808 0.18113531172275543
Car 0.0 0 2.811837911605835 795.63916015625 154.7446746826172 867.907958984375 181.87660217285156 4.001514 1.670283 1.6437216 14.194331 0.086099446 44.3842 3.1213648319244385 0.1779395192861557
Car 0.0 0 -0.7729685306549072 707.3355712890625 162.41014099121094 748.6126098632812 180.08126831054688 3.5642574 1.5459737 1.5848223 11.0936575 -0.037496146 63.592262 -0.6002567410469055 0.13602453470230103
Car 0.0 0 3.150240182876587 510.263916015625 164.03492736816406 564.8340454101562 184.87681579589844 4.1116076 1.5720212 1.6937386 -5.16132 0.3313884 54.345345 3.055551528930664 0.12985795736312866
Car 0.0 0 -3.2702810764312744 740.3640747070312 163.75607299804688 788.1744384765625 178.84378051757812 4.174595 1.3817401 1.6347946 14.854048 -0.15578026 65.97613 -3.04883074760437 0.10008255392313004
