Pedestrian 0.0 0 -1.8384509086608887 675.4697875976562 169.6105194091797 694.8944091796875 210.32472229003906 1.15109 1.713169 0.5421076 3.1793332 1.5770484 30.970371 -1.7361520528793335 0.3738027513027191
Pedestrian 0.0 0 0.5127353072166443 360.3509521484375 168.1336669921875 372.7492370605469 189.3053741455078 0.886448 1.8822304 0.5668174 -21.783997 1.4629362 64.50511 0.18705129623413086 0.19400189816951752
Cyclist 0.0 0 -1.8626788854599 674.8101806640625 168.86891174316406 695.7828979492188 209.2868194580078 1.2256576 1.6993963 0.56495696 3.185353 1.5321987 30.989809 -1.760251522064209 0.22378021478652954
Car 0.0 0 2.1953771114349365 0.0 199.55197143554688 248.0478515625 375.0 3.9378517 1.3594458 1.6519092 -5.852632 1.7278998 7.9692316 1.5619326829910278 0.9436385631561279
Car 0.0 0 -2.131803035736084 857.8486938476562 188.9932403564453 1242.0 375.0 3.627748 1.430851 1.5893803 2.977767 1.5772995 4.712668 -1.5682827234268188 0.8171629309654236
Car 0.0 0 1.2918537855148315 463.89984130859375 178.14352416992188 520.3617553710938 211.99574279785156 3.866577 1.4527876 1.589107 -5.6001773 1.7155318 33.7019 1.127190351486206 0.7700981497764587
Car 0.0 0 2.6766393184661865 650.0340576171875 170.2769012451172 708.273681640625 191.65184020996094 4.008519 1.5597183 1.7171427 5.1624727 1.3720251 54.17261 2.771649122238159 0.626682460308075
Car 0.0 0 1.8650717735290527 375.5889587402344 178.0614013671875 423.87799072265625 205.63400268554688 3.8548646 1.4543839 1.5662066 -11.839158 1.7626439 40.724052 1.5821534395217896 0.4096909761428833
Car 0.0 0 -0.7753109335899353 542.8011474609375 173.94384765625 596.3565063476562 195.8400115966797 3.6545458 1.475049 1.6402177 -2.8394945 1.5548577 50.696167 -0.8312625288963318 0.24351656436920166
Car 0.0 0 2.0753836631774902 127.54024505615234 181.7498779296875 239.91346740722656 228.17236328125 4.02163 1.4521011 1.6588917 -14.880184 1.7904152 25.377127 1.5450525283813477 0.23556147515773773
Car 0.0 0 -1.3255387544631958 421.3251647949219 173.00262451171875 450.7369079589844 189.7816162109375 3.9285855 1.4840544 1.7070099 -15.850703 1.4983772 65.822075 -1.5618507862091064 0.22156542539596558
Car 0.0 0 2.2396271228790283 59.50646209716797 177.7165069580078 179.4868927001953 221.4918670654297 3.6413326 1.4274181 1.6441799 -17.451706 1.6144376 25.818712 1.6452372074127197 0.17697782814502716
Car 0.0 0 3.8828372955322266 0.0 150.0338897705078 69.1568832397461 254.5906524658203 4.13488 1.6225432 1.6334761 -11.810071 1.2687716 12.078619 3.108680248260498 0.15582667291164398
