Car 0.0 0 1.8624192476272583 346.8468017578125 185.86807250976562 448.6398620605469 246.15362548828125 4.249672 1.4989003 1.6768986 -6.0735674 1.9163895 20.991137 1.5807710886001587 0.9489169716835022
Car 0.0 0 2.092102527618408 35.57285690307617 201.50119018554688 312.3706970214844 338.8897399902344 3.9223332 1.43532 1.587871 -5.912691 1.9232221 10.315223 1.5716216564178467 0.9423525929450989
Car 0.0 0 1.8086135387420654 426.2391357421875 185.05157470703125 492.4323425292969 226.3236541748047 4.0977793 1.4448894 1.6422379 -5.913828 1.9631753 28.559517 1.604429006576538 0.9407329559326172
Car 0.0 0 -1.697408676147461 677.3768310546875 177.5376434326172 747.142333984375 226.77899169921875 4.1608 1.406926 1.6725954 3.1271732 1.5707769 23.097065 -1.56283438205719 0.914311945438385
Car 0.0 0 2.6245789527893066 897.4554443359375 143.67845153808594 1111.0518798828125 216.20982360839844 4.1558948 1.6242981 1.6515515 9.143607 0.97128654 17.031727 3.1172757148742676 0.8667380213737488
Car 0.0 0 1.9618085622787476 240.00848388671875 193.63575744628906 392.1053161621094 280.00067138671875 3.773099 1.4564415 1.5832435 -5.95425 1.9427812 14.974081 1.5833408832550049 0.8623502850532532
Car 0.0 0 2.2856860160827637 831.9114379882812 162.0399627685547 956.4423828125 214.70301818847656 3.7001753 1.515123 1.5319989 8.750008 1.20436 22.292158 2.6597232818603516 0.8055095672607422
Car 0.0 0 -1.660238265991211 666.2540283203125 174.81488037109375 716.1243896484375 217.1468048095703 4.079097 1.5398997 1.5809945 3.0925014 1.6232691 28.488733 -1.552109956741333 0.6772026419639587
Car 0.0 0 2.474379301071167 877.6884765625 155.12063598632812 1037.3419189453125 217.78683471679688 3.810627 1.6127347 1.525165 9.419808 1.1567189 19.729239 2.919828176498413 0.5435202717781067
Car 0.0 0 3.731335163116455 10.145514488220215 166.58889770507812 110.7608871459961 195.57916259765625 4.0870547 1.5222316 1.6400849 -29.54408 1.1936188 38.826546 3.080878734588623 0.5312843322753906
Car 0.0 0 1.7999340295791626 462.7232971191406 184.21588134765625 512.0281372070312 218.00875854492188 3.5436733 1.4655726 1.548633 -5.8143625 2.0351083 34.32695 1.6321446895599365 0.46529221534729004
