Pedestrian 0.0 0 0.5104674100875854 335.6420593261719 165.6515655517578 369.4620056152344 240.5962371826172 0.5736801 1.8722793 0.6387789 -6.6032257 1.692705 18.385138 0.16565465927124023 0.1166137307882309
Car 0.0 0 1.4411312341690063 749.3695068359375 181.80162048339844 789.3849487304688 212.0238037109375 3.664452 1.5043218 1.6386324 8.511058 2.010983 38.930042 1.6563690900802612 0.8747279644012451
Car 0.0 0 -1.7123620510101318 807.5541381835938 187.42970275878906 976.9407958984375 322.5638122558594 3.5798218 1.4081589 1.5797127 3.5728283 1.6460669 9.842758 -1.364161491394043 0.8566237688064575
Car 0.0 0 1.6224007606506348 604.4473876953125 180.62632751464844 648.8801879882812 223.3692169189453 4.0192494 1.5937486 1.6244978 0.7044997 1.9364903 29.717178 1.6461031436920166 0.8355962634086609
Car 0.0 0 -1.690451979637146 780.6483764648438 181.6564483642578 879.2862548828125 259.9953918457031 3.6838293 1.444747 1.5842876 4.6003838 1.660293 15.688935 -1.4052225351333618 0.529536247253418
Car 0.0 0 -2.123502492904663 1137.7969970703125 150.4990997314453 1225.7786865234375 182.8194122314453 4.0646696 1.558678 1.6263741 29.08265 0.4809501 36.906147 -1.4561115503311157 0.3597177565097809
Car 0.0 0 1.603178858757019 792.6285400390625 165.87937927246094 813.3189086914062 184.8850555419922 3.9686804 1.60329 1.6193873 16.852148 1.0152786 62.99885 1.864558458328247 0.29153013229370117
Car 0.0 0 1.7941341400146484 653.9523315429688 184.67239379882812 691.3198852539062 210.26568603515625 3.6225114 1.4950875 1.6092526 3.9945607 2.2801964 45.9376 1.880872130393982 0.24388659000396729
Car 0.0 0 0.9854904413223267 1217.908447265625 140.98886108398438 1242.0 191.47146606445312 4.009528 1.6100602 1.6490288 23.390257 0.5941318 25.122198 1.7352027893066406 0.20286411046981812
Car 0.0 0 0.7098025679588318 0.0 146.25289916992188 57.212547302246094 273.5002746582031 4.1768084 1.7140446 1.7390057 -11.117794 1.3560809 10.772882 -0.09135037660598755 0.12122268974781036
