Car 0.0 0 -1.297583818435669 368.5641174316406 184.12451171875 491.21905517578125 253.28277587890625 3.9386141 1.3641001 1.6584988 -3.8848877 1.3437079 16.174168 -1.5333093404769897 0.9434113502502441
Car 0.0 0 -1.402476191520691 460.3664245605469 176.03948974609375 517.5527954101562 216.97549438476562 3.589748 1.4847659 1.6080554 -4.573051 1.1530724 27.868837 -1.565118670463562 0.9354172945022583
Car 0.0 0 -1.1594164371490479 243.95846557617188 185.86953735351562 357.5588073730469 241.93170166015625 3.4641297 1.3658893 1.5399414 -8.1491585 1.3861548 19.291874 -1.5590946674346924 0.9338948726654053
Car 0.0 0 -1.5738297700881958 578.1546630859375 175.4972686767578 642.6921997070312 233.57225036621094 3.6528306 1.5132709 1.68184 0.020619687 1.2611675 20.555708 -1.572826623916626 0.8987173438072205
Car 0.0 0 1.8936448097229004 310.8891296386719 170.9602508544922 370.9890441894531 203.81312561035156 3.654248 1.497627 1.6384032 -12.805878 0.8489115 34.617886 1.5393345355987549 0.6478992700576782
Car 0.0 0 -1.6205493211746216 571.1556396484375 179.2539825439453 614.9558715820312 215.5149688720703 3.7208018 1.4121134 1.6250757 -0.7028502 1.1810775 29.90555 -1.6440473794937134 0.5112127065658569
Car 0.0 0 -0.06158339977264404 441.65032958984375 166.24107360839844 491.4881591796875 185.7047576904297 4.0522723 1.6155442 1.6915171 -12.003085 0.04172467 60.994484 -0.25589022040367126 0.28960785269737244
Car 0.0 0 1.7121944427490234 490.87286376953125 175.46875 530.72265625 205.0486297607422 4.164914 1.516922 1.5692099 -5.2258286 1.0182089 38.949432 1.5788214206695557 0.28106650710105896
Car 0.0 0 2.089905023574829 81.53166961669922 186.8085174560547 283.6546630859375 269.276611328125 4.1601443 1.3965107 1.5812916 -8.2346325 1.4340191 14.331689 1.568390130996704 0.26435962319374084
Car 0.0 0 1.866623878479004 342.5657043457031 185.20216369628906 416.1387939453125 223.55133056640625 3.978525 1.3886037 1.6413978 -8.840731 1.3892455 28.022816 1.561023473739624 0.20145805180072784
