Pedestrian 0.0 0 3.4020304679870605 271.3046875 159.93087768554688 292.58990478515625 194.68756103515625 0.92371523 1.8295816 0.53505003 -17.329578 0.49972796 38.17662 2.9759116172790527 0.16626191139221191
Pedestrian 0.0 0 0.40502801537513733 265.8209533691406 158.09133911132812 287.9166564941406 194.26246643066406 0.90282166 1.875213 0.5567969 -17.313875 0.47014195 37.55421 -0.0269661545753479 0.15339121222496033
Car 0.0 0 -0.96762615442276 0.0 189.32907104492188 222.7993621826172 290.6446838378906 3.897084 1.3150523 1.6057147 -8.012304 1.3928525 11.440265 -1.5785937309265137 0.9417886734008789
Car 0.0 0 1.699905514717102 459.7123107910156 184.55221557617188 515.8787841796875 224.49703979492188 4.0683947 1.3935643 1.5784105 -4.4871025 1.3715485 27.135508 1.53602933883667 0.8312284350395203
Car 0.0 0 -1.1391716003417969 190.65872192382812 183.07728576660156 338.6112060546875 252.05955505371094 4.1576157 1.4716425 1.624003 -8.146411 1.4271533 17.415596 -1.5767005681991577 0.7653754353523254
Car 0.0 0 -1.5942035913467407 575.9033813476562 181.2929229736328 605.8224487304688 206.23072814941406 3.932601 1.3671188 1.6221367 -1.0407223 1.1531996 41.40808 -1.6193315982818604 0.7361583709716797
Car 0.0 0 1.721337080001831 492.6974792480469 183.93600463867188 532.5836791992188 213.14706420898438 3.757408 1.4762166 1.5575427 -5.035627 1.412678 38.218067 1.5903313159942627 0.5951172709465027
Car 0.0 0 2.2814743518829346 0.0 180.971923828125 90.2519760131836 270.71014404296875 3.5326035 1.4023014 1.5772942 -11.459377 1.3371166 13.004836 1.5591646432876587 0.2953324615955353
Car 0.0 0 1.6419470310211182 517.6072387695312 179.27293395996094 545.4073486328125 201.85775756835938 3.8789904 1.4736018 1.6095301 -5.167188 1.0869826 48.8656 1.5365957021713257 0.2705523371696472
Car 0.0 0 1.679112195968628 529.9234619140625 177.056884765625 556.5526733398438 196.2700653076172 3.9197261 1.4885522 1.715773 -5.1546726 0.8575747 57.665947 1.5899606943130493 0.16780801117420197
Car 0.0 0 -0.8761576414108276 164.18374633789062 160.01937866210938 240.99749755859375 191.93292236328125 3.9104714 1.7016225 1.6370728 -22.704296 0.35929263 40.39682 -1.3881913423538208 0.13273119926452637
Car 0.0 0 2.1920928955078125 22.74712371826172 157.45301818847656 134.91615295410156 204.7765655517578 3.4300506 1.6579871 1.7015756 -19.703852 0.6864491 26.905544 1.5599939823150635 0.13260459899902344
Car 0.0 0 2.437833070755005 265.6608581542969 159.8204345703125 351.05841064453125 190.32469177246094 4.1842146 1.5573934 1.6706332 -16.161253 0.26197058 38.940205 2.0444395542144775 0.11978436261415482
