Pedestrian 0.0 0 0.9997084140777588 1014.7478637695312 104.9885025024414 1214.727783203125 370.0 0.90435666 1.7987702 0.60980827 3.0545359 1.379625 4.3986354 1.6066850423812866 0.7586128115653992
Pedestrian 0.0 0 -1.8839787244796753 670.013916015625 164.0497283935547 689.1597900390625 205.3290557861328 0.96621877 1.6452338 0.49767706 2.9991744 0.9910859 28.699488 -1.7798539400100708 0.7314173579216003
Pedestrian 0.0 0 0.5097267627716064 1059.795654296875 131.7581024169922 1223.1561279296875 370.0 0.7936321 1.7492118 0.60686284 3.9918363 1.4144033 5.362809 1.1496055126190186 0.5213012099266052
Pedestrian 0.0 0 -1.8569812774658203 687.1141967773438 163.94271850585938 707.4977416992188 208.76463317871094 1.2666903 1.7901957 0.48577806 3.7419727 1.130391 28.8983 -1.7282100915908813 0.2643944323062897
Pedestrian 0.0 0 -2.4607534408569336 1110.1248779296875 105.19732666015625 1224.0 370.0 0.8821459 1.689888 0.6324917 3.7123368 1.2807853 4.3436537 -1.7535614967346191 0.1999111920595169
Pedestrian 0.0 0 -0.19880156219005585 736.057373046875 160.1706085205078 750.6663208007812 183.57208251953125 1.0460776 1.8357103 0.5264066 10.914994 0.24223047 55.72494 -0.005377688445150852 0.1968071311712265
Cyclist 0.0 0 -1.7972171306610107 686.9458618164062 163.54966735839844 706.1962280273438 208.05035400390625 1.2795312 1.7778718 0.50342053 3.7128363 1.1021748 28.904184 -1.6694635152816772 0.20547468960285187
Cyclist 0.0 0 -1.8677599430084229 672.1824340820312 164.62612915039062 691.358642578125 206.7539825439453 0.99185145 1.6840196 0.50651324 3.097891 1.0509728 28.793432 -1.7605820894241333 0.13055898249149323
Cyclist 0.0 0 0.8303436636924744 1001.2254638671875 103.54621124267578 1214.1243896484375 370.0 0.9680085 1.7823267 0.5835347 3.0377035 1.3571317 4.4375563 1.4306211471557617 0.10859452188014984
Car 0.0 0 -1.640207052230835 659.9978637695312 167.4935760498047 706.0780029296875 206.81117248535156 3.9381623 1.5926989 1.7002395 3.2961051 1.0673192 30.636343 -1.5330312252044678 0.4237506687641144
Car 0.0 0 -0.9051170349121094 1020.2763671875 134.64454650878906 1138.099365234375 178.7949981689453 3.9961672 1.6210574 1.703183 18.402864 -0.068273365 27.495544 -0.3152911365032196 0.2158195674419403
Car 0.0 0 -1.6999729871749878 713.1150512695312 162.48916625976562 746.891845703125 189.6719207763672 3.13319 1.5474256 1.5711763 7.3546343 0.52351177 41.84523 -1.5259919166564941 0.16444841027259827
Car 0.0 0 1.2350802421569824 1002.231689453125 132.0631103515625 1097.519775390625 185.6569061279297 3.9156227 1.7460113 1.64857 15.640339 0.16954908 25.120647 1.7919583320617676 0.11054342240095139
