Pedestrian 0.0 0 0.5514082312583923 411.69171142578125 171.10861206054688 424.880615234375 189.6288299560547 1.0906053 1.7244738 0.5058873 -17.974873 1.562314 67.580864 0.29145097732543945 0.1454279124736786
Pedestrian 0.0 0 0.5719842314720154 420.2862548828125 179.27821350097656 464.081787109375 257.60931396484375 0.7237918 1.6672682 0.6056696 -3.7271464 1.8121942 15.828114 0.34072089195251465 0.11990576237440109
Cyclist 0.0 0 1.3572072982788086 424.27130126953125 178.37937927246094 467.71319580078125 262.9353332519531 1.7999469 1.7410433 0.5574529 -3.6877704 1.870391 15.908726 1.1294224262237549 0.6148990392684937
Car 0.0 0 -1.8598185777664185 690.9950561523438 185.88230895996094 854.7620849609375 291.9759521484375 3.5448399 1.3646382 1.5531143 2.3650522 1.6069108 11.561705 -1.6580431461334229 0.9300174117088318
Car 0.0 0 -1.7614905834197998 631.1728515625 181.04457092285156 721.1285400390625 247.97901916503906 3.7424507 1.4841636 1.5750793 1.5294755 1.7156988 18.417349 -1.6786353588104248 0.8019710183143616
Car 0.0 0 -2.3961336612701416 960.7941284179688 183.6808319091797 1242.0 375.0 3.7880912 1.5249746 1.5726899 2.9518683 1.5942732 2.693067 -1.5649210214614868 0.6730732917785645
Car 0.0 0 -1.6609420776367188 574.1576538085938 184.67605590820312 620.5955200195312 222.33522033691406 3.5581968 1.4213583 1.6205295 -0.62473696 1.9479008 30.254202 -1.6815887689590454 0.6399192214012146
Car 0.0 0 2.1607825756073 260.8077697753906 193.08636474609375 455.9355163574219 289.9551086425781 4.052701 1.4763598 1.5754856 -4.7189827 1.9316616 14.059499 1.8369539976119995 0.23526692390441895
Car 0.0 0 0.8417769074440002 0.0 155.13619995117188 93.28407287597656 298.8190002441406 4.2212796 1.8153377 1.7251599 -9.975306 1.5918427 10.107032 0.06293797492980957 0.21088740229606628
Car 0.0 0 1.9075522422790527 311.1451416015625 189.8869171142578 422.2436218261719 255.96334838867188 4.0067935 1.5141543 1.6115574 -6.5004973 2.024558 19.587204 1.5871150493621826 0.200982004404068
Car 0.0 0 1.4485200643539429 651.8917236328125 176.7259063720703 702.812255859375 217.07408142089844 4.1261134 1.6247702 1.7100079 2.8323514 1.8056269 31.543703 1.5380712747573853 0.17858488857746124
Car 0.0 0 3.0013318061828613 563.9625854492188 167.72616577148438 610.8923950195312 185.4529266357422 4.0771646 1.5848633 1.6528647 -2.089356 1.1267662 65.669685 2.9695262908935547 0.13823601603507996
Car 0.0 0 3.1621999740600586 554.3451538085938 179.40826416015625 623.302734375 209.06422424316406 3.7164037 1.5822475 1.6926968 -1.1845757 1.9514511 39.738808 3.132399797439575 0.13552196323871613
Car 0.0 0 0.297407865524292 357.7115478515625 169.4415740966797 410.58148193359375 187.60025024414062 4.3871 1.6697832 1.7321161 -21.030043 1.3563504 67.22509 -0.005777870304882526 0.12354236841201782
