Cyclist 0.0 0 -1.1385467052459717 9.998567581176758 190.120361328125 59.62064743041992 253.5730438232422 1.5181973 1.6026518 0.45302525 -15.52263 2.0872874 19.443302 -1.812282919883728 0.2226683497428894
Car 0.0 0 1.9388278722763062 314.76617431640625 182.52774047851562 369.086669921875 209.8013458251953 3.9919097 1.478722 1.6787682 -15.768081 2.0764687 42.548035 1.5839248895645142 0.8824430108070374
Car 0.0 0 2.2872300148010254 0.0 192.7523651123047 59.55009078979492 261.2323303222656 4.094112 1.4143583 1.6328334 -16.257013 1.9721968 18.153927 1.5569013357162476 0.801529586315155
Car 0.0 0 -0.38995370268821716 782.55078125 163.291748046875 840.7548217773438 185.5148162841797 3.8274343 1.6220094 1.6630913 14.960817 0.92444044 53.71217 -0.11830231547355652 0.2057286500930786
Car 0.0 0 2.2794227600097656 0.0 160.8233642578125 31.456682205200195 201.2450408935547 3.7075362 1.6662745 1.6392912 -27.674782 1.170702 31.603045 1.5601965188980103 0.176923468708992
Car 0.0 0 -0.640448808670044 808.2506713867188 161.64627075195312 871.7297973632812 187.2471923828125 3.945825 1.7122374 1.6770009 15.804061 0.9630015 49.691643 -0.332522451877594 0.15072740614414215
Car 0.0 0 2.2840068340301514 174.41488647460938 171.52267456054688 225.4253387451172 192.594970703125 3.80714 1.7133207 1.6403668 -34.45691 1.6054327 60.69041 1.7676390409469604 0.14704634249210358
Car 0.0 0 -2.6021955013275146 203.00064086914062 172.44187927246094 263.0950012207031 192.0542755126953 4.065858 1.5728885 1.6624597 -30.720486 1.540194 58.811386 -3.0835676193237305 0.12016366422176361
Car 0.0 0 2.4191319942474365 0.0 159.80030822753906 39.88884735107422 198.39208984375 3.848617 1.7786448 1.6691684 -30.41454 1.1773752 35.272095 1.707549810409546 0.1173994243144989
Car 0.0 0 -0.9485476016998291 100.05200958251953 164.76626586914062 171.95533752441406 191.8846893310547 3.6589775 1.4971014 1.6492552 -27.335972 1.0509673 41.692936 -1.5288844108581543 0.10303826630115509
