Car 0.0 0 1.7533245086669922 461.1343994140625 184.75144958496094 535.1968994140625 235.1661834716797 4.250709 1.4324263 1.6489769 -3.6057768 1.8584648 23.66314 1.6021082401275635 0.9265351295471191
Car 0.0 0 1.444762945175171 671.4279174804688 177.67100524902344 764.9008178710938 250.33181762695312 4.11387 1.5002882 1.6620849 2.401104 1.6295366 17.236582 1.5831750631332397 0.9206638932228088
Car 0.0 0 2.045722723007202 0.0 200.99520874023438 390.7565002441406 375.0 4.350976 1.3664675 1.694511 -3.6436727 1.7216623 6.9111814 1.5605416297912598 0.8727242350578308
Car 0.0 0 -1.7355849742889404 645.9042358398438 179.50836181640625 712.0797119140625 225.5882568359375 3.7634518 1.3835565 1.5895127 2.1816285 1.6245745 24.156435 -1.6455167531967163 0.7858086824417114
Car 0.0 0 1.7362688779830933 514.9559936523438 179.9702911376953 554.12646484375 210.80784606933594 3.4832942 1.5412313 1.5365075 -4.0346036 1.940603 38.66868 1.6323072910308838 0.4886879324913025
Car 0.0 0 -1.6055421829223633 631.2808227539062 178.47962951660156 660.1779174804688 204.60186767578125 3.9678082 1.4768866 1.6000727 2.0882087 1.8330977 43.644356 -1.5577325820922852 0.4591658413410187
Car 0.0 0 -1.6006410121917725 637.6962890625 182.8406524658203 682.4710083007812 220.99142456054688 4.0263944 1.3893085 1.6831934 1.9345528 1.8246685 29.384176 -1.534899353981018 0.4143977165222168
Car 0.0 0 -1.5654575824737549 622.9428100585938 173.38095092773438 641.7645263671875 189.74856567382812 4.0167103 1.3961053 1.6088266 1.9616439 1.44448 63.709373 -1.5346767902374268 0.37848326563835144
Car 0.0 0 1.7583489418029785 454.4337463378906 168.39126586914062 481.91339111328125 188.12660217285156 3.7690964 1.664168 1.6724185 -12.316425 1.2882094 62.73023 1.5644755363464355 0.24731580913066864
Car 0.0 0 -1.4558639526367188 623.8250732421875 173.23631286621094 645.2603759765625 189.03602600097656 3.9103389 1.4507357 1.594748 2.3355837 1.4884233 68.40028 -1.4217313528060913 0.18871285021305084
