Car 0.0 0 -1.3760063648223877 437.0953674316406 183.79183959960938 513.8763427734375 232.87770080566406 3.9600933 1.3814094 1.5914009 -4.0264535 1.3424693 22.218925 -1.5552781820297241 0.9505637288093567
Car 0.0 0 -1.5226490497589111 565.006591796875 178.17202758789062 609.7877197265625 215.7489013671875 4.114315 1.4698411 1.6836052 -0.8278573 1.1954558 30.188847 -1.5500648021697998 0.9156221747398376
Car 0.0 0 -1.197829246520996 148.08055114746094 192.9917449951172 444.7373046875 363.49176025390625 4.0266266 1.4316868 1.6519651 -3.2049003 1.5436876 8.230891 -1.5691423416137695 0.8961883783340454
Car 0.0 0 2.300175428390503 0.0 192.6642608642578 92.5682601928711 276.66815185546875 4.139084 1.3841541 1.6212224 -12.590928 1.554833 14.284077 1.5776948928833008 0.8000692129135132
Car 0.0 0 2.1087851524353027 72.20723724365234 185.1231689453125 274.2412109375 273.7030029296875 3.8369095 1.4507177 1.5154915 -8.059202 1.4503332 13.692264 1.5767936706542969 0.693260669708252
Car 0.0 0 1.7754805088043213 500.3801574707031 174.29617309570312 549.378173828125 209.9015350341797 3.9065132 1.5844709 1.540524 -3.8897922 1.0996741 34.001015 1.6615735292434692 0.28390270471572876
Car 0.0 0 1.9463889598846436 230.8026123046875 175.27500915527344 345.1009216308594 238.04429626464844 3.9835293 1.5776728 1.5532087 -8.82037 1.3289504 20.084267 1.5325791835784912 0.23441588878631592
Car 0.0 0 1.8881045579910278 332.327392578125 179.9206085205078 413.3157653808594 223.06089782714844 3.9996037 1.4101015 1.5550503 -8.261222 1.2381555 25.495924 1.5747581720352173 0.2235325574874878
Car 0.0 0 1.960639238357544 319.5484313964844 172.3436737060547 381.61602783203125 204.82997131347656 3.6025414 1.4819161 1.5629411 -12.34506 0.8958694 34.62427 1.6181468963623047 0.1827358454465866
Car 0.0 0 1.8518176078796387 401.1496276855469 179.22203063964844 461.6193542480469 210.51780700683594 4.1609173 1.3538251 1.6206553 -8.095898 1.0956764 33.205795 1.6126735210418701 0.1723502278327942
Car 0.0 0 0.013122297823429108 537.3919677734375 168.3140869140625 580.4589233398438 185.71774291992188 3.8652227 1.562806 1.5969551 -4.441765 0.04621302 65.450554 -0.05463823676109314 0.1582958847284317
Car 0.0 0 1.9896761178970337 223.1919403076172 195.90150451660156 409.5426025390625 290.13720703125 4.0748134 1.4020597 1.6254969 -5.1572566 1.6308144 13.235357 1.618117332458496 0.13607896864414215
Car 0.0 0 1.992417573928833 251.04013061523438 167.80032348632812 329.715087890625 208.68032836914062 3.511688 1.5452282 1.5980211 -12.715976 0.8880742 28.930128 1.578295350074768 0.13508445024490356
