Car 0.0 0 1.7015467882156372 488.2444152832031 182.3350067138672 532.4573974609375 217.77915954589844 4.0720034 1.5899276 1.637783 -4.878253 2.0835547 35.495975 1.5649712085723877 0.94999760389328
Car 0.0 0 1.8563369512557983 266.4324035644531 198.22882080078125 430.89178466796875 308.129638671875 3.77008 1.4368176 1.5905677 -4.267766 1.9353509 12.240573 1.5208587646484375 0.850910484790802
Car 0.0 0 1.8095861673355103 409.11590576171875 180.9851531982422 499.66400146484375 241.13470458984375 4.357299 1.5626928 1.6465355 -4.557828 1.8306522 21.540962 1.6010726690292358 0.819367527961731
Car 0.0 0 -1.6788908243179321 650.6016845703125 176.5850372314453 696.1622314453125 210.80552673339844 3.792902 1.4102134 1.6038713 2.7172987 1.586287 32.06388 -1.5943464040756226 0.8134106993675232
Car 0.0 0 -2.016486406326294 805.9999389648438 189.68675231933594 1242.0 375.0 3.8052068 1.396674 1.5876569 2.869024 1.5805 5.956514 -1.5676168203353882 0.8129330277442932
Car 0.0 0 -1.7200685739517212 686.5263061523438 178.15032958984375 784.7237548828125 253.82302856445312 3.7706902 1.4771914 1.5956677 2.6495569 1.610707 16.242641 -1.5583692789077759 0.7361912727355957
Car 0.0 0 -0.21448229253292084 680.5084838867188 166.14315795898438 732.68701171875 185.87879943847656 3.798759 1.520864 1.6004094 7.523144 1.0040703 56.553726 -0.08223225176334381 0.32490861415863037
Car 0.0 0 1.7021753787994385 675.562255859375 164.72625732421875 701.0916748046875 183.93467712402344 4.061492 1.5603662 1.6213998 6.6065774 0.9004785 60.775406 1.8104549646377563 0.2678248882293701
Car 0.0 0 -1.3837196826934814 566.1906127929688 169.8667449951172 595.0305786132812 187.50120544433594 4.1427145 1.4992154 1.7991467 -2.5701191 1.2456074 63.520237 -1.424159049987793 0.17308029532432556
Car 0.0 0 -2.7670958042144775 0.0 0.0 1242.0 375.0 3.580204 1.4358747 1.5771656 2.7717578 1.5498279 1.121887 -1.5808994770050049 0.1536797136068344
