Car 0.0 0 -1.08282470703125 33.329345703125 199.83514404296875 352.94439697265625 348.5110778808594 3.8665843 1.3050171 1.6135635 -4.597864 1.5209098 8.621437 -1.5727607011795044 0.9248009920120239
Car 0.0 0 -1.5574148893356323 559.1967163085938 180.6593475341797 599.5810546875 216.69876098632812 3.5483959 1.4441572 1.6183817 -1.2213508 1.2627085 30.596968 -1.5973111391067505 0.9218926429748535
Car 0.0 0 -1.323952078819275 356.1961669921875 186.82049560546875 457.3322448730469 246.98605346679688 3.6295247 1.3579513 1.6114317 -4.9927683 1.4036998 18.150427 -1.5923900604248047 0.9179093241691589
Car 0.0 0 -1.3618839979171753 423.2312316894531 186.0670623779297 493.3937072753906 230.04347229003906 3.8368328 1.388244 1.5943575 -5.0801115 1.4208953 24.686615 -1.5648349523544312 0.8901482820510864
Car 0.0 0 -1.8032821416854858 711.0093994140625 185.0532684326172 891.34228515625 303.81219482421875 4.079502 1.4922868 1.6936045 2.6727004 1.4913768 11.072563 -1.566432237625122 0.8587983846664429
Car 0.0 0 1.7124297618865967 488.6721496582031 179.7130584716797 522.509765625 203.4178009033203 4.015024 1.4246056 1.5570688 -6.4026093 1.09504 45.206215 1.5717343091964722 0.6307891011238098
Car 0.0 0 1.4764459133148193 598.6758422851562 182.65924072265625 624.5750122070312 202.2730255126953 4.261459 1.4231385 1.5562805 0.23823191 1.2387782 54.34705 1.4808293581008911 0.5508637428283691
Car 0.0 0 1.8668776750564575 357.6558837890625 181.33755493164062 423.93743896484375 218.1919708251953 4.2337594 1.4651129 1.5380565 -9.203479 1.3120722 30.69419 1.575563669204712 0.34945034980773926
Car 0.0 0 -0.9698829650878906 0.0 172.86900329589844 206.4938507080078 278.71380615234375 3.73903 1.5734572 1.5974022 -8.884862 1.3910459 12.563514 -1.5854219198226929 0.27096202969551086
Car 0.0 0 1.7943657636642456 393.6208190917969 174.3999481201172 437.7709045410156 202.6728057861328 3.7320304 1.5336945 1.6403221 -10.894527 0.9481132 40.88638 1.533957600593567 0.229025736451149
Car 0.0 0 1.9544376134872437 219.7488250732422 176.56124877929688 335.9526062011719 235.2416534423828 4.1619797 1.5443456 1.6382449 -9.52493 1.3177099 21.028313 1.5291270017623901 0.21567115187644958
Car 0.0 0 3.1030759811401367 492.3852844238281 186.37832641601562 560.8162231445312 216.02001953125 3.583009 1.5457257 1.6596088 -4.4155436 1.6111547 38.659946 2.989353895187378 0.2029493898153305
