Pedestrian 0.0 0 -1.862632155418396 470.1408386230469 154.6540985107422 534.6676025390625 279.70489501953125 1.032449 1.8445292 0.725105 -1.746638 1.576434 11.262195 -2.0164949893951416 0.7545217275619507
Pedestrian 0.0 0 -2.2643370628356934 895.3912963867188 149.79989624023438 972.8560180664062 268.96649169921875 1.0209765 1.8381691 0.63922244 5.185102 1.4829125 11.705479 -1.8473498821258545 0.5357338786125183
Pedestrian 0.0 0 -1.1312471628189087 509.85577392578125 167.97592163085938 543.0119018554688 232.07984924316406 0.6883345 1.7326949 0.6830744 -2.3517375 1.6012013 19.93462 -1.2486768960952759 0.22323811054229736
Pedestrian 0.0 0 0.07648579776287079 536.3345336914062 168.9957733154297 560.5560302734375 230.0951690673828 0.65886164 1.7495178 0.5979324 -1.8303272 1.6393995 20.960178 -0.010617269203066826 0.11989011615514755
Cyclist 0.0 0 -1.6025954484939575 474.1051025390625 160.4873504638672 522.0554809570312 284.77667236328125 1.5694778 1.7990257 0.6800354 -1.8259376 1.6203823 11.276413 -1.7631274461746216 0.12226979434490204
Cyclist 0.0 0 -2.22520112991333 894.817626953125 146.16893005371094 974.7224731445312 265.61773681640625 1.1093524 1.8370984 0.63542557 5.192732 1.4270452 11.708116 -1.8077526092529297 0.10261271148920059
Car 0.0 0 2.572561502456665 620.7532958984375 176.08181762695312 729.4916381835938 217.13319396972656 4.212021 1.5858419 1.7436085 2.6714566 1.727739 29.890898 2.661698341369629 0.8430337309837341
Car 0.0 0 1.8151988983154297 422.63287353515625 179.80491638183594 494.78375244140625 226.66943359375 3.7479799 1.4737003 1.5991825 -5.22764 1.7347643 25.15565 1.6103034019470215 0.7025830745697021
Car 0.0 0 0.04927212744951248 500.7560119628906 173.4211883544922 652.9413452148438 232.560302734375 4.116864 1.5977252 1.7045125 -0.9426836 1.6147696 20.365528 0.003016948699951172 0.6473523378372192
Car 0.0 0 2.292473316192627 229.28616333007812 169.80799865722656 280.72454833984375 188.23362731933594 4.1200604 1.5166782 1.6237402 -30.262571 1.2663081 61.59033 1.835767388343811 0.34815412759780884
Car 0.0 0 2.508340358734131 1079.1331787109375 156.16207885742188 1158.555908203125 182.6143035888672 4.033835 1.6962607 1.6721697 33.173103 0.6262413 47.14258 3.1215291023254395 0.30245333909988403
Car 0.0 0 1.81190025806427 539.1047973632812 176.85699462890625 597.5060424804688 215.72412109375 3.5569005 1.5598419 1.7259644 -1.7825652 1.7441819 31.253574 1.7549264430999756 0.1829778105020523
Car 0.0 0 -1.3572490215301514 588.9228515625 165.90931701660156 630.4978637695312 194.97238159179688 3.4840765 1.6446669 1.7644295 -0.007237158 1.2520281 42.718132 -1.357418417930603 0.120200015604496
Car 0.0 0 -1.7987053394317627 1131.8028564453125 158.45639038085938 1187.5899658203125 186.96986389160156 4.496293 1.6518751 1.7385371 33.553524 0.8181339 44.205246 -1.1494441032409668 0.11994151771068573
Car 0.0 0 2.2247941493988037 1081.1173095703125 119.4144287109375 1242.0 312.0658874511719 4.6358886 1.8255326 1.7296908 7.9420657 1.3195062 8.003992 3.0063087940216064 0.11971846967935562
