Car 0.0 0 1.669204831123352 488.69451904296875 175.1293182373047 559.945068359375 234.8165740966797 4.154784 1.5140189 1.6068745 -2.384624 1.5857816 20.549923 1.5536810159683228 0.9291691780090332
Car 0.0 0 -1.8117576837539673 715.3411254882812 169.6210174560547 885.813720703125 290.5626525878906 3.8259287 1.6149921 1.6986288 2.7730863 1.5721784 11.549753 -1.5761189460754395 0.8995003700256348
Car 0.0 0 1.7271897792816162 539.5582885742188 164.38226318359375 592.8096923828125 205.01022338867188 4.2773185 1.6740748 1.7058424 -1.9045442 1.3253548 31.939316 1.6676301956176758 0.8187395334243774
Car 0.0 0 1.6484614610671997 517.92724609375 167.26084899902344 570.322998046875 215.19309997558594 4.1327267 1.6066619 1.581038 -2.3660479 1.4195406 26.258636 1.5585986375808716 0.7454479932785034
Car 0.0 0 1.8048694133758545 344.30230712890625 172.0891571044922 511.06475830078125 290.15625 4.1106486 1.5953609 1.6877273 -2.798379 1.5853838 11.803315 1.5720833539962769 0.7324981093406677
Car 0.0 0 3.7616946697235107 0.0 185.1343231201172 254.89248657226562 349.497802734375 3.866546 1.4886183 1.5681223 -6.1029654 1.632993 7.562572 3.082702398300171 0.6785046458244324
Car 0.0 0 1.7068703174591064 608.9435424804688 164.09483337402344 636.7290649414062 184.5789031982422 4.4336796 1.6459948 1.7378143 1.089396 0.9425101 60.300304 1.7249345779418945 0.19901743531227112
Car 0.0 0 2.794194221496582 713.2097778320312 171.2912139892578 935.1026611328125 255.8435516357422 4.1908274 1.677578 1.6564659 4.3810406 1.6469289 15.282195 3.07338285446167 0.18815657496452332
Car 0.0 0 -0.7210406064987183 604.7846069335938 168.3433380126953 670.1987915039062 194.8300323486328 3.873147 1.5517076 1.6509831 1.6750485 1.287811 44.130795 -0.6831023693084717 0.18031740188598633
Car 0.0 0 -1.712091326713562 713.5337524414062 178.83580017089844 783.5070190429688 230.74008178710938 3.8278832 1.4565667 1.6099398 4.206624 1.6607804 22.640413 -1.5283846855163574 0.16898967325687408
