Car 0.0 0 -1.8545210361480713 718.611328125 181.9387664794922 917.2418212890625 309.7445373535156 3.8622015 1.4454516 1.6412537 2.6797185 1.6013092 10.391598 -1.602145791053772 0.9239301681518555
Car 0.0 0 -1.7438900470733643 675.2960815429688 182.02938842773438 775.337890625 256.4378356933594 3.6594698 1.4341333 1.5756767 2.4155993 1.6641593 16.209 -1.5959506034851074 0.9040706753730774
Car 0.0 0 2.285161018371582 0.0 213.55096435546875 369.7597351074219 375.0 4.228551 1.3771279 1.6677157 -2.7981277 1.6923914 3.4408045 1.6024113893508911 0.8344330191612244
Car 0.0 0 1.3771575689315796 659.8864135742188 171.53060913085938 692.8861694335938 194.67340087890625 3.8334174 1.6126504 1.6673329 4.739734 1.520791 52.268322 1.4675910472869873 0.5136629939079285
Car 0.0 0 -2.339339256286621 920.782470703125 14.350542068481445 1242.0 375.0 3.771409 1.7657752 1.6267048 2.9892788 1.4755118 3.2223086 -1.591438889503479 0.31350618600845337
Car 0.0 0 -1.2921119928359985 420.3501892089844 167.68460083007812 462.7404479980469 193.60287475585938 3.6753924 1.6084559 1.7256155 -10.871316 1.2880076 46.653328 -1.521049976348877 0.25278154015541077
Car 0.0 0 0.028215259313583374 501.0126647949219 169.32127380371094 554.0071411132812 190.64088439941406 4.075333 1.6442907 1.6411507 -6.471488 1.3721839 56.63805 -0.08555178344249725 0.2304536998271942
Car 0.0 0 0.2635597288608551 404.9512023925781 175.8390350341797 483.17742919921875 205.52577209472656 3.7941194 1.5439119 1.5806674 -8.864964 1.7073523 38.55628 0.037564754486083984 0.19910204410552979
Car 0.0 0 1.8342647552490234 556.9762573242188 173.81710815429688 593.8508911132812 197.23370361328125 4.3700204 1.6582736 1.6558789 -2.5463147 1.7332594 53.595642 1.7867907285690308 0.11701292544603348
Car 0.0 0 2.1160717010498047 330.97821044921875 166.8311767578125 394.279541015625 198.28469848632812 3.7633243 1.6672449 1.6247396 -13.764354 1.3483531 40.255493 1.7866089344024658 0.10373622924089432
