Pedestrian 0.0 0 -2.230252981185913 30.328136444091797 165.9270782470703 92.80935668945312 260.12921142578125 0.8275067 1.7675382 0.5722359 -10.625165 1.6379243 13.918295 -2.882272243499756 0.5565659999847412
Pedestrian 0.0 0 1.3545570373535156 279.6718444824219 162.1686248779297 331.6070861816406 266.6383056640625 0.9051328 1.830035 0.69508606 -5.6299295 1.6432133 13.206956 0.9515984058380127 0.42929789423942566
Pedestrian 0.0 0 1.71380615234375 181.957275390625 172.81439208984375 215.21095275878906 240.28736877441406 0.8461856 1.7242385 0.6463914 -10.842116 1.7235843 18.948107 1.1940782070159912 0.41856831312179565
Pedestrian 0.0 0 -2.415741443634033 328.1233215332031 166.64476013183594 371.74761962890625 236.3612060546875 0.91057336 1.8520569 0.6569263 -7.123047 1.6874634 19.638586 -2.7636911869049072 0.2263299971818924
Pedestrian 0.0 0 1.921755075454712 249.95916748046875 172.70968627929688 280.6350402832031 223.42544555664062 0.95983016 1.6637694 0.6378102 -11.585328 1.6593928 24.176102 1.4748808145523071 0.21245239675045013
Pedestrian 0.0 0 -1.728135585784912 399.4693908691406 166.42575073242188 421.7246398925781 213.75738525390625 0.8959674 1.7635853 0.6820656 -7.6287603 1.524426 27.431084 -1.999387502670288 0.1429358422756195
Cyclist 0.0 0 -1.6215487718582153 353.5484619140625 161.65841674804688 383.44537353515625 229.2201690673828 1.6447111 1.7739986 0.6916839 -6.700721 1.4803894 19.83489 -1.9473363161087036 0.1886584311723709
Car 0.0 0 -1.4784493446350098 541.5712890625 167.31675720214844 569.921630859375 190.85935974121094 3.9302797 1.5463135 1.5804104 -3.7035968 1.1829768 49.36757 -1.5533299446105957 0.8821459412574768
Car 0.0 0 -1.5434907674789429 577.2368774414062 172.00213623046875 607.79150390625 198.8600311279297 3.8029754 1.446258 1.6240664 -0.9824796 1.4007443 40.755074 -1.567592978477478 0.7670226693153381
Car 0.0 0 -1.2712712287902832 1190.5091552734375 170.49815368652344 1242.0 202.57229614257812 4.012834 1.570275 1.6001185 31.592619 1.4552966 37.072693 -0.5655127167701721 0.413042813539505
Car 0.0 0 1.7773637771606445 408.61920166015625 168.5960235595703 435.6386413574219 186.9221649169922 3.8927062 1.5920029 1.5800099 -16.819788 1.2224679 64.659676 1.5228759050369263 0.32638439536094666
Car 0.0 0 -0.95082026720047 0.0 157.97247314453125 82.53043365478516 197.9663543701172 3.9222822 1.7285125 1.6900705 -26.503134 1.0856991 33.18554 -1.6247283220291138 0.2958070933818817
Car 0.0 0 1.7770421504974365 522.8778686523438 169.8797607421875 551.3704223632812 187.19883728027344 4.2044873 1.4730065 1.6724452 -6.399742 1.220401 63.543655 1.676666498184204 0.22374311089515686
Car 0.0 0 -1.4378265142440796 487.5306091308594 166.8875274658203 519.9638061523438 191.76661682128906 4.0723658 1.6422698 1.6853374 -7.298691 1.248781 49.672943 -1.5837174654006958 0.2021464705467224
Car 0.0 0 0.1044868528842926 124.76240539550781 165.95066833496094 200.01388549804688 192.1636505126953 3.9315512 1.6161793 1.6922973 -28.548277 1.1909074 46.1011 -0.449969619512558 0.1601775884628296
Car 0.0 0 0.33236774802207947 284.534912109375 170.8397216796875 335.4374694824219 188.8163604736328 4.053381 1.6513836 1.6859741 -27.94648 1.4667046 67.24574 -0.061503347009420395 0.15097592771053314
