Pedestrian 0.0 0 -2.1646175384521484 814.1265258789062 163.08816528320312 881.8914184570312 285.27972412109375 0.7066683 1.6926823 0.63779163 3.504906 1.4389492 10.373423 -1.8387863636016846 0.7063383460044861
Pedestrian 0.0 0 0.011549366638064384 583.4765625 181.8605499267578 602.4575805664062 220.73812866210938 0.83384275 1.7076434 0.5526409 -0.38597894 1.7247044 31.830753 -0.0005760146304965019 0.4120650589466095
Pedestrian 0.0 0 1.4945688247680664 447.197265625 178.21096801757812 473.3285217285156 247.57196044921875 0.84945136 1.7003312 0.5802989 -3.5958984 1.6208937 18.093946 1.2983900308609009 0.34711697697639465
Pedestrian 0.0 0 -2.8002591133117676 637.4447021484375 176.13111877441406 654.0025024414062 204.4020233154297 0.83818626 1.6418879 0.5366978 2.6000252 1.3308599 42.127323 -2.738619089126587 0.3443933129310608
Pedestrian 0.0 0 1.4706506729125977 485.64801025390625 177.16091918945312 506.261474609375 231.16055297851562 0.94882125 1.7011983 0.5631622 -3.4323614 1.5656055 23.156637 1.3234984874725342 0.30174604058265686
Pedestrian 0.0 0 -1.6866778135299683 625.6043090820312 173.55670166015625 636.75927734375 203.95684814453125 0.9505922 1.7629471 0.5464056 1.7436143 1.303086 42.148994 -1.6453335285186768 0.2742958962917328
Pedestrian 0.0 0 1.9581671953201294 236.30401611328125 184.2302703857422 290.5997619628906 288.95782470703125 0.6849181 1.5806241 0.55119985 -5.307724 1.6259085 11.214558 1.5161160230636597 0.27347901463508606
Pedestrian 0.0 0 0.06849977374076843 700.7640991210938 167.99700927734375 789.1774291992188 299.1860656738281 1.1808665 1.7602916 0.5696628 1.9739078 1.5804343 10.064114 0.2621746063232422 0.1718961000442505
Pedestrian 0.0 0 -1.0824637413024902 0.0 141.2647247314453 64.58912658691406 287.7752990722656 0.89585364 1.9090674 0.5664416 -7.970479 1.3861226 9.851186 -1.7627217769622803 0.11392033845186234
Cyclist 0.0 0 2.345897674560547 0.0 100.83238220214844 188.78211975097656 374.0 1.4147316 1.7496954 0.68555224 -3.3376257 1.3494068 4.317164 1.6877717971801758 0.3444323241710663
Cyclist 0.0 0 2.000283718109131 0.0 176.06297302246094 106.07115173339844 336.9015197753906 1.7759767 1.6774341 0.57414573 -6.5696673 1.6220919 8.419406 1.3376706838607788 0.19952990114688873
Cyclist 0.0 0 1.4931738376617432 481.6549072265625 174.22711181640625 503.8441467285156 229.3555908203125 1.235361 1.7237418 0.60925543 -3.534141 1.4974433 23.12883 1.341544270515442 0.12504471838474274
Cyclist 0.0 0 1.6723997592926025 585.7216796875 178.30271911621094 601.596923828125 217.27346801757812 1.1738358 1.7030611 0.5930984 -0.35343158 1.5642937 32.000694 1.66135573387146 0.12067022919654846
Car 0.0 0 2.304978847503662 0.0 202.5033416748047 143.57485961914062 374.0 3.629377 1.4119357 1.5225898 -6.769282 1.6866726 7.531899 1.572855830192566 0.377267986536026
Car 0.0 0 -1.499525785446167 532.8043212890625 179.0851287841797 572.4735107421875 215.592041015625 3.804879 1.6223873 1.5980004 -2.2560928 1.5160161 33.82675 -1.5661226511001587 0.16147713363170624
Car 0.0 0 -1.523423194885254 658.1239013671875 184.2397918701172 713.0633544921875 232.64353942871094 3.862461 1.4964833 1.6771256 2.9116802 1.5986917 24.47932 -1.4050348997116089 0.1474340558052063
