Car 0.0 0 -1.5674229860305786 576.78076171875 178.7701873779297 656.3137817382812 250.87396240234375 3.623365 1.4899276 1.6444619 0.15597543 1.3578707 16.672415 -1.5580679178237915 0.938198447227478
Car 0.0 0 -1.1430308818817139 159.48219299316406 195.73780822753906 387.9651184082031 310.84234619140625 3.630395 1.3173023 1.583649 -4.590179 1.4971349 10.380729 -1.559364914894104 0.9165662527084351
Car 0.0 0 -1.3389878273010254 382.3761291503906 184.4375457763672 482.0905456542969 242.940673828125 4.036388 1.3551083 1.6182169 -4.464161 1.3382154 18.667637 -1.573718547821045 0.8488158583641052
Car 0.0 0 1.9644527435302734 238.0990447998047 177.18865966796875 325.12725830078125 217.11666870117188 3.9243162 1.4146127 1.6427935 -12.374115 1.1313537 27.450422 1.5409499406814575 0.8473671078681946
Car 0.0 0 2.085737466812134 118.47968292236328 185.1771240234375 281.1231689453125 262.7296447753906 3.2581506 1.4338295 1.5168446 -8.333782 1.4342474 14.920044 1.5763437747955322 0.6585250496864319
Car 0.0 0 -0.7000105977058411 0.0 196.39598083496094 104.54952239990234 277.2507629394531 3.952659 1.3929156 1.6114095 -12.959144 1.6602701 15.0343685 -1.4114117622375488 0.5986747741699219
Car 0.0 0 -1.1282446384429932 315.7980651855469 167.0105438232422 391.86077880859375 202.54559326171875 4.3673015 1.5900462 1.7278235 -12.084094 0.77657294 34.424187 -1.4658411741256714 0.5356767773628235
Car 0.0 0 -1.230233073234558 353.2776184082031 179.39662170410156 427.42315673828125 218.12753295898438 3.7622607 1.3952943 1.5771903 -8.355193 1.1867915 27.810549 -1.5220866203308105 0.3869447708129883
Car 0.0 0 2.1299965381622314 264.97857666015625 173.163330078125 303.88958740234375 190.3495330810547 3.7186105 1.5817362 1.6411095 -30.595589 0.47362363 68.11022 1.707802176475525 0.36326757073402405
Car 0.0 0 -0.7641351222991943 54.83573913574219 167.2595977783203 137.37501525878906 197.57020568847656 3.8126464 1.684274 1.6977627 -29.805935 0.68763614 41.97293 -1.3816226720809937 0.19218693673610687
Car 0.0 0 -2.606217384338379 356.501220703125 167.82766723632812 408.2807312011719 185.44778442382812 4.3871684 1.6249148 1.7164192 -21.197748 0.022533555 67.627464 -2.909966468811035 0.1876048892736435
