Car 0.0 0 3.6433215141296387 23.27157974243164 191.9441375732422 346.9564208984375 298.17657470703125 4.0937724 1.4887054 1.5978512 -6.492823 1.8091991 11.254391 3.120049476623535 0.9617292284965515
Car 0.0 0 -3.711195707321167 921.2739868164062 180.3352508544922 1242.0 315.3243713378906 4.0996065 1.4838359 1.7648264 6.256647 1.5874392 8.994934 -3.1034460067749023 0.9440116286277771
Car 0.0 0 3.4471583366394043 258.0899963378906 184.80389404296875 428.989990234375 249.26947021484375 3.750148 1.5238093 1.6072696 -6.691549 1.8415043 18.270031 3.096073627471924 0.922073483467102
Car 0.0 0 2.6975021362304688 813.7794189453125 181.19229125976562 1050.681884765625 261.9578552246094 3.9977117 1.4913834 1.6504017 6.256135 1.6684847 14.398331 3.1073951721191406 0.8959802389144897
Car 0.0 0 3.768357038497925 0.0 187.83949279785156 228.53314208984375 336.4772033691406 3.6110222 1.5971005 1.599686 -6.9404125 1.7984079 8.7994995 3.100527048110962 0.8733348846435547
Car 0.0 0 2.722606897354126 732.7808227539062 180.84152221679688 877.81982421875 233.38404846191406 3.991127 1.5079215 1.60278 5.9013057 1.7657359 22.147598 2.9830102920532227 0.8099543452262878
Car 0.0 0 -0.2307453751564026 722.6990966796875 180.48736572265625 858.0616455078125 228.11343383789062 4.209816 1.5501323 1.6303126 6.0235653 1.8194443 24.584757 0.009533405303955078 0.8039669394493103
Car 0.0 0 1.4028962850570679 634.6846313476562 190.95352172851562 678.5225219726562 220.10365295410156 4.3756347 1.3192084 1.564243 2.335683 2.3223164 37.713608 1.4647493362426758 0.7882735729217529
Car 0.0 0 3.559328317642212 121.33406829833984 183.09963989257812 375.9934997558594 274.75787353515625 3.9676142 1.5875161 1.6445923 -6.7031755 1.7937926 13.59731 3.101314067840576 0.7388089895248413
Car 0.0 0 -0.5200675129890442 800.4183349609375 180.5564727783203 985.047119140625 246.8535919189453 3.8035479 1.4501892 1.5539645 6.583825 1.6442043 17.081991 -0.15218867361545563 0.6738985180854797
Car 0.0 0 -2.190206289291382 873.6669311523438 211.0319061279297 1242.0 375.0 3.7007592 1.3561934 1.5414423 2.7319784 1.6522759 3.725799 -1.5575052499771118 0.6393579244613647
Car 0.0 0 3.908184051513672 0.0 194.4374237060547 154.21420288085938 375.0 3.8417704 1.5627688 1.5908707 -6.4663405 1.777023 6.2901945 3.108978509902954 0.5974878072738647
Car 0.0 0 -0.6254992485046387 868.1520385742188 183.58554077148438 1142.411376953125 280.6669921875 3.65338 1.3876646 1.5231055 6.1687465 1.5744258 11.530914 -0.1342649608850479 0.5548049807548523
Car 0.0 0 0.3738653063774109 278.0487976074219 172.31236267089844 445.7594299316406 237.16807556152344 4.2118845 1.7746177 1.7227563 -7.0746813 1.7601552 20.694485 0.04445767402648926 0.5050638318061829
