Pedestrian 0.0 0 -0.12623968720436096 570.6651611328125 166.82272338867188 587.8551635742188 196.00376892089844 0.99637944 1.780702 0.5346375 -1.9255161 1.4130163 44.37492 -0.16960448026657104 0.1521480679512024
Cyclist 0.0 0 -0.07157640904188156 570.6864013671875 166.001953125 590.1350708007812 195.35018920898438 1.1570803 1.7909606 0.56493926 -1.8555086 1.3731761 44.374825 -0.1133665069937706 0.10464563965797424
Car 0.0 0 1.8488428592681885 305.52386474609375 190.79690551757812 451.0313720703125 282.387939453125 4.055313 1.4149805 1.603197 -4.339142 1.8141894 13.990906 1.5481092929840088 0.9135411381721497
Car 0.0 0 1.756122350692749 423.1861572265625 181.2825164794922 494.6966552734375 235.11502075195312 3.6421363 1.4739404 1.5006536 -4.5958724 1.7546581 22.162786 1.5516514778137207 0.7722036838531494
Car 0.0 0 1.7362477779388428 455.832763671875 171.98094177246094 514.0165405273438 215.11659240722656 4.126113 1.5780367 1.6010348 -4.893061 1.5464551 28.460236 1.565986156463623 0.6747673749923706
Car 0.0 0 -1.562396764755249 579.0540161132812 169.68821716308594 604.1907348632812 195.72283935546875 3.362359 1.5486535 1.4952806 -1.1563596 1.3606966 44.61151 -1.5883116722106934 0.3934284746646881
Car 0.0 0 -0.9952499866485596 150.9857940673828 165.52862548828125 223.37237548828125 192.59774780273438 4.211597 1.5119603 1.6455536 -24.802374 1.1031556 42.44102 -1.524117112159729 0.3173397183418274
Car 0.0 0 1.7723236083984375 416.3487548828125 164.65200805664062 457.2213439941406 193.51304626464844 3.3298469 1.6702824 1.7636712 -10.416454 1.1959642 43.44872 1.5370231866836548 0.24222183227539062
Car 0.0 0 0.4076092541217804 86.83631134033203 157.85389709472656 201.17581176757812 193.91390991210938 4.004803 1.5732347 1.6892403 -21.028555 0.9191648 32.638245 -0.16474267840385437 0.19776031374931335
Car 0.0 0 1.7045414447784424 530.5984497070312 169.7294921875 555.2258911132812 187.85586547851562 4.1395144 1.526686 1.6007122 -5.8325124 1.263882 62.86946 1.6120344400405884 0.15869645774364471
Car 0.0 0 -2.8563601970672607 440.0020446777344 168.91062927246094 489.62603759765625 186.88027954101562 4.247884 1.6581059 1.7187302 -13.601401 1.2945983 67.61548 -3.0548691749572754 0.15288130939006805
Car 0.0 0 3.2233200073242188 148.46871948242188 159.79440307617188 248.4273223876953 193.06201171875 4.2937236 1.6152891 1.6647648 -20.85179 0.98154616 36.69077 2.706526756286621 0.14867602288722992
Car 0.0 0 -0.25348982214927673 609.7432250976562 166.7550506591797 663.5001220703125 187.03334045410156 3.8801038 1.541881 1.6731253 2.0293503 1.0784979 56.095337 -0.2173287719488144 0.14744046330451965
Car 0.0 0 1.7910666465759277 432.0854797363281 165.0181884765625 471.67657470703125 191.0959014892578 3.4558415 1.6459635 1.8239285 -10.343415 1.1517441 47.271343 1.5756522417068481 0.13112948834896088
Car 0.0 0 -0.9409927725791931 0.0 159.6710662841797 212.13021850585938 260.3614196777344 4.0783753 1.7759452 1.6998074 -10.216104 1.5437866 14.783391 -1.5456886291503906 0.1308567076921463
