Pedestrian 0.0 0 2.581648826599121 832.7930297851562 159.8875732421875 850.2742309570312 185.20106506347656 1.0708054 1.8190469 0.56119674 16.738298 0.887627 52.251804 2.8916594982147217 0.13265377283096313
Car 0.0 0 2.1263887882232666 134.7488555908203 190.91754150390625 237.939453125 231.79513549804688 3.925239 1.3539294 1.5694951 -16.129969 2.09576 27.63171 1.5980045795440674 0.9417507648468018
Car 0.0 0 1.8543205261230469 377.368896484375 181.44308471679688 412.9547119140625 202.10256958007812 3.7676744 1.4678872 1.5977521 -16.274155 2.1421566 54.7219 1.5652530193328857 0.803485095500946
Car 0.0 0 -1.3520371913909912 205.6992645263672 175.42677307128906 241.16879272460938 193.81283569335938 4.0648603 1.3709962 1.6091362 -30.287708 1.5808716 56.582764 -1.8435100317001343 0.38593119382858276
Car 0.0 0 -0.8230270147323608 961.0595703125 158.1835479736328 1022.6844482421875 180.47146606445312 4.188232 1.6325741 1.712447 28.734093 0.5583314 54.34935 -0.3366897404193878 0.2881776690483093
Car 0.0 0 2.785299301147461 816.987060546875 161.01861572265625 884.1517333984375 182.0515594482422 4.495426 1.5512272 1.6160969 17.977657 0.6786984 54.099483 3.106126308441162 0.25748902559280396
Car 0.0 0 2.9310858249664307 689.681884765625 168.6250457763672 737.2009887695312 185.18641662597656 4.064999 1.4985842 1.6373703 9.455502 1.1162772 66.24323 3.0728671550750732 0.19277358055114746
Car 0.0 0 -0.3232610523700714 832.8052978515625 160.55116271972656 900.3273315429688 184.07452392578125 4.282196 1.673947 1.7134384 18.505478 0.798821 52.236084 0.017209291458129883 0.15455059707164764
Car 0.0 0 -1.6678905487060547 827.2894287109375 162.23468017578125 860.6412353515625 191.5715789794922 3.9013336 1.7121404 1.5633224 14.24579 1.0927405 44.179634 -1.3559653759002686 0.14144182205200195
Car 0.0 0 -0.5573167204856873 885.728759765625 154.52505493164062 963.8680419921875 182.67166137695312 3.7730837 1.5536549 1.6232127 17.784075 0.5422799 40.90468 -0.1472010463476181 0.14047329127788544
Car 0.0 0 -3.3441414833068848 833.8146362304688 160.94061279296875 898.8402099609375 183.0185089111328 4.0343304 1.5073924 1.5897391 17.801897 0.6943501 50.3248 -3.004138708114624 0.12142952531576157
Car 0.0 0 -2.208312749862671 1177.306884765625 161.87615966796875 1242.0 198.587646484375 3.8828626 1.5434767 1.6337559 27.62731 1.0822885 32.32676 -1.5011388063430786 0.11571221798658371
Car 0.0 0 -1.5581644773483276 763.6307373046875 165.29818725585938 785.2498779296875 188.6240234375 3.6751287 1.7767103 1.6109623 12.970098 1.2015476 56.93138 -1.334167718887329 0.10964794456958771
