Pedestrian 0.0 0 2.288785696029663 972.5221557617188 142.39723205566406 1017.945556640625 210.75851440429688 0.97918093 1.7598399 0.5358642 10.2384815 0.7805417 18.616314 2.7916085720062256 0.4194198250770569
Pedestrian 0.0 0 2.3647494316101074 982.5078125 142.86119079589844 1032.92138671875 214.83843994140625 1.0408466 1.7987044 0.53798825 10.246762 0.85970914 18.058168 2.8808765411376953 0.41359424591064453
Pedestrian 0.0 0 -2.1758251190185547 876.3751220703125 160.51556396484375 900.8174438476562 197.0164794921875 1.1464871 1.7061503 0.51850325 13.477957 0.7734759 33.660934 -1.794970989227295 0.1686105579137802
Pedestrian 0.0 0 -3.5805721282958984 983.3656616210938 142.2144012451172 1087.7091064453125 277.6049499511719 1.0757148 1.7936989 0.5872745 5.841866 1.2881514 9.709456 -3.0389273166656494 0.1486644446849823
Cyclist 0.0 0 -2.1758251190185547 876.3751220703125 160.51556396484375 900.8174438476562 197.0164794921875 1.1464871 1.7061503 0.51850325 13.477957 0.7734759 33.660934 -1.794970989227295 0.10351714491844177
Car 0.0 0 2.0697286128997803 133.0122833251953 187.12783813476562 257.5834045410156 237.0071563720703 4.37601 1.4424701 1.6371214 -13.301029 1.6824844 23.232395 1.5497595071792603 0.925025463104248
Car 0.0 0 -0.7979750037193298 0.0 203.5081787109375 300.64154052734375 370.0 3.9980862 1.3987757 1.6495962 -3.1636622 1.5726727 3.2825193 -1.564936876296997 0.8955374956130981
Car 0.0 0 -0.38038891553878784 1117.146240234375 145.29348754882812 1224.0 200.9747772216797 4.1888385 1.6860799 1.662954 19.304813 0.62155455 22.854944 0.3210008144378662 0.8305603265762329
Car 0.0 0 -2.053492546081543 442.8675842285156 173.19615173339844 511.7986145019531 204.9041290283203 3.8379676 1.405676 1.591864 -6.0881934 1.0833488 33.342052 -2.234100818634033 0.8124344348907471
Car 0.0 0 -1.1573600769042969 306.37298583984375 178.69302368164062 377.6703796386719 215.1238250732422 3.8459241 1.5099903 1.538643 -11.556275 1.4365809 31.266165 -1.5113965272903442 0.2688344120979309
Car 0.0 0 -0.9326215982437134 56.0404052734375 170.44314575195312 127.05567932128906 194.9178466796875 4.2086887 1.5904523 1.7427784 -34.794075 0.93825364 48.055767 -1.5592972040176392 0.22853337228298187
Car 0.0 0 -0.07807517051696777 591.1778564453125 165.85398864746094 637.267333984375 181.73594665527344 4.286985 1.4965987 1.6753834 0.88644546 0.11760509 67.59719 -0.06496228277683258 0.18576984107494354
