Pedestrian 0.0 0 1.0266642570495605 173.17877197265625 170.33860778808594 258.3268127441406 305.46142578125 0.96641576 1.785592 0.62919456 -5.54239 1.7527097 10.045842 0.5225093364715576 0.18488770723342896
Pedestrian 0.0 0 1.1183322668075562 110.80821228027344 165.61595153808594 194.09681701660156 307.0855712890625 0.9736563 1.7868916 0.56529516 -6.1479673 1.6958262 9.606098 0.5490143299102783 0.10323018580675125
Pedestrian 0.0 0 -1.8321044445037842 934.9947509765625 165.3739471435547 946.3504638671875 188.16128540039062 0.87296104 1.7627249 0.5994404 25.770264 1.1844594 56.292576 -1.4027900695800781 0.10196217894554138
Cyclist 0.0 0 -3.3730268478393555 886.16748046875 184.14625549316406 942.0918579101562 238.3883056640625 1.5708072 1.7158496 0.63102984 9.820924 2.0900726 23.44558 -2.9763498306274414 0.1526007354259491
Cyclist 0.0 0 -3.4780383110046387 1124.6619873046875 187.190673828125 1234.501953125 275.1268005371094 1.5461034 1.6388199 0.726967 11.139433 1.933769 14.230496 -2.8138821125030518 0.1309819221496582
Car 0.0 0 -1.5076570510864258 1118.008544921875 177.29403686523438 1225.8092041015625 255.2494354248047 3.4858615 1.4731066 1.6324164 12.226162 1.5813769 15.688015 -0.8456466794013977 0.8997927904129028
Car 0.0 0 2.214136838912964 621.3485107421875 180.64834594726562 780.8551635742188 254.50628662109375 4.057124 1.5280285 1.7270555 2.2441869 1.7387557 17.415245 2.3422939777374268 0.6579176783561707
Car 0.0 0 1.8229975700378418 1011.1467895507812 174.78746032714844 1076.0921630859375 212.64414978027344 3.5931818 1.5944167 1.6590942 19.479336 1.6866367 32.427135 2.3639397621154785 0.6267664432525635
Car 0.0 0 -1.1185483932495117 881.6693725585938 183.6088104248047 980.318603515625 234.53662109375 3.6862283 1.5670872 1.6532303 11.021963 1.964083 24.787823 -0.7001505494117737 0.38958093523979187
Car 0.0 0 3.690554141998291 0.0 168.2080078125 149.4109649658203 339.57708740234375 4.2041793 1.7706343 1.7556931 -8.343801 1.7229885 8.753759 2.929128885269165 0.2853301763534546
Car 0.0 0 1.4675236940383911 777.4503173828125 195.61383056640625 828.0487060546875 234.29994201660156 4.326019 1.4571122 1.722176 8.459809 2.5421433 32.114185 1.7251009941101074 0.2337356060743332
Car 0.0 0 1.8946614265441895 982.872314453125 178.79005432128906 1067.7584228515625 225.2587890625 3.5805078 1.5654604 1.6578835 15.287283 1.799335 26.574106 2.416698455810547 0.15826287865638733
