Car 0.0 0 -1.8532791137695312 755.3709106445312 185.69419860839844 935.5739135742188 292.8153076171875 4.137659 1.3866761 1.6559559 3.5763807 1.6360077 11.91164 -1.561599850654602 0.9340677261352539
Car 0.0 0 1.9544614553451538 198.7506103515625 189.54061889648438 404.13531494140625 304.9295654296875 3.9855573 1.4451038 1.6143486 -4.733265 1.7600935 11.606446 1.5672374963760376 0.9276239275932312
Car 0.0 0 -2.0708231925964355 862.4096069335938 191.26939392089844 1242.0 375.0 3.7268126 1.4127268 1.6017386 3.6732013 1.6281346 6.5510817 -1.5598009824752808 0.9239314198493958
Car 0.0 0 1.7217164039611816 510.23931884765625 176.97975158691406 553.835205078125 209.08181762695312 4.0863295 1.5487831 1.6525258 -4.0199513 1.7750015 37.419697 1.614698052406311 0.9208996891975403
Car 0.0 0 1.8533519506454468 343.1293029785156 185.1752471923828 468.2409973144531 261.05706787109375 4.324459 1.4823577 1.6676143 -4.6697845 1.8097064 16.972214 1.5848528146743774 0.9176951050758362
Car 0.0 0 -1.7502381801605225 720.2556762695312 181.1333770751953 821.7674560546875 251.23716735839844 3.912929 1.4211365 1.6326603 3.621461 1.6401333 17.071579 -1.5412030220031738 0.8798424601554871
Car 0.0 0 1.7106980085372925 491.9837951660156 177.4853515625 537.157958984375 213.3019561767578 3.5325172 1.5176784 1.5594829 -4.3235664 1.7399888 32.803036 1.579649567604065 0.7898303270339966
Car 0.0 0 -1.7299388647079468 685.1696166992188 178.97817993164062 743.1033935546875 219.07435607910156 4.22053 1.4077784 1.5648841 3.9299922 1.664752 28.105467 -1.591009497642517 0.7716813683509827
Car 0.0 0 -1.6896859407424927 703.4942626953125 179.44215393066406 770.2572021484375 230.2055206298828 3.8565779 1.4169843 1.5911412 3.8398418 1.6417847 22.613146 -1.521484613418579 0.7644186615943909
Car 0.0 0 2.200809955596924 0.0 197.37367248535156 267.2129211425781 375.0 4.0586443 1.501316 1.6190602 -4.7095413 1.7802011 6.1453853 1.5469242334365845 0.7392613291740417
