Car 0.0 0 -1.8299791812896729 713.6427612304688 183.84666442871094 891.6473388671875 293.69866943359375 4.259549 1.366811 1.6211964 2.7722812 1.5759544 11.553173 -1.5944734811782837 0.9609053134918213
Car 0.0 0 -1.7064675092697144 683.3381958007812 178.45556640625 755.1563110351562 228.8878631591797 4.1575556 1.3807424 1.6193619 3.2268388 1.5704341 22.300041 -1.5627639293670654 0.9384053349494934
Car 0.0 0 0.3581036627292633 228.20436096191406 185.51234436035156 446.726806640625 257.52899169921875 4.0847516 1.4381102 1.6219552 -5.785169 1.7247832 15.504501 0.0009748935699462891 0.9376616477966309
Car 0.0 0 -1.653618574142456 652.8877563476562 173.49073791503906 686.44384765625 199.81053161621094 3.9449408 1.4438845 1.6000134 3.3641434 1.4827421 41.650055 -1.5730218887329102 0.8858685493469238
Car 0.0 0 3.8394222259521484 0.0 183.59295654296875 205.6082305908203 360.072021484375 3.985906 1.5503433 1.5577596 -6.5827765 1.6719221 7.290711 3.1050076484680176 0.8836093544960022
Car 0.0 0 0.624552845954895 0.0 184.7340850830078 306.0503845214844 313.26409912109375 4.0290227 1.5658603 1.6317776 -6.5558205 1.7429572 9.841813 0.03692936897277832 0.840543806552887
Car 0.0 0 3.43562912940979 267.0552673339844 180.14956665039062 441.0462341308594 244.6099395751953 3.777672 1.5087306 1.6291121 -6.321494 1.7000331 17.985022 3.097630500793457 0.6750596165657043
Car 0.0 0 4.029819011688232 0.0 171.3195037841797 38.64804458618164 375.0 4.029491 1.6397616 1.6866785 -6.473325 1.6322353 4.6636887 3.0833401679992676 0.36268484592437744
Car 0.0 0 -1.359645128250122 443.42218017578125 176.2838592529297 510.35589599609375 221.66331481933594 4.0417824 1.5235313 1.6092595 -4.8542037 1.6599468 26.57508 -1.5403133630752563 0.3526237905025482
Car 0.0 0 1.8084228038787842 420.50579833984375 167.87767028808594 449.9700622558594 186.30958557128906 4.0502205 1.5858722 1.6382115 -15.50634 1.1580687 64.1033 1.5710856914520264 0.3354460597038269
