Pedestrian 0.0 0 0.43645793199539185 507.6750793457031 168.7515106201172 520.7927856445312 196.94651794433594 0.6535418 1.8207026 0.6027101 -6.264698 1.5561403 46.97611 0.3038809299468994 0.2042229324579239
Pedestrian 0.0 0 -2.7770462036132812 496.4866943359375 171.3240509033203 514.5181884765625 201.3532257080078 1.0204401 1.919716 0.5529844 -6.765029 1.8222663 46.50518 -2.9215011596679688 0.1731695830821991
Pedestrian 0.0 0 -0.11051955819129944 757.3010864257812 159.80038452148438 775.1675415039062 190.37364196777344 0.95175207 1.755088 0.57836896 9.003048 1.0060899 41.753906 0.10185074806213379 0.12066161632537842
Car 0.0 0 -1.483920931816101 529.9979858398438 175.88314819335938 564.965576171875 204.60035705566406 3.6426985 1.4742454 1.5863682 -3.392393 1.6470208 39.24481 -1.5701484680175781 0.923829972743988
Car 0.0 0 -1.519360065460205 580.45751953125 175.01365661621094 608.197021484375 197.38072204589844 3.834309 1.3914171 1.6211071 -1.0199122 1.5388622 47.198143 -1.5409659147262573 0.8699272274971008
Car 0.0 0 1.9265199899673462 288.1966552734375 176.30535888671875 376.6316833496094 226.4394073486328 4.150541 1.6627985 1.6602812 -10.03434 1.7989221 26.297747 1.562004804611206 0.6768150925636292
Car 0.0 0 1.8451834917068481 442.9349060058594 178.1202850341797 478.0159912109375 198.55001831054688 3.7781837 1.3887398 1.508833 -10.756218 1.7826526 51.98113 1.6411378383636475 0.4917666018009186
Car 0.0 0 1.8718472719192505 692.5254516601562 164.94654846191406 728.0814208984375 186.24627685546875 4.21464 1.6576629 1.6780643 8.13493 1.0426178 58.415363 2.0102174282073975 0.4344210624694824
Car 0.0 0 -0.14649081230163574 704.5184326171875 164.54798889160156 763.6701049804688 186.2003631591797 4.0975566 1.5697383 1.6493542 9.083219 0.9679322 53.177708 0.02268528938293457 0.29510873556137085
Car 0.0 0 -0.6732742786407471 868.7351684570312 161.82720947265625 924.9489135742188 181.5152587890625 4.313418 1.6283406 1.6878589 24.264814 0.7167042 61.10852 -0.2952898442745209 0.2334069162607193
Car 0.0 0 2.1079163551330566 228.2108917236328 178.74166870117188 268.46990966796875 194.7441864013672 3.951683 1.4451118 1.6353798 -34.390697 2.0224779 68.6799 1.6436777114868164 0.21380607783794403
Car 0.0 0 2.773871660232544 415.91705322265625 186.733642578125 487.64080810546875 218.68463134765625 3.4616575 1.6005691 1.5952822 -8.611393 2.385615 39.169613 2.5574655532836914 0.1366264373064041
Car 0.0 0 -0.6985117197036743 1071.4066162109375 141.2564239501953 1212.5103759765625 184.6034393310547 4.0042076 1.4988235 1.5666031 18.9595 0.40662223 25.85947 -0.06586629152297974 0.11730404943227768
