Pedestrian 0.0 0 1.2644643783569336 682.7991943359375 158.50941467285156 743.50341796875 282.09661865234375 0.88817114 1.668529 0.60577935 1.5224173 1.3594619 10.18169 1.4128897190093994 0.8731071352958679
Pedestrian 0.0 0 -1.802944302558899 621.1326904296875 157.03564453125 678.1067504882812 282.3462219238281 0.9954195 1.6693156 0.5801472 0.6155666 1.3447423 10.106506 -1.7421114444732666 0.6791651248931885
Pedestrian 0.0 0 -1.5938702821731567 291.0629577636719 173.98507690429688 343.2624816894531 302.2226257324219 0.63651866 1.6398611 0.62962765 -3.8512182 1.5450959 9.599714 -1.9753938913345337 0.33099880814552307
Pedestrian 0.0 0 -1.8471416234970093 662.4248657226562 163.7111358642578 689.0663452148438 223.3137969970703 1.0203149 1.7615303 0.543004 2.21658 1.2369174 21.77708 -1.7457059621810913 0.3106021583080292
Pedestrian 0.0 0 1.3909603357315063 725.31298828125 163.67616271972656 752.8272705078125 229.82566833496094 0.7592285 1.8109119 0.62620836 3.8032036 1.3241214 20.044561 1.5784687995910645 0.22949334979057312
Pedestrian 0.0 0 -2.861872434616089 491.024658203125 167.80455017089844 545.7874755859375 248.36575317382812 1.1492988 1.8062918 0.5150327 -1.9314375 1.5004374 16.450708 -2.9787449836730957 0.22487463057041168
Pedestrian 0.0 0 1.500587821006775 489.97552490234375 161.63247680664062 515.6963500976562 229.98330688476562 1.708565 1.8416995 0.5942237 -2.824036 1.3075339 20.25009 1.3620235919952393 0.19961011409759521
Pedestrian 0.0 0 0.6067754030227661 0.0 149.00262451171875 103.8769302368164 327.47955322265625 0.8528616 1.8178201 0.46020064 -5.879611 1.4881936 7.5664644 -0.05382159352302551 0.17944951355457306
Cyclist 0.0 0 -1.6025664806365967 420.10296630859375 157.63754272460938 464.8559265136719 284.05322265625 1.817807 1.75426 0.5938113 -2.4859328 1.4244426 10.920098 -1.8263994455337524 0.760546863079071
Cyclist 0.0 0 1.6208772659301758 488.1719665527344 162.0511016845703 511.299560546875 227.6648712158203 1.7783102 1.7710872 0.5628095 -2.889663 1.247271 20.298246 1.4794672727584839 0.7246108055114746
Cyclist 0.0 0 -1.6477630138397217 505.7524108886719 160.0088348388672 538.4041137695312 241.5525360107422 1.8512136 1.7633387 0.59640986 -1.8778061 1.2998295 16.496298 -1.761107087135315 0.7033114433288574
Cyclist 0.0 0 -1.7213059663772583 661.2471313476562 156.82582092285156 696.664794921875 233.88485717773438 1.8103055 1.7624923 0.57743055 1.8156037 1.1993556 17.344648 -1.6170077323913574 0.6106481552124023
Cyclist 0.0 0 -1.5334593057632446 452.70233154296875 172.5151824951172 472.97174072265625 222.7319793701172 1.5164428 1.6773386 0.6337454 -4.795787 1.3783108 24.788975 -1.7245628833770752 0.2885834276676178
Cyclist 0.0 0 -1.6682673692703247 625.68115234375 155.80960083007812 673.0266723632812 288.7544250488281 1.2716284 1.7478334 0.5326342 0.6073515 1.4114093 10.086689 -1.6081267595291138 0.20615921914577484
Cyclist 0.0 0 -1.7835421562194824 663.6898193359375 164.5575714111328 688.77197265625 224.00344848632812 1.0539607 1.7575223 0.54357463 2.2323487 1.257747 21.78878 -1.6814444065093994 0.1185564175248146
Cyclist 0.0 0 1.4070903062820435 681.332275390625 145.35829162597656 738.1104125976562 278.6897277832031 1.0204315 1.7872449 0.6279745 1.4644815 1.3041083 10.142812 1.5504854917526245 0.10169868916273117
Car 0.0 0 2.3260576725006104 139.06629943847656 166.88063049316406 204.9094696044922 190.6511993408203 3.8129983 1.503707 1.5421312 -28.291933 0.5796138 47.466793 1.788557767868042 0.4304296374320984
Car 0.0 0 0.2683914303779602 138.9593505859375 160.0636749267578 225.87356567382812 189.1390380859375 4.2437277 1.7076724 1.7555815 -25.33334 0.4494343 43.577557 -0.2581937909126282 0.2486940324306488
Car 0.0 0 2.9270360469818115 637.1849365234375 163.91732788085938 693.0119018554688 184.72335815429688 4.0671787 1.5892777 1.6728716 4.9585857 0.24677452 55.953407 3.015424966812134 0.21408037841320038
