Car 0.0 0 1.79864501953125 383.6026306152344 182.5915069580078 499.12530517578125 264.0760803222656 4.012996 1.5298069 1.6149511 -3.6378796 1.7737232 16.034317 1.5755410194396973 0.9436934590339661
Car 0.0 0 1.6941581964492798 484.2993469238281 178.95449829101562 534.6113891601562 214.49951171875 4.1277494 1.4685138 1.7554966 -4.5100784 1.7620399 32.595703 1.5566669702529907 0.9116021990776062
Car 0.0 0 -1.2174382209777832 208.9311065673828 191.40524291992188 428.6418151855469 332.4722900390625 3.4506567 1.4360387 1.5449322 -3.6384103 1.7261307 9.53235 -1.5820618867874146 0.746945858001709
Car 0.0 0 2.919992208480835 624.4447021484375 165.29904174804688 681.6808471679688 187.61167907714844 4.0721836 1.6616718 1.6998411 3.2302504 1.0993952 54.900547 2.978762626647949 0.6147545576095581
Car 0.0 0 2.9208056926727295 616.306884765625 167.663818359375 671.9296264648438 188.0698699951172 4.134571 1.5857557 1.7111533 2.6645982 1.1827838 57.269115 2.9672999382019043 0.6100897192955017
Car 0.0 0 -3.146148681640625 664.0792236328125 167.107177734375 762.6757202148438 205.43539428710938 4.0745883 1.5855802 1.6666253 4.3684864 1.3482006 30.94739 -3.0059168338775635 0.2518090307712555
Car 0.0 0 1.7167586088180542 610.046142578125 170.90394592285156 633.6893920898438 188.17343139648438 3.9553957 1.5536777 1.6388549 1.1128598 1.3785945 66.99586 1.733367919921875 0.21744953095912933
Car 0.0 0 -2.308025598526001 1000.821533203125 135.89601135253906 1242.0 375.0 3.838745 1.5626413 1.570138 4.4164968 1.4112582 4.880419 -1.5724867582321167 0.10720990598201752
Car 0.0 0 -0.2078479826450348 650.1444091796875 167.295654296875 701.1412353515625 184.53091430664062 4.508503 1.5898124 1.6962484 6.116791 1.0774589 67.66018 -0.11768847703933716 0.1019471287727356
Car 0.0 0 2.1050949096679688 304.6880798339844 165.95718383789062 354.74005126953125 190.11793518066406 3.8463948 1.6713649 1.6275578 -20.14496 1.1946218 51.941372 1.7351148128509521 0.10147104412317276
