Car 0.0 0 -1.570764183998108 568.8653564453125 178.3936004638672 651.7505493164062 252.1484375 3.8142216 1.496215 1.6814606 0.003738352 1.3589509 16.4865 -1.5705374479293823 0.9679733514785767
Car 0.0 0 2.1643126010894775 47.45795822143555 187.05955505371094 206.24513244628906 243.21710205078125 3.9445894 1.359967 1.6476744 -12.885642 1.4162436 19.515184 1.5807390213012695 0.9240648746490479
Car 0.0 0 1.7501118183135986 429.73480224609375 181.21214294433594 506.28082275390625 230.48184204101562 4.3524776 1.4405978 1.6668866 -4.436178 1.3246688 23.19902 1.5611701011657715 0.897788405418396
Car 0.0 0 -1.2516093254089355 315.1831970214844 191.09922790527344 450.1106262207031 264.59271240234375 3.6487358 1.3161439 1.6060644 -4.579374 1.4552113 15.007059 -1.547782301902771 0.8902583718299866
Car 0.0 0 -1.2432663440704346 352.3666076660156 164.71649169921875 407.5307922363281 192.97674560546875 3.9840226 1.4509306 1.6525992 -12.286551 0.39959705 38.91301 -1.5491039752960205 0.7837750315666199
Car 0.0 0 2.006880521774292 230.6007080078125 186.04818725585938 347.3682556152344 245.08163452148438 3.356123 1.4129698 1.5325922 -8.31287 1.438008 18.944832 1.593384861946106 0.7593805193901062
Car 0.0 0 2.2845041751861572 0.0 196.984130859375 51.04579162597656 293.649169921875 4.189606 1.3388679 1.6273144 -12.169196 1.5814376 12.608452 1.5168321132659912 0.6222332715988159
Car 0.0 0 -1.2802472114562988 398.1780090332031 176.81422424316406 459.27105712890625 210.46202087402344 4.0560527 1.4344064 1.6007003 -8.096019 1.0773828 32.705074 -1.5229151248931885 0.5399374961853027
Car 0.0 0 2.4598426818847656 187.1205596923828 168.70668029785156 247.09432983398438 192.00521850585938 3.9896114 1.7439541 1.5954168 -30.360365 0.5093441 55.95267 1.9626924991607666 0.4192279875278473
Car 0.0 0 2.258338451385498 0.0 192.5453643798828 80.43738555908203 257.6564025878906 3.8480778 1.4548966 1.6337932 -15.7715645 1.6638252 18.435837 1.5506691932678223 0.33108675479888916
