Pedestrian 0.0 0 0.944245457649231 99.10446166992188 173.3390350341797 179.15924072265625 296.2803039550781 0.8409497 1.6974356 0.58143175 -6.824843 1.7050585 10.383774 0.36278319358825684 0.5813718438148499
Pedestrian 0.0 0 -2.4624485969543457 264.7281494140625 170.2831268310547 325.0464782714844 255.77197265625 1.0089824 1.7412277 0.59312713 -6.6450324 1.6892223 15.111746 -2.8767261505126953 0.5154097676277161
Pedestrian 0.0 0 -2.5343124866485596 413.002685546875 175.62841796875 441.9718017578125 226.04818725585938 0.7217532 1.7285943 0.6832632 -6.4231796 1.8276923 25.230042 -2.7836012840270996 0.3017386198043823
Pedestrian 0.0 0 0.9141607880592346 1032.4599609375 183.53712463378906 1076.6793212890625 249.77499389648438 0.8000781 1.6335384 0.59168917 11.253802 1.9121224 18.35935 1.4640653133392334 0.14124903082847595
Pedestrian 0.0 0 -2.448162317276001 332.4815368652344 172.13888549804688 381.1113586425781 239.3214111328125 1.0562348 1.7249506 0.6190093 -6.7118697 1.7069476 18.996462 -2.7877936363220215 0.1233653798699379
Cyclist 0.0 0 1.6907614469528198 349.88653564453125 167.98272705078125 381.8686218261719 238.1271209716797 1.4656612 1.7835115 0.6352686 -6.5027294 1.660011 19.125874 1.3630261421203613 0.30886533856391907
Cyclist 0.0 0 -1.4879443645477295 415.7026672363281 170.30609130859375 437.868896484375 220.08978271484375 1.314018 1.694977 0.64828724 -6.449697 1.6085867 25.265104 -1.7378870248794556 0.16828714311122894
Car 0.0 0 -1.5644184350967407 577.199951171875 180.10098266601562 622.7120971679688 221.27383422851562 3.4758606 1.3932381 1.5791359 -0.40827823 1.6800448 26.7723 -1.579667329788208 0.9430195689201355
Car 0.0 0 -1.4406628608703613 514.7340698242188 176.74285888671875 558.2041015625 209.88116455078125 3.5792959 1.4616759 1.5913818 -3.4571726 1.6553886 34.060314 -1.5418179035186768 0.9331716299057007
Car 0.0 0 1.9565027952194214 301.9647216796875 179.35830688476562 377.29107666015625 213.5592498779297 4.0588384 1.3742177 1.7065414 -11.86158 1.6799814 31.82336 1.599722146987915 0.8204526305198669
Car 0.0 0 2.0865182876586914 203.29969787597656 169.8247833251953 250.25306701660156 190.70867919921875 3.6954126 1.5236154 1.5071195 -28.917967 1.3029716 54.506176 1.5987344980239868 0.19949248433113098
Car 0.0 0 -1.7772440910339355 731.5298461914062 177.25230407714844 764.0283813476562 198.31675720214844 3.7720637 1.4978489 1.6444902 10.242871 1.8389792 53.999542 -1.5897867679595947 0.10803937911987305
