Cyclist 0.0 0 -2.1337263584136963 1047.286376953125 144.29217529296875 1122.08935546875 239.431396484375 1.3783785 1.7448654 0.5511566 9.074578 1.2213957 13.923506 -1.556125283241272 0.11401639878749847
Car 0.0 0 -1.716752052307129 577.6326904296875 181.44480895996094 668.084228515625 248.30767822265625 3.9393473 1.4025536 1.6303835 0.15161395 1.6385478 17.725471 -1.7081987857818604 0.8335756659507751
Car 0.0 0 -1.509704351425171 510.47723388671875 179.2794952392578 542.3463134765625 207.9615936279297 3.787641 1.5293379 1.5842102 -4.7732944 1.9144644 41.27018 -1.6248524188995361 0.636539101600647
Car 0.0 0 -1.3956730365753174 352.72430419921875 182.62335205078125 421.1986999511719 225.4522705078125 4.154535 1.3738668 1.6810687 -8.070034 1.7595898 26.294714 -1.6934545040130615 0.5645269155502319
Car 0.0 0 -1.5710738897323608 559.5630493164062 178.17684936523438 612.744140625 226.04144287109375 3.9099953 1.4291813 1.6216917 -0.84208894 1.620976 23.964933 -1.6061978340148926 0.5128182172775269
Car 0.0 0 1.9589884281158447 0.0 154.66917419433594 353.7276611328125 375.0 4.171916 1.8878042 1.7179908 -4.0441017 1.7579358 7.3355265 1.455145001411438 0.4748608469963074
Car 0.0 0 -1.4238518476486206 487.679931640625 176.3059844970703 511.2418212890625 192.97384643554688 3.6677244 1.4628279 1.6099656 -10.089047 1.7873702 65.920944 -1.575721025466919 0.42103463411331177
Car 0.0 0 1.5968799591064453 450.83477783203125 180.3907470703125 475.77789306640625 203.22970581054688 4.019316 1.4854416 1.6066338 -10.248331 2.03485 50.442688 1.3964402675628662 0.3047439157962799
Car 0.0 0 -0.6660032868385315 526.9745483398438 180.12368774414062 638.3286743164062 222.4950714111328 4.1665583 1.4880381 1.690915 -1.0503774 1.7907355 28.012934 -0.703481912612915 0.2521902918815613
Car 0.0 0 2.0257465839385986 168.0484619140625 180.82034301757812 330.095458984375 259.0160827636719 4.258976 1.5641091 1.6891264 -8.312073 1.7756276 16.99321 1.5708239078521729 0.1326214224100113
