Pedestrian 0.0 0 -2.901892900466919 522.0147705078125 168.23468017578125 532.7215576171875 187.67462158203125 0.8741682 1.7978501 0.590068 -7.6988735 1.3710011 67.07405 -3.016174554824829 0.18141886591911316
Pedestrian 0.0 0 2.947376251220703 654.2840576171875 167.2247772216797 665.6380004882812 186.66009521484375 0.93487304 1.7451906 0.54174346 4.4871693 1.2400737 65.11483 3.016179084777832 0.12638679146766663
Car 0.0 0 1.8038197755813599 381.2823791503906 182.45863342285156 494.94403076171875 252.32716369628906 4.2142134 1.4264909 1.7226645 -4.034379 1.6868943 17.421112 1.5762513875961304 0.9373849034309387
Car 0.0 0 1.9588773250579834 148.22354125976562 194.19003295898438 439.5408935546875 356.75897216796875 4.516137 1.4315246 1.7005389 -3.638613 1.771501 9.214304 1.5827860832214355 0.9270915389060974
Car 0.0 0 1.663497805595398 512.791015625 175.35475158691406 554.1056518554688 209.48907470703125 3.9719427 1.5244256 1.6047547 -3.643172 1.651314 34.509106 1.5583161115646362 0.8400217294692993
Car 0.0 0 -1.330235481262207 373.7353515625 176.65048217773438 440.2786865234375 218.6656036376953 3.4467478 1.4395653 1.6013047 -7.4988055 1.5900639 26.78372 -1.603222131729126 0.3127673864364624
Car 0.0 0 1.6519969701766968 511.7303771972656 168.89642333984375 532.5188598632812 186.35171508789062 3.888724 1.5627537 1.5957309 -8.098609 1.2087933 66.57032 1.5309369564056396 0.2585175335407257
Car 0.0 0 -1.5032076835632324 562.2423706054688 169.1345672607422 584.4788818359375 186.4960174560547 4.0883346 1.4429306 1.6385806 -3.140321 1.1341603 62.022873 -1.5537961721420288 0.2584482729434967
Car 0.0 0 -0.3060765266418457 654.4678344726562 168.2091522216797 754.0023803710938 203.8455352783203 4.297991 1.6035306 1.682671 4.3280888 1.3948845 33.67332 -0.17824570834636688 0.18976418673992157
Car 0.0 0 1.961085319519043 527.3572387695312 169.96751403808594 561.7841186523438 187.03497314453125 4.1725583 1.4946332 1.6461735 -5.9107213 1.2422152 65.42015 1.8709797859191895 0.18837645649909973
Car 0.0 0 1.6588821411132812 638.595458984375 170.72470092773438 660.6194458007812 187.93531799316406 4.2431927 1.4939668 1.611165 3.5697544 1.3094904 64.84504 1.7138772010803223 0.1826951503753662
Car 0.0 0 -0.15210586786270142 637.8141479492188 167.25367736816406 690.515869140625 186.29542541503906 4.2075267 1.5717969 1.6445687 4.4980516 1.1098771 60.540054 -0.07794336974620819 0.17989304661750793
Car 0.0 0 1.7586538791656494 520.3562622070312 168.99440002441406 566.5917358398438 202.37498474121094 4.480434 1.7817816 1.7995633 -3.7308621 1.5761226 40.82798 1.6675269603729248 0.1627131849527359
Car 0.0 0 -3.0363354682922363 511.70001220703125 167.31063842773438 560.3309936523438 185.87271118164062 3.9899135 1.5677719 1.670352 -6.329274 1.0999305 61.780598 -3.1384267807006836 0.11757703870534897
