Pedestrian 0.0 0 2.3771469593048096 867.4019775390625 161.15447998046875 883.0530395507812 185.2829132080078 1.0015663 1.7986823 0.5511735 19.911043 0.92688537 54.23843 2.728975534439087 0.1187925860285759
Pedestrian 0.0 0 2.4599385261535645 1014.3963012695312 159.72293090820312 1030.99658203125 185.13470458984375 0.8281081 1.7610617 0.575118 28.769344 0.851423 50.35135 2.979041814804077 0.11516235023736954
Pedestrian 0.0 0 2.735391616821289 882.1102905273438 159.01907348632812 898.391357421875 184.11087036132812 0.971272 1.830589 0.55896795 20.530735 0.8216101 52.93442 3.105382204055786 0.10960038006305695
Cyclist 0.0 0 -2.9518449306488037 592.1278076171875 176.74658203125 618.8934936523438 204.63641357421875 1.6321121 1.7761375 0.660477 -0.3178116 2.0302088 46.552986 -2.958671808242798 0.11910460889339447
Car 0.0 0 -1.5556520223617554 593.9833374023438 179.25184631347656 618.24365234375 201.63038635253906 4.08566 1.4033086 1.5611331 -0.26178965 1.8516154 48.465946 -1.5610535144805908 0.8164660334587097
Car 0.0 0 1.7973308563232422 465.0708312988281 185.15692138671875 498.2630920410156 205.63429260253906 3.906692 1.4324185 1.6506554 -9.739819 2.4021673 54.857014 1.621612787246704 0.3394456207752228
Car 0.0 0 -0.952695906162262 991.7079467773438 157.39308166503906 1050.808349609375 180.74917602539062 3.971677 1.5943414 1.6147416 28.943224 0.53929996 50.820126 -0.4349876046180725 0.22258658707141876
Car 0.0 0 1.9940872192382812 286.4790954589844 173.91322326660156 389.6293640136719 232.52210998535156 4.1163096 1.7449962 1.6082133 -8.822042 1.7831892 23.663164 1.6372312307357788 0.2078036516904831
Car 0.0 0 -0.5485286712646484 840.5015869140625 154.47280883789062 926.5599975585938 184.6251678466797 3.9259062 1.5303032 1.6615171 14.266948 0.59777224 37.79932 -0.18762117624282837 0.18370400369167328
Car 0.0 0 -0.49036604166030884 917.1533203125 165.63528442382812 972.0062255859375 182.05812072753906 4.4019895 1.5197891 1.6723566 31.361916 0.8521174 67.72882 -0.05671186372637749 0.16284982860088348
Car 0.0 0 2.5363831520080566 1032.4630126953125 142.47677612304688 1182.5283203125 191.70718383789062 3.6520731 1.4919894 1.5407705 15.489901 0.5717274 22.644346 3.1363251209259033 0.13564424216747284
Car 0.0 0 -0.7792185544967651 1024.9969482421875 157.06629943847656 1098.4307861328125 181.1763916015625 4.158126 1.5615269 1.6846923 30.0061 0.539369 48.0056 -0.2205802947282791 0.13135124742984772
Car 0.0 0 -1.8783098459243774 805.9945678710938 160.9264373779297 843.3414306640625 184.30477905273438 3.6788228 1.6706789 1.605949 15.818167 0.8186606 53.41505 -1.5904009342193604 0.11692396551370621
Car 0.0 0 1.4808292388916016 784.2796630859375 163.39654541015625 810.4821166992188 184.97816467285156 3.8301282 1.6064956 1.6150801 14.410576 0.90285814 55.727966 1.7338740825653076 0.11665753275156021
