Cyclist 0.0 0 -2.352055311203003 1037.0609130859375 161.31454467773438 1078.77783203125 201.01702880859375 1.7019918 1.7341845 0.55139226 20.05591 1.2305046 32.40486 -1.7978425025939941 0.13266083598136902
Cyclist 0.0 0 -2.3041505813598633 1028.1158447265625 164.58372497558594 1063.0120849609375 202.53994750976562 1.5898526 1.763715 0.47976723 20.681398 1.3797777 34.351048 -1.76221764087677 0.12295301258563995
Cyclist 0.0 0 -1.728794813156128 700.5236206054688 175.1747283935547 709.5028076171875 198.4993438720703 1.3559008 1.6847271 0.44376174 6.939029 1.857546 52.93348 -1.598448395729065 0.10405196994543076
Car 0.0 0 2.2156732082366943 16.268169403076172 187.9619903564453 167.33705139160156 240.2613525390625 4.3826847 1.4426291 1.6686484 -16.620375 1.979181 23.392015 1.597925066947937 0.8793637752532959
Car 0.0 0 2.161381244659424 37.108642578125 188.2979736328125 196.2626190185547 249.8932647705078 4.2634115 1.4775819 1.6215485 -13.836575 1.9626806 20.510113 1.567891240119934 0.8622302412986755
Car 0.0 0 1.8663828372955322 347.9935607910156 184.68763732910156 397.9489440917969 212.4311065673828 4.326563 1.5010923 1.6439568 -14.109862 2.2437298 43.07663 1.5498439073562622 0.6735634803771973
Car 0.0 0 -0.38260385394096375 959.5475463867188 170.5692138671875 1030.08544921875 194.48736572265625 4.3197374 1.7460345 1.6788381 28.580029 1.579601 53.733467 0.10622525215148926 0.34919458627700806
Car 0.0 0 -0.8351068496704102 0.0 180.2166748046875 63.3098258972168 227.57720947265625 3.6922693 1.4876617 1.6001285 -21.311304 1.7634077 25.114267 -1.5387722253799438 0.23683398962020874
Car 0.0 0 0.18378846347332 272.60400390625 171.35635375976562 323.2566223144531 189.64215087890625 4.009042 1.6383791 1.6770461 -28.482498 1.504549 65.90896 -0.22412194311618805 0.16889788210391998
Car 0.0 0 -0.9621501564979553 670.7461547851562 174.9165496826172 711.0745239257812 194.13572692871094 3.5260177 1.5423384 1.6168822 6.7451873 1.719979 60.157814 -0.8504916429519653 0.13519923388957977
Car 0.0 0 1.4284499883651733 810.8810424804688 164.0 839.5352172851562 187.041259765625 3.88383 1.7567276 1.6305288 16.951023 1.082032 57.049328 1.7172709703445435 0.13187889754772186
Car 0.0 0 0.6189728379249573 65.13170623779297 169.65914916992188 147.6598358154297 195.56353759765625 3.9635239 1.5697362 1.6416228 -31.09027 1.3764949 44.560673 0.009787797927856445 0.10956180840730667
