Pedestrian 0.0 0 0.2340930998325348 738.458740234375 165.00547790527344 839.1044311523438 318.55889892578125 1.0366253 1.705702 0.6285792 2.1717517 1.5238315 8.496274 0.484346866607666 0.6953093409538269
Pedestrian 0.0 0 -2.037097930908203 772.513427734375 164.0693359375 829.84375 261.6383972167969 0.9463382 1.7596558 0.6810942 3.694102 1.4465638 13.483668 -1.769690752029419 0.6619501113891602
Pedestrian 0.0 0 -2.04903507232666 401.88897705078125 177.84703063964844 458.32196044921875 279.71075439453125 0.92038107 1.6311373 0.55558604 -2.9184978 1.5739365 12.029534 -2.2870473861694336 0.5041369795799255
Pedestrian 0.0 0 -1.981353521347046 633.190185546875 179.15391540527344 674.5791625976562 252.7662353515625 1.1998905 1.7939548 0.61287135 1.2803231 1.7379726 18.171242 -1.911010980606079 0.48134902119636536
Pedestrian 0.0 0 1.7066278457641602 333.3581237792969 171.41456604003906 389.31048583984375 302.4385681152344 0.9032176 1.6592762 0.59557104 -3.233933 1.5328901 9.593888 1.3815066814422607 0.39445367455482483
Pedestrian 0.0 0 -1.539128065109253 478.1712646484375 178.892333984375 503.63690185546875 250.9007110595703 0.9270377 1.6204678 0.5575195 -2.5901592 1.5630006 16.656841 -1.6933938264846802 0.3200375437736511
Pedestrian 0.0 0 -1.967454195022583 788.5595703125 170.26025390625 827.8328247070312 245.4266357421875 0.8615419 1.6999084 0.58812237 4.7629385 1.4469323 16.705345 -1.689708948135376 0.2679749131202698
Pedestrian 0.0 0 -1.6063904762268066 506.6245422363281 179.94944763183594 527.4456176757812 236.30438232421875 0.9625729 1.6252984 0.57466066 -2.53029 1.581718 21.234161 -1.7249925136566162 0.259440153837204
Pedestrian 0.0 0 0.7550429701805115 244.17471313476562 183.2319793701172 308.7766418457031 302.73443603515625 0.6657502 1.6111839 0.49234578 -4.5789633 1.6375116 10.032087 0.32685327529907227 0.2534029483795166
Pedestrian 0.0 0 0.06267836689949036 699.4317016601562 180.37564086914062 765.1405029296875 297.1054382324219 0.9573517 1.7258445 0.6859234 1.9824138 1.7105298 11.064833 0.2399609088897705 0.23195675015449524
Pedestrian 0.0 0 0.24243687093257904 727.6260375976562 169.293701171875 804.7637329101562 305.365234375 0.8602794 1.6931815 0.6339371 2.1181443 1.5426322 9.411763 0.46380162239074707 0.18597181141376495
Pedestrian 0.0 0 0.9202308654785156 716.314453125 166.87905883789062 787.7282104492188 278.1189270019531 1.0064019 1.7724093 0.7044724 2.469226 1.5407454 12.048936 1.1223652362823486 0.17706778645515442
Pedestrian 0.0 0 -2.0078392028808594 731.8574829101562 168.656982421875 783.7141723632812 253.5919952392578 1.1662314 1.7953389 0.683253 3.390796 1.5250973 15.8262415 -1.796778678894043 0.17666195333003998
Cyclist 0.0 0 -1.5325261354446411 635.2612915039062 171.92739868164062 667.3350830078125 247.5555419921875 1.7758795 1.833658 0.75328714 1.2587899 1.6027573 18.33696 -1.4639859199523926 0.30518901348114014
Cyclist 0.0 0 -1.5221121311187744 423.4167785644531 168.08204650878906 460.4937744140625 274.6858215332031 1.2081666 1.7177825 0.5617437 -2.7379887 1.5028622 12.215633 -1.7426060438156128 0.18946458399295807
Cyclist 0.0 0 1.7113025188446045 471.99993896484375 170.57237243652344 505.57867431640625 249.03224182128906 1.4219289 1.7473054 0.58196056 -2.6395473 1.5051643 16.710316 1.5546377897262573 0.18743489682674408
Cyclist 0.0 0 1.32162606716156 730.193115234375 167.06561279296875 776.2738647460938 252.8155517578125 1.463811 1.8016354 0.64649516 3.2871904 1.4995971 15.835406 1.526304006576538 0.17508341372013092
Cyclist 0.0 0 -1.6532741785049438 506.04974365234375 175.69346618652344 529.3980102539062 235.95045471191406 1.1792592 1.7211797 0.5843155 -2.5026484 1.5564634 21.151857 -1.7710447311401367 0.1332898736000061
Cyclist 0.0 0 -2.1101138591766357 742.3426513671875 158.65234375 846.8399047851562 319.84185791015625 1.2059681 1.7714928 0.67224705 2.221356 1.5217496 8.565225 -1.8563586473464966 0.11542768031358719
Car 0.0 0 1.6842342615127563 548.4129028320312 184.4779510498047 595.2109985351562 221.40684509277344 3.9572537 1.4702202 1.5770301 -1.2288941 1.6079038 30.95351 1.644553780555725 0.964153528213501
Car 0.0 0 1.4517369270324707 611.9042358398438 190.85585021972656 695.388671875 256.5540771484375 3.591294 1.4707822 1.6937937 1.2060342 1.7360792 18.440212 1.517046332359314 0.2576066553592682
Car 0.0 0 -1.6680331230163574 688.1693115234375 177.74017333984375 737.6488037109375 216.75279235839844 4.120743 1.474243 1.5802076 4.448831 1.3331919 29.242283 -1.5170539617538452 0.20442238450050354
