Car 0.0 0 -1.784244179725647 700.7914428710938 185.22079467773438 832.0064086914062 274.5945739746094 3.7598822 1.3985145 1.6230516 2.7497265 1.6662264 13.703721 -1.5862184762954712 0.9091385006904602
Car 0.0 0 -1.673308253288269 658.5415649414062 179.025634765625 720.1118774414062 225.78050231933594 3.9711578 1.4330645 1.6692867 2.5779576 1.6610667 24.624481 -1.5689973831176758 0.8854100108146667
Car 0.0 0 0.5574907660484314 65.8015365600586 176.77703857421875 359.9253845214844 280.65582275390625 4.145922 1.6240296 1.669537 -6.6834955 1.6965262 12.307614 0.06000876426696777 0.848057210445404
Car 0.0 0 -1.6322144269943237 651.2879638671875 180.13978576660156 695.2349853515625 217.84410095214844 4.080992 1.449815 1.5931902 2.5788832 1.7799214 30.595383 -1.5481232404708862 0.7922980189323425
Car 0.0 0 0.34232962131500244 232.17697143554688 166.28457641601562 438.0121154785156 254.25657653808594 4.2169905 1.9710277 1.7167777 -6.4222183 1.8241966 17.059065 -0.017728805541992188 0.7793596386909485
Car 0.0 0 3.765197277069092 0.0 188.5446319580078 156.5953826904297 375.0 3.7925 1.5428758 1.6202992 -6.8817196 1.71895 6.9856653 2.9872946739196777 0.6416466236114502
Car 0.0 0 3.3623907566070557 336.1609191894531 180.30978393554688 473.9037780761719 232.70838928222656 3.7807825 1.5145956 1.6294329 -6.2178884 1.7520914 22.030293 3.087303638458252 0.6194748878479004
Car 0.0 0 -2.664292097091675 0.0 0.0 1242.0 375.0 3.9293964 1.4383988 1.6289567 2.8289359 1.5579274 1.4747124 -1.5740344524383545 0.48965197801589966
Car 0.0 0 -1.6243330240249634 640.6925048828125 176.64332580566406 673.4675903320312 204.47450256347656 3.793802 1.4489828 1.6023213 2.5305712 1.6693537 39.986065 -1.5611310005187988 0.4638969600200653
Car 0.0 0 0.4584691524505615 193.22018432617188 166.54966735839844 265.03961181640625 191.59564208984375 4.170317 1.7364806 1.6806599 -26.863651 1.2997468 50.919025 -0.026995044201612473 0.42081108689308167
Car 0.0 0 -2.839339256286621 367.3486633300781 176.42152404785156 495.9147033691406 226.31729125976562 4.0306315 1.6605812 1.6611143 -6.1865263 1.7897472 25.097792 -3.0810182094573975 0.41987085342407227
