Car 0.0 0 -1.743897557258606 679.8936767578125 182.6446533203125 782.0723266601562 251.6478271484375 4.22392 1.3700743 1.6328623 2.6619961 1.630726 17.05351 -1.589050531387329 0.9684291481971741
Car 0.0 0 3.415830373764038 323.043701171875 183.3314208984375 479.00335693359375 237.1625518798828 4.027213 1.4656298 1.6224278 -5.9790382 1.7798036 20.785505 3.1357381343841553 0.9199991822242737
Car 0.0 0 -1.981461763381958 785.6469116210938 192.30625915527344 1108.8951416015625 375.0 3.4585 1.414751 1.6054195 2.99086 1.6600066 7.3336134 -1.5942245721817017 0.908490002155304
Car 0.0 0 3.6654670238494873 0.0 187.63967895507812 319.88995361328125 306.5361328125 3.9521563 1.5177 1.6249863 -6.5024247 1.7477146 10.316459 3.1030683517456055 0.8761365413665771
Car 0.0 0 3.5324323177337646 96.59880828857422 184.31634521484375 367.7750549316406 277.21868896484375 3.9409044 1.4887891 1.5848504 -6.550384 1.7069016 12.750125 3.057844877243042 0.8128582835197449
Car 0.0 0 -1.6620558500289917 663.6901245117188 176.81568908691406 716.3245849609375 217.1340789794922 3.9986577 1.4239423 1.6463712 2.9763505 1.5884767 27.886938 -1.5557291507720947 0.8058621287345886
Car 0.0 0 3.7902424335479736 0.0 194.19100952148438 227.10714721679688 355.8350524902344 3.7286294 1.5263512 1.6011438 -6.55487 1.7870525 7.921858 3.098991632461548 0.7887892723083496
Car 0.0 0 3.371029853820801 340.4900207519531 178.9844512939453 471.5231018066406 228.18264770507812 3.8057497 1.5146846 1.643418 -6.563696 1.7210948 23.343142 3.0969245433807373 0.6723500490188599
Car 0.0 0 0.4415189027786255 189.1381072998047 181.90756225585938 405.0314025878906 263.3043518066406 3.86586 1.5989609 1.6187687 -6.552012 1.801642 15.244039 0.035582780838012695 0.6539812088012695
Car 0.0 0 -1.5554327964782715 644.0206298828125 175.39065551757812 669.2779541015625 198.79786682128906 3.9589133 1.454241 1.583649 3.0555005 1.6280649 47.30253 -1.4909275770187378 0.6504480242729187
Car 0.0 0 0.8579756021499634 0.0 194.17730712890625 107.25048828125 375.0 3.7364528 1.5300303 1.6090351 -6.3604608 1.7189946 5.5638456 0.0058705806732177734 0.624565839767456
Car 0.0 0 1.6870757341384888 503.3236999511719 180.22486877441406 544.3717041015625 209.924072265625 4.032196 1.4098123 1.6491108 -4.4298277 1.8115205 37.267776 1.5687659978866577 0.5224090218544006
