Car 0.0 0 -1.5686709880828857 556.9654541015625 175.6444854736328 621.5109252929688 233.46075439453125 3.8641324 1.4282871 1.5958878 -0.55318254 1.1929721 19.706871 -1.5967341661453247 0.9553900957107544
Car 0.0 0 -1.3638558387756348 411.3456115722656 181.86631774902344 514.6329956054688 246.39805603027344 3.979556 1.3685956 1.6305517 -3.3774033 1.298693 17.242407 -1.5572845935821533 0.9366202354431152
Car 0.0 0 1.8823909759521484 260.43841552734375 196.40512084960938 474.28436279296875 314.4585876464844 4.3705673 1.3262811 1.676204 -3.3019602 1.527932 10.683421 1.58263099193573 0.8604456782341003
Car 0.0 0 1.9610494375228882 270.92230224609375 175.54409790039062 382.46539306640625 230.33023071289062 3.8997955 1.4004986 1.5631888 -7.8478045 1.1543947 20.338964 1.5927999019622803 0.8012468218803406
Car 0.0 0 -1.2083532810211182 342.9839172363281 169.00135803222656 398.7926940917969 197.3897247314453 3.6883845 1.4645505 1.6742651 -12.7988 0.6291871 38.9619 -1.5257433652877808 0.6234840154647827
Car 0.0 0 1.8174035549163818 395.71917724609375 175.52761840820312 455.9738464355469 208.5368194580078 4.2064824 1.400518 1.6705765 -8.196621 0.99060273 32.599384 1.5710749626159668 0.6050347089767456
Car 0.0 0 -1.4154078960418701 471.22021484375 172.60118103027344 538.8099975585938 219.79916381835938 4.198808 1.4646512 1.6372035 -3.4328403 1.0743277 24.41581 -1.555091381072998 0.5720508694648743
Car 0.0 0 -1.5275448560714722 531.9690551757812 164.9044952392578 553.887451171875 185.0469970703125 3.9487722 1.5957187 1.6242895 -5.3031235 -0.013183545 58.98867 -1.6172045469284058 0.3741709589958191
Car 0.0 0 -0.46397411823272705 436.80218505859375 167.54779052734375 487.9896545410156 187.240478515625 3.827686 1.5874187 1.676986 -12.083982 0.1643479 59.782124 -0.6634204983711243 0.2993684709072113
Car 0.0 0 1.7479674816131592 452.28399658203125 169.2993927001953 488.830322265625 192.97853088378906 3.7290795 1.4399183 1.6463155 -8.677162 0.4731863 45.582977 1.5598584413528442 0.251311331987381
