Pedestrian 0.0 0 -3.084196090698242 682.8727416992188 146.29025268554688 747.5794067382812 256.69952392578125 1.0571125 1.8144165 0.53660184 1.8315285 1.2538805 11.986489 -2.9325695037841797 0.6561628580093384
Pedestrian 0.0 0 1.000715732574463 400.603759765625 153.98182678222656 467.91162109375 282.2464294433594 0.73006666 1.7240174 0.6276131 -2.459224 1.3692553 9.97743 0.7590539455413818 0.6411330699920654
Pedestrian 0.0 0 -2.458259105682373 371.8281555175781 159.8322296142578 440.9609375 263.6228332519531 0.98235387 1.6960318 0.58442223 -3.4165242 1.3599541 12.011354 -2.7353813648223877 0.40188148617744446
Pedestrian 0.0 0 0.9594404697418213 414.704833984375 170.63479614257812 476.0946960449219 283.1388244628906 0.7490638 1.6642238 0.6044252 -2.5155551 1.5199546 10.929307 0.7332143783569336 0.23308065533638
Pedestrian 0.0 0 -3.544637441635132 912.7459716796875 133.55722045898438 980.4066162109375 244.6534423828125 0.8682022 1.8272935 0.58296496 5.708133 1.0568374 11.934369 -3.0985052585601807 0.17363868653774261
Cyclist 0.0 0 -3.283240795135498 675.8048095703125 154.3382568359375 760.3218383789062 257.53070068359375 1.3473351 1.7083303 0.5618721 1.8557959 1.2768787 11.989026 -3.1296684741973877 0.4694327712059021
Cyclist 0.0 0 -1.603058934211731 520.7054443359375 165.01332092285156 530.422607421875 194.4988555908203 1.4041698 1.692645 0.5172189 -4.653633 0.8049983 41.315845 -1.7152217626571655 0.24428078532218933
Cyclist 0.0 0 -1.9817135334014893 948.4828491210938 144.92779541015625 993.5753784179688 206.06842041015625 1.7396741 1.7025121 0.50726837 10.588282 0.7135502 20.567776 -1.5062965154647827 0.21660596132278442
Cyclist 0.0 0 -2.669119119644165 355.69189453125 160.4566192626953 442.5923767089844 266.9160461425781 1.2990366 1.7397997 0.5568644 -3.5144143 1.4138958 11.943806 -2.9552884101867676 0.21153201162815094
Cyclist 0.0 0 -0.9871293306350708 34.74171447753906 171.3759002685547 72.53489685058594 211.4518585205078 1.7009981 1.7509187 0.4829528 -24.760992 1.3537575 31.75284 -1.6494337320327759 0.16499866545200348
Cyclist 0.0 0 -2.7750017642974854 303.3453369140625 167.7523193359375 380.09271240234375 241.07888793945312 1.5898006 1.6864051 0.55679625 -6.185567 1.3948349 16.541473 -3.132845401763916 0.16031937301158905
Cyclist 0.0 0 2.015319347381592 89.88276672363281 152.5021209716797 159.01162719726562 245.71078491210938 1.5285583 1.7856519 0.5588695 -9.751344 1.2509141 14.338263 1.4180796146392822 0.15838801860809326
Car 0.0 0 -1.0830674171447754 0.0 193.31874084472656 384.559326171875 370.0 3.7962809 1.3958656 1.5950676 -3.166664 1.5349007 5.6548634 -1.5935477018356323 0.9250586032867432
Car 0.0 0 1.707156777381897 453.4231872558594 170.45501708984375 486.11590576171875 194.0074005126953 3.9512217 1.4737325 1.5798945 -8.8006735 0.84653914 46.250637 1.5191224813461304 0.5529242157936096
Car 0.0 0 2.196103572845459 20.187515258789062 172.2930450439453 115.19477844238281 205.6747589111328 3.8794162 1.4934405 1.6308308 -25.411142 1.1277394 33.584682 1.5483733415603638 0.4099859595298767
Car 0.0 0 -0.7652376890182495 1094.4449462890625 151.46852111816406 1192.427001953125 178.67002868652344 4.3395896 1.4319035 1.5939993 29.195234 -0.100691736 38.39609 -0.11513277888298035 0.2878974974155426
Car 0.0 0 -0.8802688121795654 0.0 164.679931640625 135.84835815429688 263.2990417480469 3.893076 1.508325 1.6771654 -10.634902 1.2680248 12.759089 -1.5751147270202637 0.23689113557338715
Car 0.0 0 3.299978017807007 192.00440979003906 185.60707092285156 491.9284973144531 300.40777587890625 3.8595345 1.478907 1.5914336 -3.6751819 1.5634599 10.338181 2.9584155082702637 0.15137343108654022
