Pedestrian 0.0 0 -1.691718578338623 456.3262023925781 174.07015991210938 498.6580505371094 266.259033203125 1.0128735 1.6937963 0.67788815 -2.6074264 1.7184973 13.854762 -1.8777399063110352 0.4514135420322418
Pedestrian 0.0 0 1.2367956638336182 349.69952392578125 139.8296661376953 448.753662109375 333.52069091796875 1.1020825 1.8066082 0.6361427 -2.223951 1.4989394 7.3600464 0.9433534145355225 0.33774855732917786
Pedestrian 0.0 0 1.2554693222045898 253.7621612548828 179.6022491455078 354.5190734863281 375.0 0.94821465 1.7590096 0.62235653 -3.005936 1.8294812 6.9327016 0.8463470935821533 0.24477557837963104
Pedestrian 0.0 0 -0.03468698263168335 975.4094848632812 153.4320068359375 1092.879150390625 316.651123046875 1.1078091 1.7254937 0.6356375 4.7096524 1.5205293 8.165676 0.48847055435180664 0.2197386622428894
Pedestrian 0.0 0 -0.7635051012039185 1149.7169189453125 150.67428588867188 1191.9522705078125 204.34519958496094 1.1033887 1.8176373 0.501398 19.181374 1.0668498 24.7397 -0.10399040579795837 0.16402173042297363
Cyclist 0.0 0 -2.0207467079162598 1166.89892578125 160.959228515625 1235.3607177734375 233.2427215576172 1.9214089 1.6962554 0.5269687 14.59139 1.4174824 17.92496 -1.3375113010406494 0.19336026906967163
Cyclist 0.0 0 0.46164923906326294 431.384521484375 174.18850708007812 514.0594482421875 268.30780029296875 1.3939627 1.7112035 0.64201814 -2.63731 1.7376832 13.625292 0.27045369148254395 0.14857538044452667
Car 0.0 0 2.0396151542663574 150.79710388183594 191.12420654296875 356.0467834472656 283.0697326660156 4.581115 1.4177338 1.730337 -6.8229766 1.8401275 14.353006 1.5958656072616577 0.9228489398956299
Car 0.0 0 2.2786145210266113 1180.1470947265625 159.48793029785156 1242.0 226.23085021972656 3.9601862 1.527716 1.5473013 16.27161 1.2221308 17.507065 3.027454137802124 0.5337646007537842
Car 0.0 0 2.5173916816711426 479.1000061035156 179.41033935546875 620.0372924804688 228.70269775390625 4.321425 1.3959478 1.6627728 -1.8977525 1.6238825 23.007462 2.435093641281128 0.36590495705604553
Car 0.0 0 2.3664135932922363 1139.423828125 141.66629028320312 1242.0 198.73719787597656 4.467803 1.9164346 1.7473458 21.305342 0.86951256 25.264116 3.0670077800750732 0.19011381268501282
Car 0.0 0 1.047738790512085 1007.54833984375 161.9516143798828 1064.3427734375 184.9301300048828 4.0498214 1.5396103 1.5990394 29.629635 0.80948424 50.37359 1.5794349908828735 0.17647096514701843
Car 0.0 0 1.77010178565979 395.7130432128906 191.80995178222656 519.3199462890625 285.039306640625 3.5058713 1.4708713 1.64103 -2.8284278 1.8812393 13.849141 1.5686410665512085 0.142344132065773
Car 0.0 0 1.8351929187774658 548.550537109375 177.1656036376953 595.669677734375 207.55508422851562 4.15006 1.5229889 1.5091993 -2.0213616 1.7692777 38.965813 1.7833640575408936 0.11787935346364975
