Pedestrian 0.0 0 0.360477089881897 324.9817810058594 171.09483337402344 336.6104431152344 192.24778747558594 0.7595427 1.7946441 0.60797644 -23.826763 1.6457515 61.52084 -0.009029658511281013 0.12625311315059662
Car 0.0 0 2.264838695526123 0.0 193.24542236328125 141.37728881835938 249.58175659179688 3.8728988 1.4225962 1.5723742 -16.202963 2.0898309 21.620325 1.6217013597488403 0.9310057163238525
Car 0.0 0 1.9979689121246338 334.2276611328125 185.96908569335938 389.8009033203125 211.81076049804688 4.3480024 1.4856942 1.7022265 -15.764457 2.3631659 46.00625 1.667848825454712 0.778265655040741
Car 0.0 0 -0.976770281791687 309.4231262207031 178.04632568359375 366.0977783203125 200.53465270996094 4.264954 1.4825083 1.6313107 -19.150095 1.8652604 50.872208 -1.3367986679077148 0.3185760974884033
Car 0.0 0 -0.4403652548789978 780.6751708984375 162.4578399658203 836.254638671875 184.85679626464844 3.7882614 1.6887007 1.6347955 15.229247 0.9052718 55.526066 -0.1726759672164917 0.27995407581329346
Car 0.0 0 1.895517110824585 349.96563720703125 174.16976928710938 387.83013916015625 193.9387664794922 3.804246 1.5316261 1.769578 -19.375296 1.6413329 58.057217 1.5734117031097412 0.24762018024921417
Car 0.0 0 -1.2392895221710205 124.50054168701172 166.37033081054688 178.24380493164062 193.4370574951172 3.5433302 1.541777 1.6402371 -27.303026 1.1728119 43.01112 -1.8048979043960571 0.20507508516311646
Car 0.0 0 -0.6304922103881836 800.8464965820312 163.88265991210938 861.7389526367188 187.18560791015625 3.948852 1.6183316 1.6428372 15.770627 0.99565125 51.52868 -0.333489328622818 0.16462017595767975
Car 0.0 0 -0.9270768165588379 193.0939178466797 171.5460968017578 240.68601989746094 191.84092712402344 3.8926868 1.7218848 1.6615013 -34.429283 1.611275 63.26119 -1.4254871606826782 0.14934608340263367
Car 0.0 0 2.878239393234253 770.2200317382812 163.65475463867188 828.456787109375 183.6996612548828 4.1880627 1.5684793 1.6443405 14.977963 0.849012 57.29451 3.1339375972747803 0.1244981586933136
Car 0.0 0 2.16049861907959 379.3027038574219 175.63449096679688 418.0255432128906 193.81784057617188 3.4707747 1.535513 1.6084219 -18.555141 1.7875262 63.40516 1.87580406665802 0.10785064846277237
Car 0.0 0 1.6292098760604858 466.48846435546875 187.74371337890625 490.534423828125 207.31858825683594 3.790608 1.3763053 1.6102686 -10.147076 2.567364 55.71818 1.4490697383880615 0.10497187077999115
