Pedestrian 0.0 0 -2.9515793323516846 652.360107421875 169.99313354492188 665.7076416015625 190.4221954345703 1.1201718 1.8237079 0.50919974 4.3843827 1.5686752 64.79801 -2.8840200901031494 0.1926247477531433
Cyclist 0.0 0 -1.8108906745910645 753.4287719726562 165.64840698242188 767.5556030273438 193.61843872070312 1.2224882 1.6897066 0.57144624 9.182214 1.2547648 44.207226 -1.606094241142273 0.16816729307174683
Car 0.0 0 2.1076202392578125 103.91559600830078 194.00950622558594 269.28460693359375 267.0777893066406 3.671982 1.3855087 1.6156639 -9.580009 1.9266465 16.594748 1.584065556526184 0.9427238702774048
Car 0.0 0 2.025136709213257 218.89109802246094 185.6832275390625 320.0931396484375 235.10968017578125 4.215275 1.5641565 1.610937 -12.193205 2.0654993 26.052782 1.5873994827270508 0.8288360238075256
Car 0.0 0 -1.5607601404190063 602.5341186523438 176.9639129638672 627.9093627929688 200.00123596191406 3.8334782 1.3932128 1.5592986 0.3203797 1.6680269 46.251385 -1.5538333654403687 0.7596400380134583
Car 0.0 0 -0.8435746431350708 737.3231201171875 167.3708038330078 791.3389892578125 191.07003784179688 3.554165 1.5658453 1.6794714 10.550936 1.2039201 49.398823 -0.6331496238708496 0.5599783062934875
Car 0.0 0 1.8757063150405884 458.8089904785156 183.00027465820312 495.0825500488281 204.71408081054688 3.926404 1.5564401 1.6515305 -10.247882 2.368659 55.682003 1.6937000751495361 0.5387104153633118
Car 0.0 0 2.729750156402588 723.7720336914062 166.3260955810547 771.8175659179688 185.91421508789062 3.6052618 1.6151773 1.6643394 11.557002 1.0772638 60.704388 2.9178805351257324 0.491272509098053
Car 0.0 0 -1.8377318382263184 912.3714599609375 163.85472106933594 959.5250854492188 187.31997680664062 4.436861 1.4660947 1.7035933 21.307896 0.9041827 47.40209 -1.4152822494506836 0.39244937896728516
Car 0.0 0 2.768368721008301 714.6314086914062 168.81027221679688 763.679443359375 186.9907989501953 3.925934 1.5739747 1.6555175 11.360026 1.2242467 63.659454 2.944959878921509 0.1991930454969406
Car 0.0 0 1.5321910381317139 726.150390625 171.52597045898438 749.513671875 190.77804565429688 4.164372 1.422735 1.6028324 9.770422 1.3249495 55.490555 1.706478238105774 0.17639987170696259
