Pedestrian 0.0 0 -1.8367305994033813 631.074462890625 166.47975158691406 678.6270751953125 264.0119934082031 0.9944825 1.742201 0.64011705 0.94068617 1.4751685 13.378869 -1.7665348052978516 0.8457836508750916
Pedestrian 0.0 0 -1.932676076889038 666.900146484375 167.0162811279297 717.1028442382812 265.3919372558594 0.91423845 1.7503347 0.6362541 1.6236464 1.4939077 13.297971 -1.8111801147460938 0.8133525848388672
Pedestrian 0.0 0 -1.946128487586975 654.5852661132812 169.28497314453125 696.3500366210938 248.9892578125 1.0332745 1.7478973 0.60453874 1.6351833 1.4812464 16.329699 -1.8463256359100342 0.7195602655410767
Pedestrian 0.0 0 -1.8306502103805542 608.3844604492188 171.53736877441406 636.8456420898438 231.19117736816406 1.1209916 1.7571651 0.5911136 0.6044434 1.4648356 21.770144 -1.8028925657272339 0.5474663376808167
Pedestrian 0.0 0 -2.181217670440674 686.663330078125 168.05564880371094 734.6001586914062 248.124755859375 0.9856519 1.7320918 0.6053997 2.4032547 1.442483 16.11284 -2.0331575870513916 0.43360647559165955
Pedestrian 0.0 0 -2.197612762451172 417.4129333496094 176.27696228027344 461.0579528808594 241.86544799804688 0.97286284 1.6388564 0.64900655 -4.2155313 1.5095334 18.51111 -2.4215240478515625 0.2638709247112274
Pedestrian 0.0 0 -2.8229105472564697 486.06170654296875 174.47531127929688 518.90478515625 226.4288330078125 0.9587743 1.7233077 0.5959447 -3.3543024 1.4913824 24.204079 -2.9606175422668457 0.2579110860824585
Pedestrian 0.0 0 0.6778076887130737 398.27679443359375 178.19276428222656 435.67919921875 240.66622924804688 0.7668969 1.643198 0.60215306 -4.9912863 1.5573786 19.323671 0.4250335693359375 0.18458503484725952
Cyclist 0.0 0 -2.996683359146118 636.8375854492188 163.27183532714844 704.0857543945312 262.4090881347656 1.163872 1.7743044 0.61247694 1.2442806 1.449338 13.28869 -2.9033210277557373 0.29987895488739014
Cyclist 0.0 0 -1.7670620679855347 603.3950805664062 172.62847900390625 634.4302368164062 234.69989013671875 1.6665566 1.8165689 0.62755704 0.4883479 1.5580693 21.895039 -1.7447617053985596 0.2692367434501648
Cyclist 0.0 0 1.5740303993225098 511.9145202636719 173.44833374023438 527.71630859375 217.47642517089844 1.4279714 1.7153212 0.61253566 -3.2810357 1.4026453 28.7269 1.4603084325790405 0.16005848348140717
Cyclist 0.0 0 -1.485575795173645 495.564208984375 175.93829345703125 517.4324951171875 227.17906188964844 1.4805517 1.691896 0.6177277 -3.2469647 1.5093428 24.46965 -1.6174986362457275 0.15774568915367126
Cyclist 0.0 0 -1.946128487586975 654.5852661132812 169.28497314453125 696.3500366210938 248.9892578125 1.0332745 1.7478973 0.60453874 1.6351833 1.4812464 16.329699 -1.8463256359100342 0.13069897890090942
Car 0.0 0 1.6781634092330933 536.8740234375 179.96102905273438 573.73486328125 209.7836151123047 3.8332984 1.5182195 1.5720599 -2.4290853 1.4407411 38.51629 1.6151803731918335 0.9150402545928955
Car 0.0 0 1.9755916595458984 0.0 230.18275451660156 386.8370666503906 374.0 4.326058 1.3053955 1.6337547 -3.2585938 1.8853474 6.3192577 1.499493956565857 0.2445966899394989
Car 0.0 0 2.784029960632324 734.2173461914062 153.5996856689453 827.440673828125 189.2863311767578 4.2887807 1.7694106 1.7247893 9.1235075 0.38694555 36.71451 3.027595043182373 0.23944129049777985
Car 0.0 0 2.1438558101654053 366.4449462890625 184.38955688476562 507.0299987792969 249.32015991210938 4.1541324 1.5146307 1.662131 -4.2694635 1.6019502 19.188501 1.9249210357666016 0.16818207502365112
Car 0.0 0 -1.6136482954025269 646.9429321289062 172.96041870117188 686.7385864257812 209.510498046875 3.80051 1.5654006 1.6298456 2.9117336 1.2006269 32.69859 -1.5248348712921143 0.1653272956609726
Car 0.0 0 -1.0218302011489868 599.7138671875 176.1463623046875 701.4912719726562 226.90647888183594 3.6093862 1.4979029 1.6247017 1.6284008 1.3410494 23.136154 -0.9515626430511475 0.1484432816505432
