Pedestrian 0.0 0 -2.3790249824523926 1151.0074462890625 159.7310028076172 1201.0958251953125 219.15289306640625 1.0176562 1.6274724 0.5386621 15.865191 1.2684122 20.301418 -1.7156779766082764 0.1447252482175827
Pedestrian 0.0 0 -0.686310350894928 939.3702392578125 161.63063049316406 977.175537109375 208.2113037109375 1.2015119 1.720777 0.54894495 13.016356 1.3065227 27.060555 -0.23797102272510529 0.12468954920768738
Pedestrian 0.0 0 -0.6694634556770325 1126.8780517578125 142.90684509277344 1160.1656494140625 194.06866455078125 0.7736156 1.8470563 0.5977673 19.441576 0.7662548 26.35822 -0.03395171836018562 0.12344398349523544
Pedestrian 0.0 0 -1.740411400794983 830.771484375 159.48992919921875 851.634765625 210.838134765625 0.4691393 1.7676255 0.6203007 7.9986997 1.3079345 25.11089 -1.4320378303527832 0.10789793729782104
Cyclist 0.0 0 -2.1385343074798584 937.0101318359375 158.27859497070312 977.685791015625 208.19602966308594 1.5617529 1.821618 0.6361448 13.003245 1.2900814 27.141611 -1.6917550563812256 0.20530210435390472
Cyclist 0.0 0 -3.582179546356201 1137.363525390625 152.76007080078125 1205.5086669921875 216.3689727783203 1.397712 1.742214 0.5636864 15.641802 1.1922101 20.186504 -2.9229543209075928 0.13875599205493927
Car 0.0 0 -1.7535204887390137 678.50537109375 181.63600158691406 781.57177734375 250.25965881347656 4.1395535 1.359489 1.6143296 2.6196556 1.5912776 16.919424 -1.5999089479446411 0.9547780156135559
Car 0.0 0 -0.9253352284431458 1091.570556640625 172.0565948486328 1242.0 312.7803039550781 4.1001196 1.4655786 1.5227057 8.111876 1.4576318 8.608252 -0.16961568593978882 0.22452014684677124
Car 0.0 0 -1.6722625494003296 673.5559692382812 182.75836181640625 735.584228515625 230.60516357421875 3.9112036 1.4007148 1.6283687 3.004318 1.7564414 23.911808 -1.5472759008407593 0.1419754922389984
Car 0.0 0 -1.301236629486084 385.70361328125 161.26551818847656 440.57232666015625 196.98973083496094 3.4761055 1.5717716 1.5882736 -9.109895 1.0622666 33.484173 -1.5668728351593018 0.10927028208971024
