Pedestrian 0.0 0 2.927865982055664 701.2825927734375 166.7718505859375 711.9599609375 186.79673767089844 0.84601337 1.8298076 0.68479085 8.857598 1.2743981 66.30448 3.060669422149658 0.19298075139522552
Car 0.0 0 -1.7095720767974854 677.8710327148438 184.86805725097656 772.1668090820312 253.60777282714844 3.8842626 1.3762852 1.6437165 2.54548 1.6934572 17.074778 -1.5615836381912231 0.8815795183181763
Car 0.0 0 1.785388708114624 403.4946594238281 179.4747772216797 512.306884765625 253.16415405273438 4.0459414 1.4760323 1.6443783 -3.4500387 1.6496725 16.848518 1.5834126472473145 0.840055525302887
Car 0.0 0 1.3781542778015137 645.4935302734375 180.71246337890625 707.4287719726562 221.29847717285156 3.9681122 1.3838838 1.5983751 2.404854 1.7056789 27.453552 1.4655284881591797 0.8281984925270081
Car 0.0 0 2.0092363357543945 78.85548400878906 183.953369140625 403.7827453613281 375.0 3.6243265 1.5268846 1.5134165 -3.476428 1.6704237 7.489975 1.5746827125549316 0.8280830383300781
Car 0.0 0 1.2159489393234253 737.0665893554688 186.05465698242188 1044.6998291015625 369.2320251464844 4.2735558 1.4465559 1.6852788 2.6802132 1.6361755 8.174892 1.5327646732330322 0.8214805722236633
Car 0.0 0 1.6446481943130493 491.50933837890625 179.94186401367188 540.236572265625 218.4166259765625 3.8181727 1.3575201 1.6056187 -3.646113 1.6533391 28.124535 1.5157254934310913 0.7176089286804199
Car 0.0 0 -1.625253438949585 642.385498046875 175.72573852539062 681.8134155273438 209.29225158691406 4.039879 1.4498471 1.5971891 2.3272681 1.5917997 33.541985 -1.5559806823730469 0.522815465927124
Car 0.0 0 1.4428222179412842 697.4957275390625 163.9514923095703 731.4833374023438 190.34523010253906 3.8305771 1.5929056 1.6360613 6.5076766 1.0559821 45.46995 1.5849772691726685 0.2596896290779114
Car 0.0 0 -1.7162591218948364 675.4154052734375 182.92153930664062 746.8645629882812 235.85116577148438 3.7448683 1.447908 1.6416792 2.9925392 1.7861875 22.333603 -1.5830597877502441 0.18291401863098145
