Pedestrian 0.0 0 2.38258695602417 0.0 150.37252807617188 136.97557067871094 375.0 0.85407305 1.7690127 0.56082463 -4.556635 1.5981157 5.959696 1.7298229932785034 0.2668406367301941
Pedestrian 0.0 0 0.3804747462272644 282.2206726074219 161.91171264648438 301.1423034667969 195.25257873535156 0.7790367 1.807867 0.6017656 -17.430855 1.214893 39.436344 -0.03570627421140671 0.18558982014656067
Car 0.0 0 -1.7067439556121826 638.7401733398438 173.78048706054688 699.3405151367188 222.34658813476562 3.7729073 1.5547587 1.585415 1.9323901 1.589828 25.09965 -1.6299067735671997 0.8697808980941772
Car 0.0 0 -1.742613434791565 681.2586669921875 177.04600524902344 816.8391723632812 279.0730895996094 3.9354787 1.49104 1.6226233 2.2055144 1.5764693 12.671801 -1.5702906847000122 0.8582853674888611
Car 0.0 0 -1.436139702796936 488.3693542480469 177.16952514648438 545.6974487304688 220.6779327392578 3.6276221 1.4475151 1.5895685 -3.345998 1.6153773 26.183414 -1.5632416009902954 0.8363643288612366
Car 0.0 0 3.6598198413848877 92.03865051269531 181.2234649658203 297.1741027832031 251.32814025878906 3.7068346 1.482464 1.5819149 -9.287052 1.6804092 16.238007 3.140293598175049 0.7714033722877502
Car 0.0 0 2.3082165718078613 0.0 221.6772918701172 288.0155944824219 375.0 4.208825 1.2852105 1.6663144 -3.438898 1.6771998 3.6676915 1.5550018548965454 0.7129367589950562
Car 0.0 0 3.8056390285491943 0.0 189.54995727539062 176.40756225585938 313.0938720703125 4.117164 1.4972137 1.5188645 -8.498762 1.745023 9.832401 3.092865467071533 0.48483166098594666
Car 0.0 0 -1.670782208442688 621.122314453125 175.98855590820312 665.86181640625 214.18182373046875 3.8034737 1.5568757 1.5766627 1.3722676 1.7032788 31.671688 -1.6274813413619995 0.3082510530948639
Car 0.0 0 -1.3735651969909668 491.91497802734375 173.9713134765625 548.180419921875 213.5623779296875 4.2582426 1.6178381 1.6556059 -3.9235773 1.6708112 31.79007 -1.4963656663894653 0.20144839584827423
Car 0.0 0 0.3351652920246124 288.00628662109375 169.95321655273438 337.581298828125 186.94715881347656 3.8440397 1.5281605 1.6810554 -27.102606 1.2676677 65.82636 -0.055410999804735184 0.1860159933567047
Car 0.0 0 0.4591337740421295 0.0 171.9958953857422 108.40140533447266 250.00523376464844 4.1823964 1.6226547 1.6709061 -14.152501 1.6051635 16.341036 -0.25461676716804504 0.1671016663312912
