Pedestrian 0.0 0 1.7156223058700562 359.2552490234375 171.8579864501953 415.8919677734375 300.9848937988281 1.5545839 1.7233132 0.56864005 -3.2404084 1.7103782 10.4388685 1.4146356582641602 0.16203339397907257
Cyclist 0.0 0 1.6985034942626953 358.84161376953125 171.0991973876953 416.17828369140625 299.72491455078125 1.6247923 1.7164471 0.5974983 -3.2512608 1.6933877 10.477542 1.397617220878601 0.8093818426132202
Car 0.0 0 -1.7069915533065796 637.7800903320312 180.76690673828125 707.4192504882812 230.1484832763672 4.2184215 1.3430549 1.5737671 1.803238 1.6133378 22.460299 -1.626877784729004 0.9843860268592834
Car 0.0 0 2.3877382278442383 958.264404296875 175.6184539794922 1242.0 364.7287292480469 4.218313 1.5136626 1.7739207 5.753327 1.5438756 6.795584 3.09027099609375 0.9254797101020813
Car 0.0 0 -1.5972017049789429 621.4603881835938 174.867431640625 654.6862182617188 203.66600036621094 4.040142 1.4144362 1.6196365 1.3852714 1.5257944 37.747334 -1.5605196952819824 0.7983089685440063
Car 0.0 0 -0.537903904914856 876.1343994140625 158.46302795410156 1242.0 299.221923828125 3.909225 1.609922 1.681304 5.571285 1.4456838 9.111685 0.010887861251831055 0.6133890151977539
Car 0.0 0 0.4309405982494354 198.11181640625 182.73748779296875 393.8252868652344 254.4495086669922 3.764827 1.5289911 1.6228354 -7.1158 1.7667222 16.471752 0.023155689239501953 0.5143592357635498
Car 0.0 0 -2.896709680557251 384.6125793457031 174.5914306640625 483.4826965332031 216.37811279296875 3.7037408 1.6845115 1.651079 -7.299813 1.7591074 29.990454 -3.1354713439941406 0.4389994144439697
Car 0.0 0 2.1845433712005615 1.7478581666946411 161.23121643066406 151.5930633544922 225.97528076171875 3.4296641 1.640587 1.664888 -14.661064 1.3464286 20.0107 1.5522316694259644 0.4079740047454834
Car 0.0 0 0.5771366953849792 66.6314926147461 165.63916015625 154.01365661621094 193.13314819335938 4.313964 1.7089099 1.7286869 -31.674212 1.260824 45.76985 -0.02822170779109001 0.3896017074584961
Car 0.0 0 0.34854045510292053 326.54937744140625 177.48667907714844 453.3663330078125 225.30076599121094 3.7831542 1.5470678 1.6160887 -7.432853 1.7101009 24.426476 0.05314803123474121 0.37545347213745117
Car 0.0 0 -1.1230055093765259 1134.666259765625 158.95668029785156 1242.0 375.0 4.0159645 1.5426573 1.6939138 5.627239 1.4811106 4.485149 -0.22514425218105316 0.26333364844322205
Car 0.0 0 3.4027557373046875 253.2857666015625 181.6788787841797 428.91204833984375 243.9805908203125 4.055168 1.5313334 1.6135874 -7.0107 1.7762532 19.002863 3.049318552017212 0.2576115131378174
