Pedestrian 0.0 0 -0.4781358242034912 945.023193359375 163.50106811523438 982.8942260742188 221.51731872558594 0.8451211 1.6915106 0.5519158 10.406473 1.4191761 21.320309 -0.024052290245890617 0.3975510895252228
Pedestrian 0.0 0 -0.38035327196121216 826.3265380859375 166.35606384277344 864.2487182617188 225.55528259277344 0.9262171 1.7232419 0.54970586 6.8954015 1.5344505 21.306042 -0.06735560297966003 0.2656345069408417
Pedestrian 0.0 0 0.3823457360267639 526.473388671875 167.17787170410156 538.2918090820312 187.33694458007812 0.9770877 1.8363199 0.4548082 -7.1268764 1.3196309 66.07468 0.2749001979827881 0.10978414118289948
Cyclist 0.0 0 -0.4396609663963318 825.6405639648438 168.4901580810547 866.5121459960938 227.70858764648438 0.99600947 1.7148112 0.5677279 6.895634 1.5888038 21.235144 -0.12567558884620667 0.16076451539993286
Cyclist 0.0 0 -1.9313404560089111 945.5817260742188 161.87815856933594 980.0421142578125 221.31573486328125 1.1067499 1.7133026 0.56017643 10.391346 1.3972795 21.372522 -1.478792667388916 0.1337970346212387
Cyclist 0.0 0 0.6608042120933533 0.0 168.99758911132812 103.21048736572266 311.0491943359375 1.4265596 1.7893723 0.5396806 -7.5424566 1.7411523 9.368162 -0.017048440873622894 0.10007121413946152
Car 0.0 0 3.5028843879699707 158.05642700195312 177.09646606445312 331.28973388671875 238.17913818359375 3.6733625 1.4779983 1.5116947 -9.319087 1.592877 18.530762 3.0369207859039307 0.8146567940711975
Car 0.0 0 1.6880680322647095 513.5919799804688 171.82864379882812 560.7236328125 208.90216064453125 4.2037997 1.6120087 1.6955107 -3.3521826 1.5677826 33.487144 1.588296890258789 0.7664653658866882
Car 0.0 0 1.3353612422943115 679.32666015625 168.59584045410156 735.8077392578125 207.2530975341797 3.6591113 1.6262276 1.6829815 4.254404 1.4474537 32.25802 1.4664912223815918 0.6364599466323853
Car 0.0 0 -1.4385825395584106 482.36883544921875 165.05813598632812 513.4188842773438 190.00794982910156 3.3997536 1.697389 1.7289352 -7.885647 1.1673766 50.80333 -1.592572808265686 0.2486530840396881
Car 0.0 0 0.020152974873781204 530.9712524414062 168.63232421875 579.0128173828125 185.39999389648438 4.4310527 1.5477855 1.6843014 -5.149129 1.1584492 67.56539 -0.05590955540537834 0.19615811109542847
