Pedestrian 0.0 0 -1.7519208192825317 620.4126586914062 175.787109375 637.0910034179688 212.5994873046875 1.0305704 1.7090008 0.6115647 0.84298813 1.8504136 34.1397 -1.7272335290908813 0.18219101428985596
Pedestrian 0.0 0 -0.6798771619796753 1193.6180419921875 154.4696502685547 1242.0 245.01223754882812 0.8750679 1.7423079 0.6456654 12.14951 1.3888963 14.21643 0.02728748321533203 0.13594847917556763
Pedestrian 0.0 0 -1.6139466762542725 599.5770263671875 172.74925231933594 615.5853271484375 212.85684204101562 1.1840461 1.8594391 0.7029952 -0.1595994 1.8549412 34.056828 -1.6186329126358032 0.11136724054813385
Cyclist 0.0 0 1.761408805847168 106.25697326660156 205.88816833496094 141.38047790527344 275.7327575683594 1.3394701 1.878523 0.6001326 -14.067582 2.8663251 20.831408 1.1674487590789795 0.1640104204416275
Car 0.0 0 -0.5374953150749207 1064.4814453125 161.33029174804688 1242.0 246.48721313476562 4.2061663 1.5477422 1.6408786 11.578595 1.3386549 14.228199 0.14559054374694824 0.7389935851097107
Car 0.0 0 3.6671295166015625 109.22989654541016 162.24057006835938 192.90667724609375 188.27316284179688 4.028038 1.556143 1.6457529 -27.989008 0.92206514 44.032505 3.100912570953369 0.3267192542552948
Car 0.0 0 -2.325746536254883 0.0 192.0179901123047 149.7984619140625 248.9778289794922 3.8312006 1.5387185 1.602456 -15.990699 2.1362474 21.361698 -2.9683308601379395 0.21184085309505463
Car 0.0 0 1.6984786987304688 497.5893859863281 182.25823974609375 526.2747802734375 202.94004821777344 4.1670685 1.4518632 1.6367253 -7.411529 2.191624 54.638573 1.563655138015747 0.18744798004627228
Car 0.0 0 1.966904878616333 204.14996337890625 164.7241973876953 268.8085021972656 196.82943725585938 4.112811 1.6401212 1.6405569 -20.118061 1.225162 38.973213 1.4903795719146729 0.15221846103668213
Car 0.0 0 -0.18196353316307068 575.8302612304688 173.49557495117188 616.1804809570312 191.67596435546875 3.541047 1.6710219 1.6203969 -1.3410052 1.7324629 67.54591 -0.20181415975093842 0.14507877826690674
Car 0.0 0 -1.5495175123214722 580.5587768554688 187.98175048828125 611.1669311523438 217.50299072265625 3.8321455 1.4122785 1.5477546 -0.74903935 2.2579422 38.39776 -1.5690224170684814 0.1405755579471588
Car 0.0 0 -1.3427053689956665 1214.28955078125 124.28135681152344 1242.0 375.0 4.220064 1.519012 1.621713 5.356845 1.3667254 3.818996 -0.3912528455257416 0.12844829261302948
Car 0.0 0 2.370145320892334 27.681718826293945 167.07904052734375 105.33702087402344 195.6111297607422 3.8930855 1.7202024 1.6138144 -34.24466 1.3723869 45.546436 1.72545325756073 0.10070087760686874
