Pedestrian 0.0 0 2.188466787338257 0.0 152.5045166015625 62.02849197387695 293.52227783203125 0.87400144 1.7511772 0.59096324 -7.816018 1.4988323 9.415362 1.4956191778182983 0.14897212386131287
Pedestrian 0.0 0 2.2523627281188965 1122.4837646484375 151.8103485107422 1144.41845703125 186.71141052246094 0.8591297 1.9257145 0.57686085 29.127192 0.7649601 40.199036 2.87939190864563 0.1105506494641304
Car 0.0 0 1.772320032119751 406.9607849121094 181.19590759277344 450.475830078125 210.18115234375 3.4706 1.4108286 1.5548003 -9.506969 1.869867 37.90303 1.526566505432129 0.8491995334625244
Car 0.0 0 -1.545488953590393 590.6536865234375 175.26934814453125 616.5928344726562 197.8881072998047 4.0628734 1.4267188 1.624993 -0.41842216 1.5945807 47.99089 -1.5542075634002686 0.789159893989563
Car 0.0 0 1.4391191005706787 833.1279907226562 160.06881713867188 866.1133422851562 183.55215454101562 4.042316 1.5895106 1.6881148 16.853174 0.7244811 50.978924 1.758399486541748 0.33488139510154724
Car 0.0 0 -0.465709388256073 665.6746215820312 170.05616760253906 740.7520141601562 201.2336883544922 3.5603292 1.5853189 1.6629161 4.870741 1.4434121 38.061424 -0.33843064308166504 0.2932245433330536
Car 0.0 0 -0.3394958972930908 695.9541015625 166.2325439453125 759.5849609375 189.2811279296875 4.274572 1.6497182 1.7115511 8.580907 1.1761408 52.863617 -0.17857782542705536 0.21267375349998474
Car 0.0 0 -1.6779276132583618 733.416748046875 165.0725555419922 758.2293701171875 184.24623107910156 4.0630946 1.586383 1.6571978 11.57305 0.94292283 61.785522 -1.4927631616592407 0.1487320065498352
Car 0.0 0 -1.1893142461776733 345.8741149902344 176.631591796875 391.9693298339844 199.50741577148438 4.169429 1.5421333 1.6885262 -17.162722 1.8231535 51.473705 -1.5111490488052368 0.1437494456768036
Car 0.0 0 -0.5378633737564087 1095.0379638671875 155.21434020996094 1193.7601318359375 184.3803253173828 4.038215 1.5499101 1.6817278 29.057909 0.61287856 39.374676 0.09790349006652832 0.1250740885734558
Car 0.0 0 1.5659122467041016 632.3118896484375 171.3772430419922 649.9248657226562 187.66139221191406 3.8824015 1.4806479 1.6007077 2.8839335 1.3467304 67.57369 1.6085647344589233 0.12127739191055298
Car 0.0 0 -1.6370514631271362 683.7050170898438 169.32200622558594 705.1624145507812 186.85067749023438 4.063355 1.5247346 1.6439949 7.535673 1.2178614 64.830215 -1.5213336944580078 0.11651748418807983
