Pedestrian 0.0 0 -0.7073487043380737 820.784912109375 152.19122314453125 847.7228393554688 191.3062286376953 1.0704178 1.767387 0.5555007 10.489183 0.48973304 32.404644 -0.39429864287376404 0.17723290622234344
Pedestrian 0.0 0 -0.4551495313644409 1032.9091796875 149.93069458007812 1057.1007080078125 183.5938720703125 0.9568295 1.815609 0.58562666 23.92657 0.16827023 38.469086 0.10126709938049316 0.14912821352481842
Pedestrian 0.0 0 -0.1140533834695816 639.594482421875 163.95375061035156 656.6497802734375 193.28094482421875 1.0330291 1.8589027 0.5182985 2.7460995 0.8114605 45.09755 -0.05323604494333267 0.1480977088212967
Cyclist 0.0 0 1.7870597839355469 389.8111267089844 174.482177734375 409.22314453125 210.84190368652344 1.7310525 1.8117383 0.59689534 -10.4970045 1.5133122 36.109467 1.504157304763794 0.33136627078056335
Cyclist 0.0 0 -3.1683361530303955 639.875 163.9524383544922 660.7325439453125 192.32286071777344 1.3142807 1.7997347 0.54129195 2.8866744 0.7513485 45.14294 -3.104477882385254 0.25684577226638794
Cyclist 0.0 0 -1.863301157951355 812.8406982421875 162.23277282714844 825.3756103515625 183.32354736328125 1.5705316 1.6086621 0.49468842 16.572304 0.2166171 54.709652 -1.5691733360290527 0.14877600967884064
Cyclist 0.0 0 -3.084451198577881 582.7845458984375 167.2183074951172 605.0615234375 193.3014678955078 1.4800138 1.75313 0.508274 -0.7438095 0.8617434 47.802635 -3.1000099182128906 0.12005133181810379
Cyclist 0.0 0 -1.7296366691589355 911.4519653320312 136.72348022460938 933.2291870117188 189.61312866210938 1.3287628 1.7337408 0.46334365 10.67723 0.3002745 23.874043 -1.3090872764587402 0.117092564702034
Car 0.0 0 -1.4630539417266846 520.6597900390625 171.49317932128906 555.32177734375 199.51194763183594 3.7078903 1.5160741 1.5701672 -3.7657235 1.0301248 40.117783 -1.5566463470458984 0.8526541590690613
Car 0.0 0 1.5409806966781616 578.9364013671875 169.99563598632812 604.9078979492188 190.7178497314453 4.232676 1.3952972 1.693936 -0.95430934 0.68931866 49.75829 1.5218040943145752 0.5276958346366882
Car 0.0 0 -1.5112318992614746 638.43896484375 169.2168426513672 665.4844970703125 191.2904815673828 3.7937813 1.4082929 1.5761542 3.1625435 0.68976945 47.085815 -1.444167137145996 0.330575555562973
Car 0.0 0 1.9376652240753174 153.65155029296875 166.29261779785156 201.7149658203125 189.52313232421875 3.875433 1.5621979 1.6033316 -29.900211 0.6081004 49.59043 1.3950845003128052 0.2750827372074127
Car 0.0 0 -0.9248040914535522 758.89453125 159.27757263183594 818.413330078125 183.305419921875 4.0319324 1.5139126 1.7021126 12.094435 0.17810285 46.46292 -0.6701523065567017 0.22858478128910065
Car 0.0 0 2.629857301712036 805.2636108398438 155.23976135253906 889.1409301757812 186.21849060058594 3.9465513 1.6076216 1.6487633 12.931255 0.29817438 37.855843 2.959022283554077 0.2221730351448059
Car 0.0 0 -1.0961601734161377 212.8451690673828 167.5083465576172 259.9518737792969 188.68661499023438 4.0987954 1.6483467 1.6873411 -29.677399 0.63842654 57.079533 -1.575624942779541 0.1709674596786499
Car 0.0 0 -0.7599930763244629 1064.2584228515625 144.5098876953125 1153.9276123046875 178.07000732421875 3.3286433 1.5530423 1.5763786 24.105417 -0.11850208 33.877254 -0.14155633747577667 0.16122077405452728
Car 0.0 0 -0.20798134803771973 874.6507568359375 156.69886779785156 932.7196044921875 178.3383331298828 3.922794 1.6485633 1.6521548 23.317802 -0.17141259 55.281223 0.191178560256958 0.1476614624261856
Car 0.0 0 2.265942096710205 0.0 167.66090393066406 9.693709373474121 197.92543029785156 3.8396885 1.5265281 1.6321049 -34.059338 0.88035697 37.60974 1.5300421714782715 0.14118123054504395
Car 0.0 0 -0.16344818472862244 808.6925659179688 158.53692626953125 867.675048828125 180.3767852783203 4.2129707 1.693038 1.6900271 18.427326 -0.008732017 55.97892 0.15456271171569824 0.13854919373989105
Car 0.0 0 -1.1638010740280151 1155.635498046875 128.38034057617188 1224.0 370.0 4.220071 1.5025517 1.6004393 5.3755827 1.3166839 3.7467728 -0.20171348750591278 0.13242606818675995
Car 0.0 0 2.0906782150268555 488.3531188964844 166.0336456298828 526.7214965820312 185.3951873779297 3.9986534 1.6707975 1.6257263 -8.644355 0.42361954 63.167816 1.9546756744384766 0.12682920694351196
Car 0.0 0 1.7576758861541748 579.4097290039062 167.65399169921875 604.232666015625 183.5863037109375 3.9914477 1.4926401 1.6885885 -1.2136122 0.29028583 68.34527 1.7399206161499023 0.12464457750320435
Car 0.0 0 2.606794595718384 909.1949462890625 138.9727020263672 1044.6275634765625 188.5990447998047 4.146939 1.7725109 1.7224673 13.696054 0.2907988 26.219517 3.0881705284118652 0.12340746819972992
Car 0.0 0 -0.8168611526489258 167.23483276367188 169.9170684814453 218.94927978515625 189.94830322265625 3.7768195 1.6251721 1.6048682 -34.518726 0.7677845 59.379982 -1.3434315919876099 0.11939635127782822
Car 0.0 0 -1.6833239793777466 793.3319702148438 160.29736328125 818.6051025390625 180.5729217529297 3.991046 1.6525382 1.6092383 16.956278 0.0071656145 59.72251 -1.4066860675811768 0.11234915256500244
