Pedestrian 0.0 0 -0.3013269901275635 782.3908081054688 168.15316772460938 878.3848876953125 306.3760681152344 1.044656 1.7054132 0.5743807 2.7358985 1.6477715 9.193161 -0.012072122655808926 0.153788223862648
Pedestrian 0.0 0 -1.9163272380828857 760.5682373046875 169.18838500976562 830.5798950195312 273.1548767089844 1.6620625 1.6882224 0.6471351 3.1436768 1.6290574 12.57299 -1.6713165044784546 0.10651961714029312
Cyclist 0.0 0 -1.7899693250656128 763.9608764648438 166.69491577148438 824.219970703125 272.2851867675781 1.7419752 1.7134345 0.6439365 3.1225579 1.6138474 12.584269 -1.5467497110366821 0.801889955997467
Cyclist 0.0 0 -1.9170886278152466 787.34619140625 161.66685485839844 889.2666625976562 315.3808288574219 1.8671585 1.7588775 0.62385386 2.7935557 1.6312261 9.201885 -1.6223459243774414 0.7788129448890686
Car 0.0 0 2.003647804260254 150.1871337890625 197.4425506591797 442.35028076171875 375.0 3.7198644 1.4303759 1.5473799 -3.2583563 1.775338 8.209811 1.6258291006088257 0.9238884449005127
Car 0.0 0 1.5143840312957764 642.271240234375 179.07447814941406 671.9510498046875 204.58724975585938 3.8734834 1.4871737 1.6207936 2.8625038 1.8917917 44.946434 1.577985167503357 0.8508297801017761
Car 0.0 0 1.7807081937789917 576.7603759765625 181.32510375976562 632.6512451171875 218.26626586914062 3.9824567 1.4654576 1.662075 -0.20414273 1.8630035 31.710169 1.7742705345153809 0.6193336248397827
Car 0.0 0 -1.5799182653427124 757.2457885742188 177.02529907226562 786.4556884765625 202.88473510742188 3.9851003 1.4540929 1.6363066 9.670499 1.7174635 43.37295 -1.3605449199676514 0.5561467409133911
Car 0.0 0 -2.811208724975586 362.2408142089844 176.2636260986328 476.2543029785156 216.37054443359375 3.8988793 1.4569924 1.4537013 -7.194252 1.590086 27.22139 -3.0695879459381104 0.4097866415977478
Car 0.0 0 1.752158761024475 607.6332397460938 176.5465087890625 654.539794921875 214.84780883789062 4.1052604 1.7850559 1.6404831 1.0806323 1.981957 36.224056 1.7819818258285522 0.16357247531414032
Car 0.0 0 1.3822603225708008 722.3504638671875 181.92576599121094 856.1019897460938 280.4784240722656 3.6426177 1.4648268 1.6142616 2.984835 1.6508539 12.9136505 1.609409213066101 0.13069695234298706
Car 0.0 0 -3.299950361251831 715.349609375 164.75550842285156 764.6353149414062 183.00428771972656 4.323845 1.6875964 1.7471361 12.136397 0.9390274 67.63801 -3.122407913208008 0.12342875450849533
