Pedestrian 0.0 0 -2.089449644088745 878.8278198242188 175.5810089111328 934.9547119140625 260.35577392578125 1.0473126 1.5798864 0.5613631 5.706488 1.635405 14.035965 -1.7032994031906128 0.18141713738441467
Pedestrian 0.0 0 -2.591606378555298 324.01824951171875 171.88424682617188 337.5140075683594 193.7985076904297 0.87206584 1.8004966 0.5684228 -23.102154 1.7211777 59.637337 -2.961184024810791 0.12176883220672607
Pedestrian 0.0 0 -2.2995567321777344 226.059814453125 170.8401336669922 240.00067138671875 192.75848388671875 0.93251365 1.8453914 0.57202166 -31.985765 1.6761931 61.178375 -2.781299591064453 0.10018394887447357
Cyclist 0.0 0 1.0923640727996826 1171.3890380859375 169.04307556152344 1197.806396484375 205.10877990722656 1.1438788 1.6729604 0.5048526 27.08894 1.4965429 34.07659 1.7640137672424316 0.10202202200889587
Car 0.0 0 -0.7509837746620178 1159.6363525390625 157.78688049316406 1242.0 185.74453735351562 3.8895106 1.6204606 1.6512358 35.073223 0.74750924 42.766987 -0.0641060620546341 0.22631902992725372
Car 0.0 0 -1.5803723335266113 679.667236328125 176.43763732910156 705.2238159179688 200.31784057617188 3.7059321 1.4340265 1.547873 5.182133 1.6715502 45.82603 -1.4677679538726807 0.1836148202419281
Car 0.0 0 1.3252760171890259 884.7138671875 155.96778869628906 937.4528198242188 190.6553955078125 3.9454174 1.719649 1.6316369 15.678097 0.8828681 37.83879 1.7180824279785156 0.14772826433181763
Car 0.0 0 1.0289863348007202 944.8632202148438 159.19203186035156 1020.2540893554688 191.4754180908203 3.671107 1.5348523 1.7026252 18.557646 0.8856779 36.19054 1.5028024911880493 0.1381245106458664
Car 0.0 0 1.9815449714660645 314.22760009765625 170.86878967285156 354.438720703125 190.54669189453125 4.250849 1.6136792 1.6320206 -23.39582 1.4512398 61.327576 1.6170971393585205 0.11211131513118744
Car 0.0 0 0.6706358194351196 22.976116180419922 167.3728790283203 116.4738540649414 197.76795959472656 4.1717725 1.702613 1.634621 -30.90522 1.3959401 41.290573 0.028107404708862305 0.10738331079483032
Car 0.0 0 -1.2543710470199585 1220.041015625 158.33474731445312 1242.0 375.0 4.0428495 1.5650558 1.6088675 5.8655734 1.5069014 4.297683 -0.3159089982509613 0.10035837441682816
