Cyclist 0.0 0 -1.8008551597595215 669.9567260742188 167.68394470214844 683.7828979492188 196.72666931152344 1.6439183 1.7417891 0.47723478 4.0485225 1.4320817 44.117348 -1.7093443870544434 0.2374115288257599
Cyclist 0.0 0 -0.9242024421691895 709.1901245117188 167.16563415527344 728.6790161132812 195.99427795410156 1.3669151 1.8010144 0.49956962 6.8767548 1.4460028 45.730625 -0.7749454975128174 0.15003103017807007
Car 0.0 0 1.9163461923599243 303.51947021484375 182.8646240234375 431.8134765625 265.41912841796875 3.474714 1.5472097 1.5481384 -5.1730504 1.789876 15.7042675 1.598136067390442 0.9188694357872009
Car 0.0 0 -1.8859097957611084 751.5857543945312 182.7257080078125 953.0512084960938 299.39801025390625 4.0997725 1.412272 1.6686621 3.4069748 1.5934066 11.145544 -1.5892497301101685 0.9127169251441956
Car 0.0 0 -1.7765034437179565 723.5545043945312 178.24436950683594 823.1898193359375 249.03074645996094 3.5818303 1.4301556 1.508513 3.5956826 1.5683008 16.644825 -1.5637487173080444 0.9045416712760925
Car 0.0 0 -2.1024487018585205 877.2555541992188 183.22238159179688 1242.0 375.0 3.5441537 1.4596128 1.5732921 3.3827786 1.5643582 5.4726596 -1.5488096475601196 0.7592110633850098
Car 0.0 0 1.8413280248641968 381.2006530761719 179.2469024658203 474.4938659667969 240.8504180908203 3.8784442 1.5341276 1.5601348 -5.0569634 1.7320135 20.331947 1.597554326057434 0.7232049703598022
Car 0.0 0 -1.689119815826416 668.8799438476562 170.1415252685547 701.9418334960938 194.82537841796875 3.9582703 1.501302 1.6262888 4.7178802 1.3366834 45.873844 -1.5866354703903198 0.3379342257976532
Car 0.0 0 1.7721922397613525 378.30084228515625 165.73446655273438 428.3927001953125 200.26512145996094 3.6616619 1.6879689 1.7839841 -10.61571 1.3403018 37.162243 1.4939441680908203 0.27548477053642273
Car 0.0 0 -0.7149755358695984 608.5631103515625 167.84547424316406 655.6558227539062 185.82469177246094 4.040046 1.5454884 1.7127179 1.9592268 1.1153147 63.960953 -0.6843535304069519 0.27130192518234253
Car 0.0 0 0.1440439373254776 464.987060546875 168.59080505371094 512.3345336914062 185.23068237304688 4.2317557 1.5562497 1.6449412 -11.484117 1.1578904 68.34902 -0.022422820329666138 0.18440423905849457
Car 0.0 0 0.11476399004459381 423.48431396484375 169.45401000976562 468.85455322265625 186.0568389892578 3.8764017 1.4929502 1.6834097 -14.956147 1.1875755 65.92529 -0.10832495987415314 0.17794719338417053
Car 0.0 0 1.1864956617355347 943.4183349609375 175.1401824951172 1216.4390869140625 320.0628662109375 3.9318998 1.5606425 1.694918 6.0088687 1.5989847 9.909129 1.7316057682037354 0.15854354202747345
Car 0.0 0 -0.09759780764579773 278.2012939453125 163.08615112304688 357.4341125488281 191.3994903564453 3.8313751 1.4687545 1.6515003 -15.840663 0.96240544 39.048 -0.48298388719558716 0.1370782107114792
