Pedestrian 0.0 0 0.2696338891983032 656.8706665039062 159.70896911621094 671.0577392578125 191.3933563232422 0.6730992 1.8075913 0.6265461 3.076518 1.0580263 41.56922 0.3435087203979492 0.15261146426200867
Car 0.0 0 1.670362949371338 640.6874389648438 178.2237548828125 715.2589721679688 240.48931884765625 3.955068 1.4439973 1.5825527 1.8517721 1.6027352 19.185192 1.7665858268737793 0.940866231918335
Car 0.0 0 -1.8018736839294434 896.3627319335938 163.04470825195312 1061.94970703125 270.2547302246094 4.1290164 1.6175233 1.7044276 6.391674 1.4698842 13.08537 -1.3475010395050049 0.9041013121604919
Car 0.0 0 -1.808301568031311 809.2659912109375 167.5726318359375 860.7781982421875 200.85678100585938 3.538464 1.5096428 1.5547651 10.668381 1.2704577 34.53753 -1.5087066888809204 0.78298020362854
Car 0.0 0 -1.6334737539291382 707.9945678710938 172.31019592285156 747.9347534179688 203.57736206054688 3.9687753 1.452618 1.68585 5.7216244 1.4277116 35.575207 -1.4740076065063477 0.6260481476783752
Car 0.0 0 -0.4797905683517456 694.8967895507812 164.39263916015625 745.4876708984375 182.80538940429688 4.1504083 1.6033437 1.6779451 9.79392 0.86690414 64.29106 -0.328615665435791 0.40484824776649475
Car 0.0 0 1.4885458946228027 684.0143432617188 165.78041076660156 710.0421752929688 185.74465942382812 4.230901 1.51616 1.6902798 6.804215 0.97932196 56.938553 1.60748291015625 0.3367522954940796
Car 0.0 0 -0.3531196415424347 746.7139282226562 166.77098083496094 797.4977416992188 183.8577117919922 4.3343983 1.5763909 1.6783813 15.169184 1.0155408 67.683495 -0.13264353573322296 0.20453812181949615
Car 0.0 0 3.885051727294922 0.0 162.5261993408203 116.32850646972656 323.0765380859375 3.995577 1.7630813 1.6641287 -8.673647 1.6500245 8.819517 3.107992172241211 0.1734229177236557
Car 0.0 0 0.08805076777935028 418.1236572265625 176.2896728515625 526.9733276367188 218.4636993408203 3.980461 1.5519809 1.6139452 -5.2471485 1.6890671 27.712223 -0.09907814860343933 0.13308361172676086
