Pedestrian 0.0 0 -3.1242618560791016 771.0694580078125 160.41261291503906 786.6099853515625 192.88902282714844 0.84020686 1.8056352 0.55596006 9.440951 1.1142722 40.485622 -2.8951632976531982 0.23723363876342773
Car 0.0 0 2.131744623184204 90.8190689086914 186.8352508544922 240.4818572998047 251.0872344970703 4.13316 1.5363235 1.6081861 -12.296133 1.9690545 20.232656 1.585655689239502 0.915094792842865
Car 0.0 0 2.2708077430725098 0.0 205.11715698242188 112.90345001220703 323.82421875 3.923423 1.3026547 1.6504713 -9.7546215 1.8825852 10.975975 1.5442570447921753 0.8235017657279968
Car 0.0 0 1.8072288036346436 437.5255126953125 182.4893035888672 474.8186340332031 205.04898071289062 4.1691318 1.4326103 1.5817382 -10.576848 2.1250694 49.72024 1.597625970840454 0.7610875368118286
Car 0.0 0 1.0955719947814941 1043.462646484375 161.0461883544922 1114.457763671875 190.04135131835938 4.037735 1.5411702 1.6647387 26.14756 0.91391146 40.440002 1.6695369482040405 0.5709699392318726
Car 0.0 0 -0.8610232472419739 744.9019165039062 166.91539001464844 803.474853515625 190.89842224121094 3.7569625 1.49184 1.6428465 10.6050415 1.1227921 46.657936 -0.6375269889831543 0.548072874546051
Car 0.0 0 2.8411507606506348 727.1392822265625 165.76332092285156 781.9391479492188 186.64944458007812 3.9927332 1.6420962 1.64138 11.520985 1.0849743 57.748158 3.038069248199463 0.4444120526313782
Car 0.0 0 1.682780385017395 601.2340698242188 176.3209991455078 632.8377075195312 199.7057342529297 3.924577 1.4164473 1.6033337 0.46101424 1.6493735 46.35349 1.692725658416748 0.4389762580394745
Car 0.0 0 -0.5667797923088074 763.0054931640625 163.7291717529297 847.3021850585938 194.28163146972656 4.1023755 1.5875752 1.7329521 10.481683 1.1137865 38.930355 -0.3037746846675873 0.3478378653526306
Car 0.0 0 -1.5091254711151123 1194.9295654296875 154.35324096679688 1242.0 186.7047882080078 3.9264655 1.4749078 1.5629665 29.42484 0.6318157 34.851345 -0.8079524636268616 0.21695245802402496
Car 0.0 0 2.9314913749694824 719.5272827148438 168.08511352539062 771.8455200195312 187.1453399658203 4.061827 1.5756195 1.6192082 11.327921 1.1817555 60.503555 3.1165759563446045 0.1986924558877945
Car 0.0 0 2.857093572616577 749.230712890625 163.27032470703125 822.7780151367188 191.1720733642578 3.8489513 1.5854057 1.6136302 10.148564 1.0412093 41.89177 3.094771385192871 0.16630633175373077
