Pedestrian 0.0 0 1.1693553924560547 821.863037109375 140.7659454345703 920.8005981445312 327.6168212890625 0.9524626 1.7868378 0.61882097 2.68498 1.3986745 7.3583 1.519234299659729 0.332518994808197
Pedestrian 0.0 0 2.605259418487549 931.490234375 147.12831115722656 1065.0947265625 350.2662048339844 0.86619854 1.7789713 0.6531048 3.586614 1.4793454 6.6320257 3.101013660430908 0.2891866862773895
Car 0.0 0 -1.4695370197296143 537.02197265625 171.58934020996094 573.877685546875 200.45433044433594 3.4926765 1.4177852 1.5539458 -2.3341172 0.93188566 37.055267 -1.5324441194534302 0.9098546504974365
Car 0.0 0 -1.4996721744537354 594.2980346679688 169.20596313476562 618.60888671875 188.0081787109375 4.058722 1.4200445 1.6241909 0.44901082 0.4921002 56.337124 -1.4917023181915283 0.8829429745674133
Car 0.0 0 -1.3777291774749756 578.1382446289062 168.77337646484375 603.4226684570312 185.54432678222656 3.7402816 1.4857001 1.6235985 -0.90768886 0.3586851 65.618 -1.3915612697601318 0.725669264793396
Car 0.0 0 3.157139539718628 146.24588012695312 177.37669372558594 315.86627197265625 235.60389709472656 4.1986065 1.5453143 1.7527112 -10.6150055 1.4370505 20.774082 2.6847517490386963 0.6854422688484192
Car 0.0 0 2.106071710586548 327.30078125 176.74020385742188 395.6706848144531 205.0888214111328 4.080457 1.4209976 1.5860907 -12.66734 1.1832871 38.166897 1.785617709159851 0.6792808175086975
Car 0.0 0 -2.6610002517700195 385.6004333496094 170.273681640625 437.4925231933594 188.41754150390625 3.950377 1.5041723 1.6064316 -16.023441 0.5739593 60.76898 -2.9188103675842285 0.45778888463974
Car 0.0 0 -1.6412222385406494 640.48681640625 171.0791015625 673.7684936523438 198.0989990234375 3.4813743 1.4958713 1.6685759 3.1788294 0.91976523 41.51141 -1.5647941827774048 0.2626364231109619
Car 0.0 0 -0.5631418228149414 1037.8310546875 150.9910888671875 1138.6263427734375 180.85984802246094 4.049807 1.4923393 1.5871027 24.86119 -0.032693263 36.781517 0.03123641014099121 0.24928779900074005
Car 0.0 0 -0.6172833442687988 808.7410278320312 158.04852294921875 878.8660888671875 182.94908142089844 4.209549 1.609024 1.7141523 16.142056 0.09433654 47.84123 -0.29186928272247314 0.24746131896972656
Car 0.0 0 -2.7746801376342773 524.7474365234375 166.77981567382812 574.2996826171875 184.0673370361328 4.330166 1.5921316 1.6993464 -4.8402405 0.23681009 67.597244 -2.8461623191833496 0.21837735176086426
Car 0.0 0 -0.5323973894119263 1058.2462158203125 147.65011596679688 1166.1456298828125 179.25479125976562 3.999228 1.4806628 1.5901443 24.627993 -0.110735804 34.748573 0.08417582511901855 0.2100207358598709
