Car 0.0 0 2.1417083740234375 0.0 197.18460083007812 277.6268310546875 359.22662353515625 3.7667542 1.4916253 1.582546 -5.895116 1.8623015 9.092493 1.5664939880371094 0.9553501605987549
Car 0.0 0 1.9344900846481323 230.67076110839844 193.24485778808594 380.955810546875 280.78399658203125 3.602388 1.4034891 1.5301763 -5.8639126 1.8576823 14.235145 1.543739914894104 0.9179882407188416
Car 0.0 0 -1.9749670028686523 765.5186767578125 183.19561767578125 1041.202392578125 349.47161865234375 3.5600255 1.4457842 1.5653619 2.9984596 1.5915577 8.320379 -1.6290792226791382 0.882440447807312
Car 0.0 0 -2.8377485275268555 343.6285400390625 179.25234985351562 429.2923278808594 212.48696899414062 4.0495496 1.7194736 1.6835846 -11.916598 2.0688283 38.504063 -3.137888193130493 0.8525900840759277
Car 0.0 0 -2.314079761505127 930.0946655273438 192.7784423828125 1242.0 375.0 3.7980857 1.4402897 1.6012455 2.92051 1.5782341 3.0668666 -1.5531208515167236 0.8246936202049255
Car 0.0 0 -1.768275260925293 727.1924438476562 187.03785705566406 852.6317138671875 274.7752685546875 3.785383 1.3832074 1.5826342 3.250955 1.6947361 13.909501 -1.5386748313903809 0.7946991920471191
Car 0.0 0 -0.2519887685775757 399.5447082519531 167.52386474609375 454.0347900390625 188.4813690185547 3.9193997 1.623047 1.6733553 -14.630844 1.210613 57.55152 -0.5009368062019348 0.4768402576446533
Car 0.0 0 0.007220864295959473 86.11744689941406 163.59190368652344 168.65176391601562 191.87539672851562 4.167015 1.6725658 1.6584835 -29.728786 1.1252025 44.50357 -0.5817105174064636 0.3268790543079376
Car 0.0 0 1.1630500555038452 948.1347045898438 158.36032104492188 1012.738525390625 186.9983673095703 4.1409154 1.4965489 1.6554493 20.315622 0.7395054 39.82208 1.634792447090149 0.2800285518169403
Car 0.0 0 0.03514191508293152 303.46563720703125 171.388671875 349.3119812011719 189.0581512451172 3.98698 1.6383706 1.6796122 -26.84112 1.5028567 68.35553 -0.3390289843082428 0.24436748027801514
Car 0.0 0 -2.6916277408599854 246.4575958251953 171.3378448486328 305.6232604980469 190.2420654296875 4.7427654 1.7480881 1.7557709 -31.290209 1.6082454 67.63564 -3.124934196472168 0.21719232201576233
