Car 0.0 0 1.968864917755127 221.20602416992188 189.5722198486328 382.9610900878906 284.60784912109375 3.6654658 1.5134205 1.5583094 -5.8088136 1.8800513 13.96931 1.5747896432876587 0.9545960426330566
Car 0.0 0 -1.9480020999908447 776.7511596679688 183.04019165039062 1073.1328125 357.52593994140625 3.7844155 1.4130999 1.5788168 3.0364187 1.5527987 7.9651546 -1.5837957859039307 0.9180316925048828
Car 0.0 0 1.859022617340088 341.63226318359375 187.29835510253906 441.48822021484375 249.5891876220703 3.6285627 1.4188123 1.5525163 -5.7026844 1.8377352 19.08991 1.5687335729599 0.9178830981254578
Car 0.0 0 -1.8855414390563965 713.6464233398438 178.73916625976562 862.8030395507812 270.7342224121094 3.586986 1.4218475 1.5758423 3.0426185 1.5453848 13.243006 -1.65970778465271 0.9086765050888062
Car 0.0 0 -1.7171754837036133 702.5223999023438 178.97940063476562 789.8214721679688 239.98106384277344 4.0152097 1.38463 1.6339982 3.380126 1.5619937 18.815262 -1.5394234657287598 0.7889071702957153
Car 0.0 0 -0.29426759481430054 706.8927001953125 164.79666137695312 765.72607421875 185.97560119628906 4.1879787 1.6097102 1.6633713 9.74025 0.99766695 55.91785 -0.12180936336517334 0.4784398376941681
Car 0.0 0 1.9824366569519043 346.13275146484375 179.76010131835938 392.32574462890625 201.03871154785156 4.4176598 1.4744247 1.6328993 -17.893358 2.0109591 53.742752 1.6610360145568848 0.34442782402038574
Car 0.0 0 0.28276509046554565 380.11212158203125 178.3067626953125 456.22015380859375 205.0850372314453 4.1518598 1.5660243 1.5540522 -11.522103 1.9002671 43.354034 0.023002147674560547 0.31086549162864685
Car 0.0 0 3.8397436141967773 0.0 157.57110595703125 42.87874221801758 201.47845458984375 4.2391505 1.6922642 1.6835718 -25.40695 1.1035933 28.703976 3.115200996398926 0.2636147141456604
Car 0.0 0 -0.49269554018974304 684.7335815429688 166.30218505859375 740.177001953125 186.35255432128906 4.141833 1.585657 1.7067177 8.290285 1.0678713 58.574295 -0.3520948886871338 0.22293080389499664
Car 0.0 0 1.215628743171692 851.1251831054688 151.73704528808594 912.5051879882812 184.23123168945312 3.8725896 1.5228249 1.5873127 13.348126 0.53354704 35.74979 1.5729751586914062 0.21680359542369843
Car 0.0 0 0.022887498140335083 556.2493896484375 168.60581970214844 599.46826171875 187.0439910888672 3.9419217 1.6818279 1.680733 -2.970149 1.2946899 66.69473 -0.021616585552692413 0.1958872675895691
Car 0.0 0 1.5742228031158447 924.4967041015625 160.33164978027344 950.0170288085938 181.9599609375 4.0001674 1.5525339 1.6792002 24.447128 0.65400517 53.95913 1.9996247291564941 0.18653234839439392
Car 0.0 0 1.894256830215454 348.3039855957031 170.19017028808594 384.74322509765625 188.4190216064453 4.214594 1.5365143 1.7639465 -21.202396 1.3123358 62.924477 1.5692548751831055 0.18406198918819427
