Car 0.0 0 2.4112329483032227 0.0 202.0288543701172 154.0125732421875 375.0 4.1672897 1.4401078 1.647752 -4.4524226 1.674526 3.6702838 1.5298402309417725 0.8134490847587585
Car 0.0 0 -1.3797166347503662 387.00335693359375 170.0539093017578 438.62713623046875 208.17996215820312 3.8181472 1.6376911 1.5774903 -8.975887 1.5177723 32.95336 -1.6456468105316162 0.6070855259895325
Car 0.0 0 -0.4750598073005676 678.5078125 144.88865661621094 790.4813232421875 188.8465576171875 3.9426413 1.6172224 1.6769797 4.761959 0.58872867 27.936579 -0.3062264621257782 0.465846985578537
Car 0.0 0 3.085665702819824 487.2578125 165.98831176757812 534.0132446289062 185.8116455078125 3.7540767 1.6119905 1.6403719 -8.278326 1.054045 59.836838 2.9481899738311768 0.32037100195884705
Car 0.0 0 -0.19328786432743073 482.5785217285156 167.09483337402344 528.0888061523438 185.25657653808594 3.810509 1.6013492 1.6630763 -9.45895 1.0939118 65.03229 -0.33772504329681396 0.21062518656253815
Car 0.0 0 0.18471598625183105 477.67724609375 170.2645721435547 528.1657104492188 186.5389862060547 4.4562817 1.5057888 1.6565201 -10.035132 1.2665596 67.668625 0.0374908447265625 0.20269808173179626
Car 0.0 0 -1.270946979522705 383.0377197265625 165.25985717773438 428.5697937011719 192.18748474121094 4.292319 1.7212325 1.7419494 -13.628996 1.2361674 48.28553 -1.546048641204834 0.19098977744579315
Car 0.0 0 -1.2030580043792725 1172.5528564453125 133.5231475830078 1242.0 375.0 4.183858 1.5205795 1.6117401 5.3288174 1.3851357 3.7871952 -0.25013336539268494 0.13190504908561707
Car 0.0 0 2.5770890712738037 790.711181640625 153.5962371826172 1062.6102294921875 257.48638916015625 4.0808525 1.6283032 1.5751828 5.3097343 1.3268279 12.409102 2.981405258178711 0.129011332988739
Car 0.0 0 -1.3223965167999268 364.8705139160156 169.5026092529297 393.8510437011719 188.01589965820312 3.6181855 1.6127869 1.6379471 -20.668325 1.3211876 64.709564 -1.6315563917160034 0.11830724030733109
Car 0.0 0 3.2260372638702393 513.5556030273438 163.41712951660156 575.0609130859375 187.21340942382812 3.9890237 1.5702177 1.6442738 -4.4054008 0.94787526 48.443134 3.1353471279144287 0.11448168754577637
Car 0.0 0 2.0452399253845215 329.6204833984375 169.92144775390625 366.1630859375 188.77886962890625 3.7502222 1.6732864 1.6064081 -23.945288 1.4134269 65.983215 1.6971197128295898 0.10422053933143616
Car 0.0 0 0.006251111626625061 519.8187866210938 163.39259338378906 581.9859008789062 187.3223114013672 3.9250174 1.5108662 1.5734929 -3.8286796 0.91385305 46.486816 -0.07592396438121796 0.10052642971277237
