Pedestrian 0.0 0 0.794948935508728 13.09607982635498 163.9771270751953 39.88255310058594 198.32032775878906 1.0302062 1.8635167 0.5867655 -31.976896 1.3822017 39.49932 0.11440849304199219 0.20030002295970917
Car 0.0 0 2.083590507507324 61.65811538696289 192.78941345214844 313.1175537109375 316.7693786621094 3.6686332 1.4081855 1.5503907 -5.9549603 1.7527165 10.618549 1.572487711906433 0.861297607421875
Car 0.0 0 -1.8154008388519287 754.0121459960938 185.3639678955078 938.8955688476562 307.130859375 3.8498125 1.3671148 1.5718976 3.124127 1.5828261 10.459427 -1.525146245956421 0.8392788171768188
Car 0.0 0 -2.141998291015625 856.5628662109375 184.9237060546875 1242.0 375.0 3.642041 1.444865 1.5775604 2.917131 1.5520225 4.559228 -1.572805643081665 0.7816846966743469
Car 0.0 0 -2.785048723220825 308.9071350097656 178.07423400878906 406.5926208496094 216.16937255859375 4.1114154 1.7796749 1.7291653 -12.1710825 2.0388231 34.86036 -3.120955467224121 0.7560970783233643
Car 0.0 0 2.800870656967163 781.2193603515625 166.89508056640625 875.957763671875 199.11178588867188 4.1385655 1.538505 1.6239632 10.630037 1.2542956 35.36604 3.0928521156311035 0.7304872870445251
Car 0.0 0 2.345393657684326 0.0 199.02542114257812 111.55097198486328 375.0 3.691136 1.5135764 1.5395787 -5.924291 1.785405 5.607982 1.5325742959976196 0.49355819821357727
Car 0.0 0 -1.7312463521957397 732.8318481445312 167.11329650878906 775.4071655273438 197.37940979003906 3.8515325 1.5819576 1.6914021 7.829859 1.2822595 39.664555 -1.5363502502441406 0.28942424058914185
Car 0.0 0 -0.2689759135246277 535.5336303710938 168.5382080078125 588.2243041992188 188.1057891845703 3.9228926 1.5315713 1.6419662 -3.8904738 1.1941268 57.894527 -0.3360743522644043 0.2835753560066223
Car 0.0 0 1.0595107078552246 962.5409545898438 155.7142791748047 1022.5755004882812 183.66436767578125 3.8928652 1.6762851 1.6211241 23.874043 0.6487011 45.23756 1.5451096296310425 0.27492693066596985
Car 0.0 0 -0.26736390590667725 742.345458984375 159.63319396972656 809.2926025390625 183.64305114746094 4.026139 1.5547385 1.5899543 10.876145 0.6989935 47.600113 -0.04273022711277008 0.22530636191368103
Car 0.0 0 -1.1426331996917725 254.14759826660156 169.18136596679688 300.0489807128906 189.43280029296875 3.917965 1.4519129 1.6218112 -24.736988 1.1889633 53.6893 -1.5743852853775024 0.20843002200126648
