Pedestrian 0.0 0 -2.2853362560272217 1007.1758422851562 141.47935485839844 1103.2427978515625 293.41217041015625 0.8383446 1.7484772 0.57569027 5.440348 1.2892597 8.7231455 -1.7276952266693115 0.6374927759170532
Pedestrian 0.0 0 -1.9072402715682983 558.1736450195312 169.7080841064453 575.2699584960938 204.6454620361328 0.8431081 1.7709787 0.63399196 -1.7934884 1.1741165 36.919605 -1.955780267715454 0.16065016388893127
Pedestrian 0.0 0 0.12225747108459473 726.4898681640625 159.6429443359375 781.90478515625 255.86289978027344 0.98888236 1.8051962 0.56626976 2.9216254 1.3963937 13.902024 0.32940125465393066 0.15858353674411774
Pedestrian 0.0 0 1.2888340950012207 458.58197021484375 172.46392822265625 481.9004821777344 226.8119354248047 0.56465846 1.6996093 0.5952753 -4.201653 1.4181348 22.847322 1.1069648265838623 0.13523952662944794
Cyclist 0.0 0 1.2006356716156006 725.6549682617188 155.38636779785156 785.8753051757812 257.2707214355469 1.6194837 1.8378246 0.5760045 2.8943818 1.3680474 13.800767 1.4073655605316162 0.16774949431419373
Cyclist 0.0 0 -2.995953321456909 510.49713134765625 169.12857055664062 555.7463989257812 225.14585876464844 1.3452207 1.7369735 0.60644794 -2.168609 1.3544743 22.607851 -3.091583490371704 0.1189294382929802
Car 0.0 0 -1.7481977939605713 690.6691284179688 166.08935546875 777.97021484375 234.7941436767578 3.588821 1.6894497 1.6911211 3.4594057 1.3116919 19.456861 -1.5722378492355347 0.7433623671531677
Car 0.0 0 -1.7086117267608643 660.5596923828125 173.1118927001953 704.6388549804688 210.24505615234375 3.3391283 1.5628552 1.4910077 3.5430279 1.2107937 31.919823 -1.5980664491653442 0.3713706433773041
Car 0.0 0 1.6977046728134155 506.6790466308594 173.9239959716797 567.3886108398438 223.59976196289062 3.8808086 1.534565 1.5521933 -2.110014 1.3016429 24.157665 1.6105823516845703 0.3090098202228546
Car 0.0 0 -1.8569841384887695 822.4517211914062 196.12010192871094 1144.71240234375 374.0 3.9621928 1.4042155 1.6250223 3.3378167 1.5952559 7.240342 -1.4250181913375854 0.17458821833133698
Car 0.0 0 -0.594649612903595 662.1029052734375 164.4680633544922 711.3145141601562 183.3356475830078 4.071013 1.6253525 1.7000532 7.58517 0.1585697 63.56662 -0.4758848547935486 0.12592147290706635
Car 0.0 0 0.8124755024909973 866.8662109375 190.142578125 1238.0 374.0 3.713115 1.5256336 1.6141169 2.3068056 1.5782337 2.3869562 1.5807993412017822 0.12567900121212006
Car 0.0 0 1.6294622421264648 541.4510498046875 170.94508361816406 576.1062622070312 199.3500213623047 3.941061 1.4431688 1.6256627 -2.240513 0.9077746 38.46473 1.571279525756836 0.11146079748868942
