Pedestrian 0.0 0 -3.197406768798828 727.5795288085938 164.39205932617188 749.6652221679688 214.70672607421875 0.7936604 1.8971955 0.6694872 4.8687453 1.5784824 27.583439 -3.0226964950561523 0.2726801335811615
Car 0.0 0 -1.8351694345474243 725.1578369140625 183.82481384277344 932.3705444335938 325.7771301269531 3.8835933 1.4705296 1.6057351 2.6138608 1.6481909 9.715268 -1.5723463296890259 0.9672724008560181
Car 0.0 0 1.4255318641662598 665.9452514648438 176.97671508789062 735.9765625 229.2247314453125 3.9212067 1.4598732 1.586597 2.6903944 1.5998442 22.451029 1.5447970628738403 0.8975560069084167
Car 0.0 0 1.6591260433197021 511.3059387207031 174.82191467285156 567.9229125976562 219.30764770507812 4.2491245 1.5040715 1.7147442 -2.5659387 1.5831033 26.712004 1.5633604526519775 0.8950912356376648
Car 0.0 0 1.5851720571517944 555.80517578125 172.87338256835938 584.4071044921875 198.5919952392578 3.6937273 1.4391953 1.5997148 -2.3447266 1.4407389 42.25496 1.5297389030456543 0.8823639750480652
Car 0.0 0 -1.634925365447998 645.0144653320312 172.42031860351562 676.4463500976562 198.4320068359375 3.778189 1.4677609 1.6039307 2.920574 1.443647 42.603954 -1.5664807558059692 0.8251248002052307
Car 0.0 0 2.8486337661743164 0.0 0.0 1242.0 375.0 4.3517036 1.6075203 1.6169081 -2.982145 1.7067095 1.0387924 1.6130300760269165 0.5220157504081726
Car 0.0 0 1.6686524152755737 535.6629028320312 167.43075561523438 558.8019409179688 185.5507049560547 4.1564918 1.5640367 1.6600488 -5.586787 1.0962834 64.36483 1.5820707082748413 0.37949034571647644
Car 0.0 0 -1.665494441986084 659.9232788085938 170.2173309326172 708.5391235351562 210.17918395996094 3.78907 1.5554498 1.6438046 2.9791217 1.4531803 29.98003 -1.5664494037628174 0.2943647503852844
Car 0.0 0 1.5319851636886597 626.1084594726562 168.3855438232422 645.1516723632812 186.61134338378906 3.7180371 1.6304756 1.6039184 2.3152323 1.2310859 66.40802 1.566834807395935 0.20036886632442474
