Pedestrian 0.0 0 1.3250672817230225 772.5093994140625 170.9471893310547 797.3359375 223.75338745117188 1.0566878 1.7109041 0.55664796 5.7419047 1.6494819 23.905947 1.5607893466949463 0.3629147410392761
Pedestrian 0.0 0 -0.05059540271759033 1216.882080078125 142.57711791992188 1242.0 198.20574951171875 1.0472965 1.8291572 0.45955762 21.028538 0.8339639 24.226292 0.6642589569091797 0.31826192140579224
Pedestrian 0.0 0 0.10941386222839355 1211.49658203125 146.68728637695312 1242.0 201.99246215820312 1.0285316 1.7847868 0.4255343 20.499525 0.94070303 23.803661 0.8203697204589844 0.23889435827732086
Pedestrian 0.0 0 -0.24258935451507568 1213.091552734375 137.60018920898438 1242.0 198.20779418945312 1.2436262 1.9062524 0.4840977 20.200539 0.7977948 23.19051 0.47400999069213867 0.11831116676330566
Cyclist 0.0 0 -1.9118006229400635 674.3615112304688 174.02052307128906 688.3335571289062 198.2648468017578 1.5947254 1.6907115 0.47971 5.0301776 1.775237 51.226387 -1.8139194250106812 0.19548839330673218
Cyclist 0.0 0 1.3557957410812378 771.53125 168.53271484375 797.09765625 222.84007263183594 1.2465402 1.7505511 0.5666554 5.7143803 1.6116166 23.884176 1.590635061264038 0.18021376430988312
Cyclist 0.0 0 0.8116378784179688 1205.676025390625 149.01304626464844 1242.0 203.88519287109375 1.4924668 1.7804421 0.51135296 20.805466 1.0072302 24.166784 1.5224326848983765 0.16402041912078857
Car 0.0 0 2.141996383666992 77.01768493652344 186.3732452392578 211.1911163330078 241.0506591796875 4.041236 1.4645861 1.5421152 -14.289538 1.9215934 22.346777 1.573076844215393 0.8944177627563477
Car 0.0 0 -1.0025255680084229 1195.975341796875 143.0928955078125 1242.0 191.60426330566406 3.6986701 1.542891 1.5755626 21.817629 0.5967053 24.19616 -0.2687731683254242 0.19483447074890137
Car 0.0 0 1.4021496772766113 828.9657592773438 160.39761352539062 864.4810180664062 187.15899658203125 3.876585 1.7077619 1.613182 15.69359 0.9132226 48.07724 1.7176694869995117 0.14482027292251587
Car 0.0 0 1.187217354774475 998.5228881835938 147.8057098388672 1092.5777587890625 196.45944213867188 3.8646433 1.6356661 1.5859731 15.692597 0.79393756 26.285677 1.7254294157028198 0.13705863058567047
Car 0.0 0 -0.7164955139160156 664.5599975585938 176.03834533691406 719.4253540039062 199.50213623046875 3.798406 1.626284 1.6499118 5.924043 1.8649639 52.241425 -0.6035804152488708 0.11331802606582642
Car 0.0 0 2.2748515605926514 0.0 164.33889770507812 76.47209930419922 195.81988525390625 3.6976395 1.6216584 1.6522219 -31.13372 1.1833836 39.038742 1.601631760597229 0.11238477379083633
Car 0.0 0 1.0426139831542969 998.6417236328125 162.05201721191406 1076.729736328125 193.6845245361328 4.424068 1.6826763 1.7823886 23.9089 1.1084279 40.594753 1.5748802423477173 0.1035800352692604
