Pedestrian 0.0 0 -2.127039670944214 255.79295349121094 164.33767700195312 275.2201843261719 196.91468811035156 0.8881762 1.74826 0.5689387 -18.751884 1.2915857 39.19768 -2.5732524394989014 0.14632859826087952
Pedestrian 0.0 0 -1.2650660276412964 408.1551208496094 164.86537170410156 432.52630615234375 213.11448669433594 0.71052533 1.7157428 0.6684846 -6.8799596 1.4320245 26.02587 -1.5235050916671753 0.13988208770751953
Pedestrian 0.0 0 -1.5086886882781982 472.9028625488281 168.07211303710938 491.0378112792969 219.66329956054688 0.94169635 1.8023773 0.5807948 -4.5995717 1.6356769 25.70577 -1.685746431350708 0.11460363119840622
Pedestrian 0.0 0 -1.4899994134902954 78.24391174316406 168.21539306640625 100.18415832519531 219.66494750976562 0.73618144 1.6801808 0.5357025 -17.372946 1.5290568 24.014053 -2.116290330886841 0.11009549349546432
Car 0.0 0 -1.145678997039795 778.8094482421875 162.87396240234375 888.3140258789062 220.18753051757812 3.9043405 1.5729088 1.7040068 6.7841687 1.2993755 21.824282 -0.8442943096160889 0.8207986354827881
Car 0.0 0 2.481011152267456 584.258056640625 174.34521484375 697.7288208007812 218.0666961669922 3.924099 1.4561682 1.59348 1.1085061 1.5138261 25.936342 2.5237245559692383 0.8049069046974182
Car 0.0 0 -1.8679981231689453 681.8817749023438 182.62921142578125 872.3822631835938 301.2004089355469 3.6687107 1.3658196 1.6257925 2.1545115 1.5346032 10.525861 -1.6660995483398438 0.7826777100563049
Car 0.0 0 2.0527281761169434 862.7491455078125 159.14366149902344 971.56494140625 208.9408721923828 4.107129 1.5666523 1.7143869 10.502915 1.1356744 24.661663 2.4553442001342773 0.7749603390693665
Car 0.0 0 2.249068260192871 728.5548095703125 167.5360870361328 819.2933959960938 207.70069885253906 3.9701142 1.5522106 1.4787376 6.745793 1.3470509 29.69324 2.472459316253662 0.3241267204284668
Car 0.0 0 -1.312159538269043 1115.58935546875 157.12091064453125 1179.5277099609375 189.53993225097656 3.7707853 1.5294186 1.6392092 26.698195 0.78754294 35.85216 -0.6720754504203796 0.29101651906967163
Car 0.0 0 0.6365957856178284 988.620849609375 166.4820556640625 1104.9869384765625 202.4980010986328 4.194699 1.4674077 1.661616 18.991323 1.2081527 31.650665 1.1770367622375488 0.10543794184923172
Car 0.0 0 -0.9974397420883179 933.6937255859375 159.00704956054688 1036.5601806640625 200.93060302734375 3.8050537 1.4967448 1.6756506 14.233647 1.0027418 27.42828 -0.5187547206878662 0.10470185428857803
Car 0.0 0 -0.8720366954803467 0.0 156.16580200195312 38.126888275146484 201.53404235839844 3.80015 1.5859601 1.7389513 -23.901546 1.0029409 27.140207 -1.5940686464309692 0.10438039153814316
