Pedestrian 0.0 0 -0.24329876899719238 1139.51611328125 157.31198120117188 1242.0 375.0 1.2904826 1.7410903 0.6448703 5.3684993 1.6198109 6.2233047 0.4684903621673584 0.11401953548192978
Cyclist 0.0 0 0.2705214321613312 470.135009765625 170.09710693359375 485.06890869140625 189.83897399902344 1.2812023 1.8508724 0.5600296 -12.490435 1.5927608 67.97979 0.08881068229675293 0.11670868843793869
Car 0.0 0 -1.4831446409225464 521.9693603515625 171.172607421875 553.5418701171875 196.03475952148438 3.8030474 1.4868903 1.6369749 -4.50247 1.3866912 45.06025 -1.5827351808547974 0.9321560859680176
Car 0.0 0 -1.553444504737854 566.6854858398438 173.86802673339844 603.8090209960938 206.81585693359375 4.0499563 1.4595833 1.6510357 -1.1758164 1.5107691 34.12554 -1.5878864526748657 0.9203807711601257
Car 0.0 0 1.6350170373916626 680.6414184570312 171.2405548095703 706.3041381835938 193.32814025878906 4.066656 1.6082716 1.6764126 6.3331704 1.4911482 54.685173 1.7503148317337036 0.5848349928855896
Car 0.0 0 -1.3434913158416748 462.21087646484375 173.9440155029297 489.48260498046875 192.35415649414062 3.7587724 1.5975637 1.6018238 -12.024502 1.6986282 64.74864 -1.527109980583191 0.17409184575080872
Car 0.0 0 -2.796457290649414 562.2444458007812 169.70928955078125 612.2647705078125 185.78909301757812 4.3804855 1.4727983 1.6505133 -2.1441393 1.1851218 67.54537 -2.828190326690674 0.15748269855976105
Car 0.0 0 2.2495148181915283 0.0 182.53738403320312 117.8643569946289 229.41722106933594 4.469347 1.4209509 1.5628905 -19.463198 1.7876325 25.044697 1.5888701677322388 0.15373435616493225
Car 0.0 0 2.9347658157348633 695.2630615234375 167.57066345214844 744.1897583007812 186.62277221679688 4.265773 1.7572728 1.7064158 10.225092 1.2703222 67.52071 3.0850601196289062 0.14191754162311554
Car 0.0 0 0.02458137273788452 421.4698181152344 171.36903381347656 466.139404296875 187.97357177734375 4.038069 1.5303725 1.6500988 -15.582366 1.3938668 67.711105 -0.20161060988903046 0.13861459493637085
Car 0.0 0 1.9179648160934448 417.4443054199219 174.67578125 449.5348205566406 191.55332946777344 3.9136055 1.458637 1.5635825 -15.837374 1.6277966 64.82353 1.678343653678894 0.13311980664730072
Car 0.0 0 -1.6605604887008667 580.7403564453125 167.20184326171875 605.9948120117188 188.7077178955078 4.0276685 1.643355 1.6418575 -1.3775027 1.2118076 57.22709 -1.6846266984939575 0.13029585778713226
