Pedestrian 0.0 0 -0.7300912141799927 329.1387023925781 163.48167419433594 347.4183349609375 197.65188598632812 0.7235081 1.8633285 0.6071194 -15.024046 1.3526065 39.80429 -1.0910062789916992 0.10606881231069565
Pedestrian 0.0 0 -2.4476757049560547 80.34290313720703 161.83438110351562 106.69107818603516 199.93453979492188 0.8800085 1.8349088 0.570523 -25.134022 1.3045605 35.062775 -3.0696074962615967 0.10395347326993942
Cyclist 0.0 0 -1.1610726118087769 504.6293640136719 177.81405639648438 529.3363647460938 218.15956115722656 1.5204837 1.7820045 0.55887115 -4.2667828 2.013914 32.873096 -1.2901465892791748 0.15104609727859497
Car 0.0 0 -1.4553139209747314 477.40283203125 173.3909454345703 516.9825439453125 200.76173400878906 3.8051317 1.4106776 1.6980876 -6.1111803 1.4416453 39.195232 -1.6099849939346313 0.4710594117641449
Car 0.0 0 0.7527181506156921 0.0 171.28028869628906 203.61489868164062 310.1822814941406 3.9910238 1.5958695 1.5442544 -7.6287603 1.5781467 9.175817 0.05912280082702637 0.4651913642883301
Car 0.0 0 -2.251173496246338 79.1714859008789 162.0171661376953 169.69773864746094 191.1227569580078 4.1612344 1.4426866 1.6044396 -25.02211 0.9058915 37.138878 -2.844059944152832 0.32293185591697693
Car 0.0 0 0.24576111137866974 185.437255859375 170.6632537841797 342.0387878417969 227.22398376464844 3.8823323 1.576611 1.6557627 -10.142384 1.5159028 21.30439 -0.1985599845647812 0.2944408357143402
Car 0.0 0 0.3686307668685913 82.80052947998047 156.4559326171875 201.88243103027344 196.20016479492188 3.6383502 1.5167235 1.6128101 -18.54534 0.8912971 28.692762 -0.2051687389612198 0.23403771221637726
Car 0.0 0 3.3329482078552246 322.8619079589844 165.99114990234375 383.8048095703125 186.88699340820312 4.2265167 1.5904748 1.6385196 -19.914658 1.0684702 56.042725 2.9915170669555664 0.20867757499217987
Car 0.0 0 -0.9536915421485901 139.44223022460938 162.3018035888672 232.15902709960938 197.14071655273438 4.1574173 1.5267527 1.6326774 -19.759918 1.0646799 33.759464 -1.4832432270050049 0.20248670876026154
Car 0.0 0 0.3206319808959961 47.5382194519043 157.0862579345703 183.7578125 203.5815887451172 3.705646 1.58148 1.6034743 -17.614717 1.0455184 25.818995 -0.27807390689849854 0.19838152825832367
Car 0.0 0 3.420008420944214 224.11398315429688 168.4944610595703 353.0447082519531 219.53900146484375 3.6285322 1.6353991 1.6785797 -10.7284355 1.4960831 24.19679 3.002671241760254 0.19232478737831116
Car 0.0 0 3.546721935272217 54.30370330810547 159.01072692871094 285.03985595703125 247.9834747314453 3.7745643 1.7319654 1.6844561 -9.113903 1.462847 15.134786 3.004699230194092 0.14585967361927032
Car 0.0 0 0.42734986543655396 29.357669830322266 159.63339233398438 153.00592041015625 194.57171630859375 4.203329 1.5146683 1.6895952 -23.314661 0.9418783 32.513344 -0.19474728405475616 0.12430231273174286
