Pedestrian 0.0 0 1.0049980878829956 7.226419925689697 157.78082275390625 39.09217071533203 205.07774353027344 0.94054437 1.8246696 0.54868394 -23.012367 1.2435186 28.242289 0.3212859630584717 0.19752313196659088
Car 0.0 0 2.1684987545013428 0.0 201.82586669921875 321.9163513183594 375.0 3.5692034 1.5084472 1.5260817 -3.7927506 1.8072515 5.641016 1.5765702724456787 0.9465431571006775
Car 0.0 0 -2.037079095840454 826.468994140625 188.59030151367188 1242.0 375.0 4.170324 1.3892297 1.6299965 2.9641218 1.5546309 5.455024 -1.5393368005752563 0.9314001798629761
Car 0.0 0 -1.8259735107421875 743.4044799804688 178.00950622558594 917.135009765625 293.8462829589844 3.6439912 1.4329187 1.5733742 3.0609205 1.5244546 10.922114 -1.5527331829071045 0.9271506667137146
Car 0.0 0 1.9517085552215576 213.35813903808594 199.62417602539062 442.06103515625 333.8499755859375 3.9798503 1.4053879 1.6350262 -3.7996495 1.8652251 10.368335 1.6004400253295898 0.9058024287223816
Car 0.0 0 -1.7535591125488281 647.904052734375 178.50645446777344 697.3231201171875 212.50709533691406 3.6826377 1.4084681 1.5574124 2.7143948 1.6778669 32.43104 -1.6700563430786133 0.7744742631912231
Car 0.0 0 -2.9777092933654785 757.778076171875 170.59271240234375 883.9160766601562 221.98031616210938 3.9134724 1.6363761 1.5762995 7.1121335 1.5647262 24.528994 -2.695499897003174 0.3125387132167816
Car 0.0 0 1.4707815647125244 726.4725341796875 172.0330810546875 762.8969116210938 199.32818603515625 4.268791 1.5087011 1.6591548 7.7647696 1.4636831 42.074776 1.6532751321792603 0.282088041305542
Car 0.0 0 0.09780541062355042 324.9630126953125 170.3851776123047 376.58746337890625 187.994140625 4.0664415 1.4925163 1.6221837 -22.408426 1.2836188 62.437195 -0.24677202105522156 0.23566193878650665
Car 0.0 0 0.013736367225646973 430.0138854980469 168.69825744628906 479.61224365234375 188.450927734375 3.9862318 1.612747 1.6654304 -12.928944 1.2738005 60.117336 -0.19809886813163757 0.21665124595165253
Car 0.0 0 2.0579042434692383 294.1699523925781 162.56126403808594 356.645263671875 192.5719451904297 3.725475 1.5068744 1.5050478 -15.013144 0.9904213 38.161907 1.6830947399139404 0.17888589203357697
Car 0.0 0 -0.8428470492362976 0.0 129.2980499267578 52.04450225830078 236.31460571289062 3.6889286 1.5663102 1.6318415 -11.863894 0.9291768 12.429062 -1.6049847602844238 0.14537203311920166
Car 0.0 0 3.4649617671966553 323.1524658203125 166.4126739501953 378.5189208984375 185.88357543945312 4.0292125 1.5996941 1.6498905 -21.59397 1.0708435 60.145218 3.120264768600464 0.14343670010566711
Car 0.0 0 -2.5062289237976074 279.02099609375 170.15731811523438 332.20294189453125 188.90602111816406 4.431897 1.720696 1.7226609 -28.51449 1.4735608 67.57337 -2.9055373668670654 0.14207056164741516
