Car 0.0 0 2.2090389728546143 0.0 198.21994018554688 296.9367980957031 375.0 4.3794007 1.4159008 1.7130175 -5.596314 1.7901304 8.401827 1.6214406490325928 0.972633957862854
Car 0.0 0 -1.7481951713562012 698.1212158203125 170.7415008544922 796.9676513671875 243.12973022460938 3.6160913 1.5391971 1.6621336 3.0961847 1.4946364 17.148436 -1.5695675611495972 0.9290755987167358
Car 0.0 0 -1.9778096675872803 775.7650756835938 182.21066284179688 1098.2298583984375 349.9905700683594 4.4424667 1.4045191 1.6724961 3.3264909 1.5447984 8.537792 -1.6062839031219482 0.9251598119735718
Car 0.0 0 1.834439992904663 392.7447814941406 178.8889923095703 471.3373718261719 230.45973205566406 3.6007698 1.5042998 1.5750545 -5.6931624 1.7146804 23.288593 1.594680905342102 0.8848134279251099
Car 0.0 0 1.7768839597702026 436.1596984863281 177.5121612548828 493.4793701171875 218.4082794189453 3.424144 1.4856415 1.5370077 -5.67334 1.6799326 28.318607 1.5791618824005127 0.8219811916351318
Car 0.0 0 -1.7256146669387817 679.3951416015625 170.42498779296875 749.356689453125 223.7506561279297 3.6416352 1.5288385 1.5970916 3.124057 1.4595574 22.517729 -1.5877569913864136 0.7240922451019287
Car 0.0 0 2.043826103210449 213.67877197265625 166.15371704101562 277.1786193847656 193.45584106445312 4.0477724 1.4895865 1.5802448 -20.861568 1.1243815 41.39264 1.5769898891448975 0.6452414989471436
Car 0.0 0 -2.3836512565612793 992.5145263671875 172.7674102783203 1242.0 375.0 3.896748 1.497147 1.6191262 3.2650726 1.497395 2.8871226 -1.536896824836731 0.5437124967575073
Car 0.0 0 1.8124141693115234 263.9527587890625 162.00527954101562 315.15277099609375 194.99993896484375 3.6580396 1.571213 1.5226381 -16.087723 1.054953 36.29096 1.3951472043991089 0.38323381543159485
Car 0.0 0 -0.5040274858474731 795.4259033203125 163.3653564453125 848.5426025390625 181.92385864257812 4.0915194 1.5639181 1.656909 18.19651 0.7646698 62.05368 -0.21878565847873688 0.3799562454223633
Car 0.0 0 -0.6169230937957764 679.770751953125 164.90029907226562 730.461181640625 184.5426483154297 4.104614 1.6534195 1.7336628 8.218991 0.9842639 62.458836 -0.48608434200286865 0.31268948316574097
Car 0.0 0 0.11385214328765869 207.27366638183594 168.26315307617188 264.0897216796875 188.22918701171875 3.9756205 1.595643 1.6210932 -30.641045 1.2291088 59.126545 -0.36427149176597595 0.28779923915863037
