Pedestrian 0.0 0 -3.362818479537964 820.940673828125 157.3022918701172 896.7482299804688 281.9883117675781 0.8789876 1.6638931 0.5719203 3.4421866 1.3559995 9.765923 -3.0239455699920654 0.7194578051567078
Pedestrian 0.0 0 0.5848314762115479 466.7210388183594 154.43084716796875 560.7681274414062 312.82568359375 0.90317506 1.7607894 0.62949395 -1.1202953 1.4726795 8.335071 0.45122480392456055 0.3990032374858856
Pedestrian 0.0 0 2.4013919830322266 960.3873901367188 138.9276580810547 1008.908203125 206.36875915527344 1.0571675 1.7936054 0.56476283 10.273239 0.6895673 19.20301 2.8926308155059814 0.26832401752471924
Pedestrian 0.0 0 0.37638822197914124 512.5208740234375 161.84535217285156 606.931640625 276.46832275390625 1.3666761 1.7147167 0.54683495 -0.7498225 1.4373114 11.040245 0.3085751533508301 0.225425124168396
Pedestrian 0.0 0 -0.32876062393188477 971.332763671875 136.22433471679688 1052.4283447265625 266.0789489746094 0.8666445 1.8016527 0.5871023 5.7894616 1.1890239 10.174466 0.1885669231414795 0.20092231035232544
Pedestrian 0.0 0 0.5162408947944641 469.2962341308594 154.9666748046875 552.4464721679688 301.1700439453125 0.87252855 1.7811818 0.60278845 -1.2472701 1.4717915 9.05044 0.3792903423309326 0.16889971494674683
Cyclist 0.0 0 0.37638822197914124 512.5208740234375 161.84535217285156 606.931640625 276.46832275390625 1.3666761 1.7147167 0.54683495 -0.7498225 1.4373114 11.040245 0.3085751533508301 0.2824386954307556
Cyclist 0.0 0 -1.248985767364502 92.29035186767578 167.57180786132812 155.3321075439453 272.04852294921875 1.6236799 1.7203461 0.43127033 -8.501788 1.509118 12.477384 -1.8471026420593262 0.23972631990909576
Cyclist 0.0 0 -1.9066493511199951 826.550048828125 151.13694763183594 893.4912109375 281.92584228515625 1.0605836 1.7022935 0.5409796 3.4379115 1.3217906 9.728996 -1.566977620124817 0.17322807013988495
Cyclist 0.0 0 -1.9794321060180664 821.9117431640625 157.111328125 842.0086059570312 188.65223693847656 1.4941834 1.7295874 0.51667815 12.67317 0.44843644 39.53587 -1.6692315340042114 0.14584121108055115
Car 0.0 0 -0.8746358156204224 0.0 205.0704803466797 328.9128723144531 370.0 3.9967678 1.3301947 1.6410544 -3.2038376 1.5380043 3.91883 -1.5599864721298218 0.8599361181259155
Car 0.0 0 1.7176814079284668 448.7769470214844 169.14549255371094 483.49554443359375 194.36407470703125 3.8214397 1.51432 1.5989329 -8.67556 0.83387095 44.39725 1.5247055292129517 0.7418140172958374
Car 0.0 0 2.815051794052124 754.4688720703125 162.64024353027344 807.6258544921875 181.906005859375 3.931675 1.5665108 1.6888443 14.554455 0.11554745 58.48944 3.0589375495910645 0.265321284532547
Car 0.0 0 2.2863194942474365 1164.6787109375 146.34774780273438 1224.0 188.81253051757812 4.352096 1.6875473 1.5899329 25.729166 0.33183676 29.168467 3.0091500282287598 0.2259117215871811
Car 0.0 0 -0.06193315237760544 493.9036865234375 163.11419677734375 542.1182861328125 180.13966369628906 4.0974565 1.4620825 1.667914 -7.6187854 -0.031018581 61.9605 -0.18428097665309906 0.20392099022865295
Car 0.0 0 0.13409876823425293 0.0 162.48855590820312 40.33008575439453 206.7012481689453 3.9470785 1.661962 1.6805964 -25.288986 0.98642015 28.37388 -0.5938760042190552 0.20035305619239807
Car 0.0 0 -0.9449887275695801 64.8024673461914 166.4848175048828 130.2234344482422 191.071044921875 3.9739292 1.6138088 1.618565 -34.64537 0.69519633 48.39541 -1.5662939548492432 0.18959201872348785
Car 0.0 0 -1.6978447437286377 694.4679565429688 166.00067138671875 717.1824951171875 182.9756622314453 3.8602486 1.5734472 1.6652704 9.618652 0.23062226 67.47497 -1.556247353553772 0.1596563458442688
Car 0.0 0 3.0802478790283203 589.75390625 165.077880859375 633.8379516601562 182.08982849121094 4.011336 1.5623932 1.6375726 0.635836 0.14716437 65.85243 3.0899031162261963 0.1439928561449051
