Pedestrian 0.0 0 0.5046084523200989 432.8940734863281 165.31753540039062 447.7151184082031 189.7711944580078 0.9496242 1.8261508 0.5251924 -12.7875395 1.2636995 54.26123 0.273165225982666 0.211232528090477
Pedestrian 0.0 0 0.059261254966259 576.8552856445312 167.3011932373047 588.793701171875 188.0835418701172 1.0479048 1.872733 0.5814132 -2.4778423 1.3727169 65.31808 0.021344423294067383 0.20636257529258728
Pedestrian 0.0 0 0.8908300399780273 75.5262680053711 163.97909545898438 103.84221649169922 203.54440307617188 0.9787053 1.7570243 0.5358225 -23.422728 1.3632641 32.426277 0.26526904106140137 0.12768176198005676
Pedestrian 0.0 0 0.18884024024009705 382.30810546875 163.62074279785156 418.26422119140625 250.80740356445312 0.6061173 1.7530477 0.62247235 -4.357557 1.5677539 14.844132 -0.09669249504804611 0.12246058881282806
Car 0.0 0 1.529789924621582 658.8388061523438 169.05551147460938 684.455322265625 190.5711212158203 4.1416144 1.476611 1.6500326 4.344939 1.2162783 51.62053 1.6137627363204956 0.5912288427352905
Car 0.0 0 -0.2905830144882202 780.5108032226562 171.37753295898438 893.817138671875 210.22415161132812 4.0707593 1.5187697 1.5442864 9.027027 1.4614029 29.00173 0.011170148849487305 0.5707395672798157
Car 0.0 0 2.2417259216308594 77.93590545654297 163.08534240722656 176.93594360351562 198.8549346923828 4.0042267 1.5331994 1.6227156 -21.97125 1.1148415 32.987396 1.6541504859924316 0.42694810032844543
Car 0.0 0 -0.32030558586120605 784.2063598632812 161.9985809326172 847.7487182617188 183.53662109375 3.9927862 1.492052 1.6482056 14.467662 0.74039805 50.891773 -0.043329764157533646 0.3313351571559906
Car 0.0 0 1.6621174812316895 649.8037719726562 169.36851501464844 674.45751953125 189.37869262695312 4.078806 1.5706007 1.6397732 4.254917 1.2973826 58.776558 1.7343828678131104 0.2855333089828491
Car 0.0 0 -0.9480642080307007 22.51856231689453 157.14852905273438 119.77836608886719 196.13291931152344 3.8684266 1.6879323 1.6327231 -24.693947 1.0082806 33.185944 -1.5877841711044312 0.2796032130718231
Car 0.0 0 -0.415958046913147 753.7605590820312 163.52059936523438 807.6435546875 183.0977325439453 4.180767 1.6477356 1.6735121 14.614125 0.86253536 61.931934 -0.18422631919384003 0.20756933093070984
Car 0.0 0 -2.6587769985198975 646.54833984375 165.95614624023438 695.0673217773438 184.4499969482422 4.232106 1.6842436 1.6743683 5.66001 1.0564092 67.54994 -2.5751821994781494 0.17748482525348663
Car 0.0 0 -0.2545349895954132 790.0245971679688 157.52415466308594 856.781982421875 181.2314453125 3.9998097 1.5558531 1.6107973 14.191423 0.55014884 48.21846 0.03169822692871094 0.15229710936546326
Car 0.0 0 3.1923766136169434 422.1045227050781 164.77313232421875 478.5670166015625 185.2357177734375 4.132479 1.5300295 1.6848459 -12.178374 0.9261631 55.121655 2.974933385848999 0.13844650983810425
Car 0.0 0 -2.589576244354248 0.0 0.0 1242.0 375.0 3.700127 1.5120757 1.6036156 2.9923913 1.6074545 1.7210436 -1.5407191514968872 0.12559542059898376
Car 0.0 0 3.146801233291626 561.972412109375 168.17727661132812 605.66845703125 184.82188415527344 3.9403763 1.5004818 1.6698283 -2.406601 1.0792413 65.93869 3.1103198528289795 0.12046398967504501
