Pedestrian 0.0 0 2.4871208667755127 960.636474609375 164.28353881835938 974.8077392578125 183.01150512695312 1.1275558 1.7549499 0.4949447 33.675957 0.95219135 67.96245 2.9471685886383057 0.14595748484134674
Pedestrian 0.0 0 0.7650934457778931 462.4495544433594 172.2690887451172 535.4710083007812 305.50555419921875 0.8113551 1.7314776 0.5756444 -1.5685973 1.7242342 9.841828 0.6070420742034912 0.10910025984048843
Cyclist 0.0 0 -3.4649746417999268 1040.6322021484375 224.58279418945312 1242.0 375.0 1.558127 1.5864093 0.7720168 3.7683058 1.9738533 4.769611 -2.796320676803589 0.13601580262184143
Car 0.0 0 -1.2595272064208984 844.0315551757812 180.63673400878906 947.7630615234375 233.8882598876953 4.1941056 1.3973708 1.6971177 8.637915 1.655304 21.719393 -0.8810007572174072 0.8583894371986389
Car 0.0 0 -1.546525478363037 997.113525390625 182.55650329589844 1242.0 375.0 3.6878762 1.4658589 1.6068938 4.5629272 1.5774908 6.3179946 -0.9210476875305176 0.70573490858078
Car 0.0 0 -1.1449077129364014 889.1589965820312 180.28611755371094 990.0932006835938 223.77032470703125 4.2901173 1.3857404 1.6464192 11.759089 1.6718858 25.713562 -0.7159907817840576 0.5533268451690674
Car 0.0 0 -1.3610239028930664 1051.4962158203125 175.89187622070312 1178.651123046875 249.7764892578125 3.8285356 1.4718356 1.6074415 11.508509 1.5493029 16.419094 -0.7496793270111084 0.5043694376945496
Car 0.0 0 -1.5240814685821533 1023.896728515625 172.33470153808594 1055.4644775390625 196.61077880859375 3.8173742 1.5307723 1.6117748 28.301533 1.4983854 47.531933 -0.9870352745056152 0.30551785230636597
Car 0.0 0 -0.8411630392074585 944.7354125976562 163.89111328125 990.259765625 180.81687927246094 3.9722784 1.5747364 1.6538584 33.988503 0.7412058 68.63427 -0.38135331869125366 0.19461587071418762
Car 0.0 0 -0.6622352600097656 913.5081787109375 171.8470458984375 987.8292846679688 198.7493896484375 4.096217 1.6519133 1.6491286 21.460903 1.5904397 45.5579 -0.22199933230876923 0.16868306696414948
Car 0.0 0 -1.0173485279083252 1151.6552734375 141.1502227783203 1242.0 375.0 4.045144 1.4906921 1.5586033 5.0927 1.3780986 3.4245439 -0.038542237132787704 0.16095682978630066
Car 0.0 0 1.1425580978393555 922.1437377929688 164.18655395507812 958.676025390625 182.07723999023438 3.8823502 1.6469424 1.6823256 31.237967 0.8494104 68.360504 1.5711842775344849 0.1130005344748497
