Car 0.0 0 -1.805871605873108 733.2332763671875 182.19931030273438 890.7361450195312 284.23095703125 4.147148 1.419292 1.6298074 3.2209594 1.6086633 12.503566 -1.5537497997283936 0.9646156430244446
Car 0.0 0 1.8712050914764404 426.2511291503906 182.7548370361328 500.4119873046875 229.42721557617188 4.0956335 1.5985188 1.6509631 -5.5799885 2.0085387 27.73082 1.6726369857788086 0.9617951512336731
Car 0.0 0 1.8689090013504028 332.3652648925781 188.33006286621094 436.6200866699219 253.36573791503906 3.622146 1.4317304 1.5541416 -5.71777 1.8689978 18.5555 1.5699973106384277 0.9545093178749084
Car 0.0 0 2.006490468978882 156.8193359375 196.1665496826172 372.7384948730469 303.82476806640625 4.4170046 1.4240134 1.6688979 -5.8072467 1.9068162 12.714719 1.5780506134033203 0.9264827370643616
Car 0.0 0 -2.0069456100463867 802.4344482421875 187.30462646484375 1209.606689453125 375.0 4.0764956 1.4424096 1.6989459 3.218736 1.6240971 7.008293 -1.5764050483703613 0.9181933403015137
Car 0.0 0 1.4063637256622314 687.1431274414062 180.912841796875 761.078125 234.36212158203125 3.7791882 1.46558 1.6323918 3.377673 1.7357711 22.255676 1.5569812059402466 0.8555595278739929
Car 0.0 0 -1.7029093503952026 652.1046752929688 176.00753784179688 694.1968383789062 208.2255859375 3.7698102 1.5381702 1.6422981 3.124887 1.7075267 36.743034 -1.618066430091858 0.6754345297813416
Car 0.0 0 -1.7521898746490479 668.9479370117188 180.58958435058594 730.4918823242188 221.01373291015625 3.9749289 1.3961135 1.6388282 3.323087 1.7156041 27.729883 -1.6329208612442017 0.5595502257347107
Car 0.0 0 2.358487367630005 0.0 210.4079132080078 129.59376525878906 375.0 3.911384 1.4118482 1.590804 -5.897438 1.8095105 5.6610026 1.5526363849639893 0.5469492673873901
Car 0.0 0 1.7582981586456299 497.4163513183594 178.8059539794922 536.3860473632812 207.33045959472656 3.9131787 1.5835662 1.5969881 -5.516539 1.9542472 42.889736 1.6303790807724 0.5392940640449524
