Pedestrian 0.0 0 -0.12698036432266235 819.899169921875 161.2406768798828 836.3005981445312 186.54080200195312 1.1074662 1.8774467 0.58502173 16.26817 1.0160136 53.920403 0.16604185104370117 0.1397465169429779
Pedestrian 0.0 0 2.5226869583129883 815.9183349609375 162.49061584472656 832.1309814453125 185.5675506591797 1.0129659 1.7499567 0.6264104 16.33886 0.9644437 55.173313 2.810595989227295 0.13640785217285156
Cyclist 0.0 0 -1.1018152236938477 16.701627731323242 194.16395568847656 52.74053192138672 248.72433471679688 1.367 1.675901 0.33421332 -18.697136 2.3885863 23.412844 -1.7756925821304321 0.24810944497585297
Car 0.0 0 2.0565667152404785 191.00848388671875 191.6360321044922 277.25860595703125 228.17477416992188 4.011411 1.368844 1.6080204 -16.127592 2.2313926 31.107843 1.578275203704834 0.9608473777770996
Car 0.0 0 2.278261423110962 0.0 206.20108032226562 59.2035026550293 259.5047607421875 3.7733085 1.3466069 1.7941254 -19.541685 2.4739597 22.48856 1.5628619194030762 0.54732346534729
Car 0.0 0 1.4317545890808105 818.6694946289062 159.20875549316406 848.9594116210938 180.7395477294922 4.2062664 1.5907352 1.6517242 17.148476 0.58295596 55.513905 1.7313601970672607 0.36103764176368713
Car 0.0 0 -0.20540280640125275 698.0255126953125 166.67486572265625 745.0025024414062 183.86476135253906 3.9661098 1.5390027 1.6243277 10.082441 0.98614585 65.51161 -0.052697841078042984 0.1424073874950409
Car 0.0 0 -0.41907039284706116 891.4351806640625 163.56436157226562 1002.9981689453125 206.06033325195312 3.9145465 1.7502604 1.7515045 14.200766 1.3680108 30.62023 0.015176057815551758 0.13094259798526764
Car 0.0 0 -0.354733407497406 867.0345458984375 156.3362579345703 944.6942138671875 182.98435974121094 3.9455163 1.5435874 1.5712751 17.406883 0.5871576 42.64218 0.03282880783081055 0.10840372741222382
Car 0.0 0 -1.2871525287628174 0.0 170.26052856445312 35.100990295410156 199.02218627929688 3.6174595 1.5396609 1.6311781 -33.991215 1.4011856 40.60642 -1.9841036796569824 0.10700706392526627
Car 0.0 0 -0.10934674739837646 696.1114501953125 169.28932189941406 745.0223999023438 186.2393798828125 4.366289 1.5644549 1.6688448 10.2969265 1.2358005 67.51904 0.041991233825683594 0.10230910778045654
Car 0.0 0 -0.5467497110366821 418.30572509765625 179.5806121826172 469.48126220703125 199.44662475585938 3.897017 1.5807658 1.6679814 -13.968854 2.1652262 60.694195 -0.7729618549346924 0.10182046890258789
