Pedestrian 0.0 0 -1.9136841297149658 711.0630493164062 160.7264404296875 770.8802490234375 276.2594299316406 1.1854128 1.7360115 0.56239754 2.0955033 1.4405527 11.24892 -1.7295103073120117 0.361596018075943
Pedestrian 0.0 0 1.920902132987976 982.8951416015625 139.4803009033203 1020.8011474609375 210.2947998046875 0.9944884 1.7873179 0.5528945 10.282358 0.7535971 18.374409 2.4310874938964844 0.24728956818580627
Pedestrian 0.0 0 -2.195718288421631 876.5245971679688 160.4873504638672 901.82373046875 197.37371826171875 1.1835364 1.7227833 0.5221601 13.502641 0.78954154 33.655117 -1.814172625541687 0.24161560833454132
Pedestrian 0.0 0 -3.617884874343872 983.13623046875 142.7144012451172 1084.7862548828125 277.37603759765625 1.0406626 1.7875156 0.5839861 5.819845 1.2876173 9.705096 -3.0777087211608887 0.14686957001686096
Pedestrian 0.0 0 2.045896053314209 1000.3912353515625 137.58302307128906 1044.35400390625 215.42347717285156 1.0161409 1.9019798 0.54900205 10.459328 0.85493046 17.774836 2.577768087387085 0.13397693634033203
Pedestrian 0.0 0 -1.5708084106445312 495.90728759765625 167.0586700439453 505.9979248046875 200.3221893310547 0.7890109 1.7839805 0.5360609 -5.6544213 1.0645043 38.3447 -1.7172162532806396 0.1069193109869957
Cyclist 0.0 0 -1.9552329778671265 701.6218872070312 157.0499267578125 774.7255249023438 270.58966064453125 1.6059123 1.7118138 0.6002011 2.084422 1.3599228 11.502304 -1.7759606838226318 0.5266677737236023
Cyclist 0.0 0 -2.1217379570007324 876.87841796875 158.8968963623047 904.0767211914062 197.4605712890625 1.3842832 1.7942656 0.5546896 13.547747 0.7905827 33.620903 -1.738685965538025 0.154209166765213
Car 0.0 0 -0.7987478375434875 0.0 204.56130981445312 300.2529296875 370.0 3.974692 1.3905201 1.6468986 -3.1663098 1.5723261 3.2945223 -1.564303994178772 0.9038788676261902
Car 0.0 0 1.7614601850509644 445.77880859375 173.62355041503906 484.93804931640625 198.83140563964844 4.053971 1.4723916 1.6162485 -8.505268 1.0721121 43.32333 1.567604899406433 0.7371708154678345
Car 0.0 0 -2.157104015350342 1189.365966796875 151.4807891845703 1224.0 192.63600158691406 4.474127 1.5048412 1.7610012 25.75104 0.44527096 28.193861 -1.4169586896896362 0.27944761514663696
Car 0.0 0 -3.133115768432617 591.2484741210938 166.30548095703125 636.6939697265625 182.02296447753906 4.292699 1.4837155 1.655242 0.8901934 0.14490265 67.61368 -3.119950771331787 0.1531994491815567
Car 0.0 0 0.26645344495773315 41.8333625793457 167.90049743652344 119.14280700683594 192.48294067382812 3.8294196 1.5802569 1.6209614 -34.713024 0.7716464 46.896088 -0.37075352668762207 0.14209939539432526
Car 0.0 0 -2.978376626968384 653.3340454101562 163.90484619140625 699.5418701171875 180.11929321289062 4.176373 1.5169396 1.6784136 6.8628554 -0.035995986 67.563515 -2.8771474361419678 0.12933163344860077
Car 0.0 0 -1.2488806247711182 1187.70458984375 129.2806396484375 1224.0 370.0 4.2032385 1.517552 1.6188515 5.4314194 1.346904 3.7340455 -0.2803648114204407 0.10995863378047943
