Pedestrian 0.0 0 3.0070362091064453 636.5590209960938 166.7719268798828 647.9448852539062 186.21287536621094 0.9626514 1.7451086 0.533287 2.887041 1.1995118 65.07474 3.0513720512390137 0.14723627269268036
Cyclist 0.0 0 -2.2027976512908936 1075.4041748046875 142.4414520263672 1219.4232177734375 325.775390625 1.350463 1.8612082 0.58885247 5.8367915 1.5528176 7.998004 -1.5723627805709839 0.2776073217391968
Cyclist 0.0 0 -3.0543527603149414 562.95654296875 163.7677459716797 697.26904296875 316.4773864746094 1.636588 1.8357888 0.7412796 0.22262964 1.7269168 9.130653 -3.029974937438965 0.10279962420463562
Car 0.0 0 -1.5798728466033936 561.0300903320312 185.66490173339844 698.26513671875 308.0026550292969 3.797359 1.4288054 1.6799631 0.20421873 1.6535907 10.730553 -1.560843586921692 0.8507436513900757
Car 0.0 0 -1.5666393041610718 596.264404296875 171.86764526367188 626.1458740234375 199.13938903808594 3.6409903 1.5416825 1.689393 0.042493746 1.4862813 42.61089 -1.56564199924469 0.45845210552215576
Car 0.0 0 2.7854528427124023 631.5020141601562 167.04974365234375 677.5386962890625 184.549072265625 3.882074 1.5656413 1.5970733 4.0391436 1.0466996 65.88048 2.846686363220215 0.3325015604496002
Car 0.0 0 -0.6256474256515503 1146.003662109375 144.7538604736328 1242.0 182.26365661621094 3.6750927 1.6070116 1.5589973 26.031706 0.4034905 31.798618 0.06035804748535156 0.21337689459323883
Car 0.0 0 2.197406768798828 255.97714233398438 171.19847106933594 299.26995849609375 189.86782836914062 3.8831413 1.6519902 1.6243986 -30.328058 1.5058539 65.906 1.7661265134811401 0.19223494827747345
Car 0.0 0 1.9282951354980469 303.302734375 171.6585235595703 339.24285888671875 188.84144592285156 4.017369 1.4635942 1.6345192 -25.374641 1.3621256 63.482697 1.5480390787124634 0.19000089168548584
Car 0.0 0 1.767220377922058 526.076416015625 175.93463134765625 563.4608154296875 201.035400390625 4.0144205 1.5249101 1.644945 -4.179546 1.7323945 46.426525 1.677437424659729 0.16004405915737152
Car 0.0 0 -1.467350721359253 546.2380981445312 193.56028747558594 641.177490234375 273.9591064453125 3.7158206 1.3539126 1.592218 -0.2733356 1.8414688 15.05534 -1.485504150390625 0.14802318811416626
Car 0.0 0 -0.3850753605365753 696.0601196289062 166.07064819335938 744.985595703125 184.5059814453125 3.8792472 1.5738993 1.6420981 9.59358 0.9951339 62.84555 -0.23359152674674988 0.1325734704732895
Car 0.0 0 -0.19887574017047882 574.9239501953125 171.0990753173828 621.109375 187.51654052734375 4.08943 1.5128014 1.6452359 -1.155013 1.3514497 67.72556 -0.21592840552330017 0.12093917280435562
Car 0.0 0 1.8318644762039185 563.4281616210938 183.38949584960938 642.8344116210938 238.04443359375 3.74479 1.4710821 1.5234766 -0.16836941 1.8248008 22.194054 1.8242783546447754 0.11500779539346695
Car 0.0 0 2.2631125450134277 0.0 58.288902282714844 262.3481750488281 375.0 4.367424 1.9440086 1.7433575 -3.8080974 1.6581904 4.034739 1.5066043138504028 0.10504152625799179
