Car 0.0 0 1.9909021854400635 206.28038024902344 183.51422119140625 384.8917236328125 280.4283752441406 4.301411 1.6185368 1.6907395 -6.190601 1.8680449 14.692721 1.5921374559402466 0.9318675994873047
Car 0.0 0 1.8793491125106812 341.7906188964844 180.76234436035156 440.44720458984375 240.9354248046875 4.0839767 1.5506008 1.5967135 -6.33629 1.8057411 21.186981 1.5887501239776611 0.9141812920570374
Car 0.0 0 1.6462477445602417 524.4085693359375 177.9051513671875 560.1574096679688 206.30284118652344 3.9570036 1.4653773 1.677554 -3.7340147 1.7592543 39.932175 1.5530099868774414 0.8949459195137024
Car 0.0 0 -2.1305387020111084 857.0029296875 185.19622802734375 1242.0 375.0 4.0131555 1.4627326 1.646167 2.880335 1.5716215 4.312384 -1.5416676998138428 0.7707258462905884
Car 0.0 0 1.8298282623291016 491.4061584472656 178.4549102783203 533.9310302734375 202.20974731445312 4.1502857 1.4421551 1.7402372 -6.3129783 1.8241324 46.991726 1.6962854862213135 0.7646098732948303
Car 0.0 0 2.2687764167785645 0.0 212.4782257080078 172.14718627929688 375.0 4.1812983 1.3037664 1.6400633 -6.018181 1.778761 6.512585 1.5228129625320435 0.6802650094032288
Car 0.0 0 -0.43171226978302 857.3735961914062 163.9324951171875 919.03515625 185.5874481201172 4.1207705 1.6504132 1.722098 21.529 0.97082675 55.98087 -0.06457115709781647 0.5752202868461609
Car 0.0 0 -1.5290446281433105 629.781494140625 172.59642028808594 653.8809814453125 192.41754150390625 4.016848 1.4179868 1.6272109 2.373731 1.3999171 53.686314 -1.4848586320877075 0.5457277894020081
Car 0.0 0 0.020012855529785156 1057.729248046875 133.9114227294922 1238.071533203125 192.5926513671875 4.1049595 1.5646763 1.6847744 15.584106 0.52666956 21.154602 0.6549324989318848 0.5039771795272827
Car 0.0 0 1.7843751907348633 430.8232421875 184.3732147216797 488.6301574707031 219.07086181640625 4.1756687 1.3641872 1.6486396 -6.591523 1.9065655 31.852562 1.5803169012069702 0.3721943795681
Car 0.0 0 2.2918951511383057 1143.3114013671875 147.5694580078125 1242.0 183.17971801757812 3.9988925 1.5746654 1.6725835 26.873129 0.45695552 33.060574 2.974419593811035 0.32902252674102783
