Pedestrian 0.0 0 0.6441697478294373 524.3626708984375 165.55609130859375 585.8975219726562 272.4762268066406 0.8691714 1.721845 0.5535609 -0.9714798 1.6046772 12.0831375 0.5639426708221436 0.13763421773910522
Cyclist 0.0 0 -3.7529444694519043 1187.3856201171875 161.6546173095703 1242.0 329.83404541015625 1.6914289 1.8566697 0.7447555 7.8838973 1.7333884 8.44921 -3.0021438598632812 0.13109607994556427
Car 0.0 0 -1.1279700994491577 860.4703979492188 173.92001342773438 974.4987182617188 222.494140625 4.1394877 1.3894079 1.6939709 9.700013 1.426316 22.730198 -0.7246217727661133 0.8447275757789612
Car 0.0 0 -1.3634769916534424 949.00390625 179.27557373046875 1226.8421630859375 369.2731018066406 3.9529238 1.4590153 1.6435814 5.1559134 1.5448533 7.6364202 -0.7696077823638916 0.6380255818367004
Car 0.0 0 -1.280597448348999 1045.313720703125 168.6432647705078 1181.763427734375 236.21080017089844 3.9463365 1.4656243 1.6578484 12.237126 1.3746464 17.524403 -0.6710195541381836 0.5769231915473938
Car 0.0 0 -1.4264447689056396 1095.73779296875 167.31689453125 1182.231201171875 221.4961395263672 3.5213022 1.4596311 1.5643258 15.569239 1.3108152 21.239902 -0.793900728225708 0.3734942078590393
Car 0.0 0 1.4144577980041504 938.3475952148438 172.29049682617188 1007.6593627929688 211.712890625 4.350172 1.4435207 1.7932217 14.316431 1.4232447 28.761684 1.876312255859375 0.3452012836933136
Car 0.0 0 2.5397889614105225 936.4253540039062 160.89317321777344 1008.8887329101562 185.25875854492188 3.9360135 1.5244062 1.592254 23.163036 0.77644765 46.196995 3.0045535564422607 0.25694355368614197
Car 0.0 0 0.9494819641113281 1095.6678466796875 156.1170654296875 1170.0240478515625 183.80606079101562 4.071749 1.6143881 1.6032816 31.823616 0.6389107 44.104862 1.5745214223861694 0.22082164883613586
Car 0.0 0 -1.313912272453308 1041.99560546875 161.62002563476562 1085.1658935546875 184.6668701171875 3.529024 1.474538 1.5852971 30.130383 0.75614583 47.946167 -0.7528566718101501 0.17091920971870422
Car 0.0 0 -0.549098789691925 935.9845581054688 164.81398010253906 990.3106079101562 181.2359161376953 4.336584 1.516418 1.6799163 33.077034 0.77435184 67.66542 -0.09442529082298279 0.15334109961986542
