Pedestrian 0.0 0 -2.08693265914917 704.1092529296875 161.67933654785156 762.0316162109375 257.10504150390625 1.1489006 1.743873 0.598976 2.465572 1.3829236 13.766061 -1.9097065925598145 0.42756387591362
Pedestrian 0.0 0 -1.8761036396026611 763.1917114257812 162.78082275390625 791.0980834960938 223.36215209960938 0.73941123 1.7417648 0.5975905 5.111026 1.2047117 21.039013 -1.637789249420166 0.3931001126766205
Pedestrian 0.0 0 -2.2721543312072754 0.0 84.67595672607422 189.31353759765625 374.0 0.9735825 1.7677215 0.59457004 -2.0990815 1.492126 2.4218173 -2.986285924911499 0.2431340217590332
Pedestrian 0.0 0 -3.2239303588867188 675.7984008789062 170.79190063476562 720.6336669921875 242.70831298828125 1.0556893 1.7521824 0.5839482 2.357041 1.492481 17.816582 -3.0923993587493896 0.16798798739910126
Cyclist 0.0 0 -1.7478073835372925 685.4474487304688 167.31851196289062 721.8589477539062 240.51210021972656 1.6765282 1.7269852 0.60032505 2.4778721 1.3935783 17.795565 -1.609455943107605 0.5403820872306824
Cyclist 0.0 0 -1.9839013814926147 704.37744140625 159.20985412597656 761.1292114257812 256.1445617675781 1.2602886 1.7738856 0.61524814 2.4672825 1.3672466 13.8274555 -1.807326078414917 0.12406835705041885
Car 0.0 0 1.635175347328186 547.0050659179688 170.49468994140625 569.5360717773438 188.27096557617188 4.164034 1.4983197 1.6985492 -3.6996017 0.5711676 62.63068 1.5761737823486328 0.7025264501571655
Car 0.0 0 -1.6467965841293335 646.8335571289062 172.13058471679688 684.662109375 205.82675170898438 3.929716 1.5878813 1.5732498 3.147789 1.1472762 35.821735 -1.5591479539871216 0.6195875406265259
Car 0.0 0 1.9692609310150146 55.35250473022461 137.17782592773438 452.4769287109375 374.0 4.178724 1.9450918 1.671141 -2.738631 1.6598701 6.742636 1.583450198173523 0.588944673538208
Car 0.0 0 -1.4765472412109375 532.5149536132812 176.5904998779297 565.8049926757812 205.60189819335938 3.817286 1.5490202 1.5108846 -2.8885562 1.2877235 40.27709 -1.5481417179107666 0.32387399673461914
Car 0.0 0 -0.8579391241073608 740.4016723632812 164.07623291015625 785.6203002929688 182.5972442626953 4.1273503 1.6076738 1.6472323 14.501441 0.0956741 64.23903 -0.6359186172485352 0.28278520703315735
Car 0.0 0 -1.640404224395752 670.1613159179688 182.1645965576172 727.1063232421875 229.5204315185547 3.7506952 1.4142109 1.5620878 3.0678132 1.4387175 23.421495 -1.5101628303527832 0.1462753713130951
