Pedestrian 0.0 0 2.2756457328796387 972.8555297851562 141.41664123535156 1017.041748046875 209.37777709960938 0.9388352 1.7499156 0.5399342 10.232961 0.7451571 18.619877 2.7781600952148438 0.26310181617736816
Pedestrian 0.0 0 2.4063303470611572 981.0244750976562 140.453369140625 1033.9981689453125 213.97506713867188 1.0938417 1.8377597 0.5437449 10.2375765 0.83834285 18.052917 2.9221975803375244 0.2622724175453186
Pedestrian 0.0 0 -3.599073886871338 980.5547485351562 142.66676330566406 1081.946533203125 279.301513671875 1.0365534 1.808662 0.5872871 5.7719193 1.3095285 9.688404 -3.061781406402588 0.15066491067409515
Cyclist 0.0 0 -0.5090988874435425 771.0899658203125 160.75477600097656 797.6240844726562 190.66311645507812 1.3681195 1.7007872 0.5835161 10.306089 0.5793263 40.660862 -0.2608620524406433 0.10442830622196198
Car 0.0 0 -0.7954497337341309 0.0 200.63258361816406 298.9022521972656 370.0 4.024969 1.4223068 1.6555 -3.1736152 1.5744591 3.2628474 -1.5669852495193481 0.9084727764129639
Car 0.0 0 0.38626402616500854 646.7633056640625 165.48666381835938 773.3139038085938 212.04393005371094 4.1085167 1.5390514 1.7171382 3.6821837 1.0442947 25.149544 0.5316426753997803 0.8089898228645325
Car 0.0 0 -2.163792848587036 1188.11669921875 150.84149169921875 1224.0 192.0677947998047 4.4796586 1.5101461 1.7514057 25.744688 0.42525378 28.238226 -1.4245531558990479 0.31341198086738586
Car 0.0 0 -0.9872944951057434 51.93444061279297 167.38973999023438 119.55929565429688 193.2732391357422 4.072069 1.6697118 1.717911 -34.919754 0.8253195 47.681232 -1.6194090843200684 0.19878485798835754
Car 0.0 0 -3.1115190982818604 589.272705078125 165.53150939941406 634.9386596679688 181.55453491210938 4.314174 1.511177 1.6353905 0.7278729 0.10059422 67.5839 -3.1007494926452637 0.16245125234127045
Car 0.0 0 1.3534015417099 718.4117431640625 163.9262237548828 745.0025634765625 183.0363311767578 3.4276693 1.5951997 1.5414703 10.876066 0.2129285 60.758774 1.5305296182632446 0.1343463510274887
Car 0.0 0 -1.7699137926101685 675.6203002929688 163.3303985595703 700.6246337890625 180.4932403564453 3.8405645 1.6112888 1.6695114 8.032879 0.0004297234 68.359955 -1.6529417037963867 0.12645725905895233
Car 0.0 0 2.094172954559326 182.39077758789062 167.41763305664062 244.5102081298828 194.73033142089844 3.715199 1.6276696 1.7627734 -24.294132 0.849408 44.004765 1.589734673500061 0.12246841192245483
Car 0.0 0 -1.2850462198257446 1194.7578125 125.96005249023438 1224.0 370.0 4.196179 1.5252434 1.6215962 5.4046702 1.3485649 3.7360373 -0.31908664107322693 0.11688533425331116
Car 0.0 0 1.5991555452346802 694.878662109375 161.229248046875 717.066650390625 182.66983032226562 4.0108447 1.6427591 1.6374184 8.080038 0.16750568 56.28399 1.7417397499084473 0.11663596332073212
