Car 0.0 0 -1.6556239128112793 661.0971069335938 179.0646209716797 700.297607421875 208.88275146484375 4.162334 1.3772053 1.6021976 3.4608295 1.7078701 36.282394 -1.56052565574646 0.9118256568908691
Car 0.0 0 3.6104912757873535 18.186466217041016 189.32583618164062 345.95245361328125 301.6156005859375 3.8854482 1.4856122 1.6178001 -6.20947 1.7518513 10.728025 3.0857996940612793 0.8974429965019226
Car 0.0 0 0.3576473891735077 337.9696044921875 181.4308624267578 496.24774169921875 237.8911895751953 4.1026564 1.5276561 1.6461678 -5.5532274 1.7879717 20.847975 0.09732413291931152 0.884196400642395
Car 0.0 0 3.3717195987701416 368.9829406738281 180.84317016601562 503.42510986328125 230.89007568359375 3.930672 1.5330186 1.6485071 -5.556655 1.7995151 23.1994 3.1366312503814697 0.8825973868370056
Car 0.0 0 -2.2436869144439697 910.218994140625 190.1913299560547 1242.0 375.0 3.6997743 1.4825517 1.6273606 2.5629244 1.5952556 2.7677717 -1.4966976642608643 0.7875755429267883
Car 0.0 0 3.9184696674346924 0.0 192.1798095703125 145.9374542236328 375.0 3.9244885 1.5917993 1.6426464 -6.3748875 1.7752323 5.9232483 3.0963637828826904 0.6914714574813843
Car 0.0 0 0.18433630466461182 438.3777770996094 179.1807861328125 537.596923828125 216.2547149658203 3.8968842 1.5072415 1.6575121 -5.1425548 1.7825165 30.48788 0.017233848571777344 0.6220069527626038
Car 0.0 0 0.3495289087295532 272.1924133300781 180.64352416992188 448.1228942871094 245.78012084960938 3.911816 1.5639194 1.6373366 -6.3185673 1.77196 18.38019 0.01841449737548828 0.5814335942268372
Car 0.0 0 3.6011908054351807 107.30233001708984 183.53700256347656 365.19537353515625 274.6242980957031 3.8483398 1.5254189 1.6065582 -6.6922803 1.7320607 13.102308 3.1289634704589844 0.5769676566123962
Car 0.0 0 3.324647903442383 394.66204833984375 182.3275909423828 507.79632568359375 226.1365509033203 3.771247 1.5110065 1.6084728 -5.724973 1.8657563 26.123394 3.108907461166382 0.4189680218696594
