Pedestrian 0.0 0 -2.2032482624053955 834.5436401367188 155.04322814941406 912.709228515625 282.4062805175781 0.9653414 1.7388905 0.59441745 3.8573184 1.3789983 10.350178 -1.846511960029602 0.5179885625839233
Pedestrian 0.0 0 1.507305383682251 478.6959533691406 181.08908081054688 497.9871520996094 230.74754333496094 0.8543634 1.6254627 0.5814737 -3.8070936 1.6131022 23.991037 1.3499294519424438 0.4879668056964874
Pedestrian 0.0 0 0.5115904211997986 700.7766723632812 163.39834594726562 788.3761596679688 311.13311767578125 0.9089991 1.7595321 0.59909135 1.7583821 1.5452842 9.075167 0.7029764652252197 0.2808744013309479
Pedestrian 0.0 0 -1.6940667629241943 605.630859375 173.63978576660156 625.4660034179688 225.17752075195312 1.081211 1.7789488 0.56890666 0.46845588 1.5087031 25.35984 -1.6755964756011963 0.26148876547813416
Pedestrian 0.0 0 -1.2487674951553345 623.3656616210938 176.95587158203125 649.1480102539062 223.95742797851562 0.8011597 1.6324416 0.6956125 1.215352 1.4756824 25.445543 -1.2010408639907837 0.2380598932504654
Pedestrian 0.0 0 -1.6799310445785522 683.3970947265625 168.8651580810547 698.8305053710938 203.00990295410156 0.9087531 1.8045243 0.72297615 4.788086 1.137627 38.42054 -1.555947184562683 0.11562375724315643
Cyclist 0.0 0 -1.3775990009307861 607.107177734375 169.64634704589844 630.0824584960938 224.1009979248047 1.5020769 1.8646458 0.5359828 0.5944944 1.4598229 25.38582 -1.354184865951538 0.2132057547569275
Cyclist 0.0 0 -3.0218968391418457 696.1676635742188 203.14622497558594 904.194091796875 374.0 1.5562944 1.5731336 0.65112656 1.5614841 1.7685245 5.8442397 -2.7608120441436768 0.1299663633108139
Cyclist 0.0 0 -1.273105263710022 635.5369873046875 166.5991973876953 671.759033203125 227.36227416992188 1.5193479 1.7066361 0.6412568 1.5121493 1.2892686 20.997265 -1.2012128829956055 0.12077773362398148
Cyclist 0.0 0 0.3740517497062683 700.314208984375 154.93685913085938 816.6707763671875 305.74530029296875 1.2815084 1.7574159 0.6281579 1.9106874 1.4492148 8.983534 0.5836167335510254 0.10838551819324493
Cyclist 0.0 0 1.507305383682251 478.6959533691406 181.08908081054688 497.9871520996094 230.74754333496094 0.8543634 1.6254627 0.5814737 -3.8070936 1.6131022 23.991037 1.3499294519424438 0.10602744668722153
Car 0.0 0 2.077387809753418 0.0 204.88523864746094 393.9743347167969 374.0 4.216245 1.4406773 1.6955398 -3.2780187 1.7085376 6.0664206 1.5819801092147827 0.9661272168159485
Car 0.0 0 -1.6388126611709595 658.768310546875 166.23150634765625 712.57373046875 216.02609252929688 3.998763 1.7344235 1.7255996 3.0762284 1.2036626 27.054451 -1.525593876838684 0.3855891525745392
Car 0.0 0 -3.264035701751709 633.4805297851562 167.22793579101562 780.8265991210938 223.95301818847656 4.079782 1.5894687 1.6575451 2.9717147 1.1907052 20.991274 -3.123401165008545 0.17935512959957123
Car 0.0 0 -1.3828386068344116 549.86376953125 175.9884490966797 590.0199584960938 203.24331665039062 4.2520204 1.5646477 1.6626103 -1.846524 1.2490293 43.459625 -1.4253013134002686 0.15369027853012085
Car 0.0 0 -0.46902430057525635 47.246055603027344 195.59683227539062 190.14309692382812 239.4592742919922 4.0849137 1.392402 1.5715425 -17.596737 1.9531746 26.356413 -1.057704210281372 0.13548491895198822
Car 0.0 0 2.1205034255981445 0.0 200.3374786376953 87.53560638427734 237.42784118652344 4.0578375 1.5569743 1.7754372 -26.797432 2.5158553 34.414196 1.4589022397994995 0.12239571660757065
Car 0.0 0 -0.03657230734825134 388.57342529296875 167.20074462890625 452.16888427734375 190.85916137695312 4.2504635 1.6093886 1.7682774 -12.67553 0.6373252 50.306053 -0.28340262174606323 0.11942768096923828
Car 0.0 0 -0.38383758068084717 645.2130126953125 164.3016815185547 698.3268432617188 183.97183227539062 4.2136483 1.6539335 1.7122933 6.0744452 0.20830175 61.81305 -0.2858808636665344 0.11216933280229568
Car 0.0 0 -2.701697826385498 0.0 0.0 1238.0 374.0 4.138081 1.4817569 1.6835518 2.4345253 1.3830321 1.2487046 -1.6048275232315063 0.10615632683038712
Car 0.0 0 1.7013118267059326 595.76953125 166.28965759277344 619.314453125 186.53128051757812 3.7477627 1.7659941 1.6466181 0.6124379 0.4393821 64.63947 1.71078622341156 0.10490217059850693
