Car 0.0 0 1.4944970607757568 688.3781127929688 181.00067138671875 787.66943359375 264.64117431640625 4.3101606 1.4837396 1.7146797 2.5387096 1.6836568 15.450769 1.6573514938354492 0.9485107064247131
Car 0.0 0 1.7402126789093018 458.0167236328125 185.58702087402344 536.8280029296875 240.91864013671875 4.254257 1.44313 1.6656126 -3.355202 1.8685606 21.943169 1.5884836912155151 0.9481325149536133
Car 0.0 0 -1.6779327392578125 662.04248046875 183.17999267578125 726.5849609375 234.07852172851562 3.8201404 1.3824706 1.5570928 2.4724746 1.7291472 22.283901 -1.5674313306808472 0.8787252306938171
Car 0.0 0 1.6927067041397095 519.8004760742188 181.5102996826172 557.1386108398438 211.8165283203125 3.4387743 1.4366415 1.4962732 -3.654575 1.9009056 36.92937 1.5940666198730469 0.8204760551452637
Car 0.0 0 2.1704154014587402 0.0 199.41343688964844 347.048583984375 375.0 4.1984177 1.4775797 1.6663809 -3.5857952 1.7498772 5.2830553 1.5741043090820312 0.7457894682884216
Car 0.0 0 -1.3902192115783691 487.2841491699219 181.99710083007812 543.8795776367188 224.23406982421875 3.6803386 1.5122563 1.5822982 -3.7047215 1.8978848 28.522886 -1.5193819999694824 0.5335588455200195
Car 0.0 0 -1.6242107152938843 631.4242553710938 174.6617889404297 651.5245361328125 192.63330078125 3.4651468 1.4872466 1.5325916 2.649765 1.6468074 61.799366 -1.581360101699829 0.4509120285511017
Car 0.0 0 -1.6192599534988403 653.124267578125 182.92552185058594 702.9970092773438 225.71168518066406 4.347643 1.448129 1.6743536 2.4904783 1.8654653 27.663584 -1.5294747352600098 0.3679916560649872
Car 0.0 0 1.2906887531280518 824.9322509765625 158.73472595214844 873.1231689453125 185.1903533935547 3.9948988 1.4980767 1.6701478 14.105484 0.6989163 42.882553 1.608473777770996 0.2077217698097229
Car 0.0 0 1.6863577365875244 491.2354431152344 169.34434509277344 520.8024291992188 191.94149780273438 3.9887094 1.6055415 1.7140954 -7.664574 1.3565363 53.279995 1.5434832572937012 0.16636338829994202
Car 0.0 0 1.8360143899917603 455.9971618652344 168.37509155273438 488.00164794921875 188.66653442382812 3.9583623 1.6617017 1.6856571 -11.671043 1.2952725 61.12307 1.6473420858383179 0.16159352660179138
