Cyclist 0.0 0 -1.5619134902954102 694.32080078125 163.9196319580078 706.059814453125 198.77542114257812 1.5019602 1.6744188 0.56013715 4.397352 1.2455835 35.44018 -1.4384663105010986 0.15114833414554596
Cyclist 0.0 0 1.951361060142517 329.52630615234375 179.57797241210938 343.7306213378906 201.17723083496094 1.284452 1.588759 0.5604419 -20.526546 2.099523 54.120922 1.5888503789901733 0.11868177354335785
Car 0.0 0 2.171112060546875 47.11971664428711 196.41683959960938 176.33351135253906 247.2923583984375 3.9667165 1.4611092 1.6595854 -16.816122 2.3277435 24.540527 1.5703617334365845 0.969475507736206
Car 0.0 0 2.3750739097595215 0.0 204.47637939453125 72.31668090820312 257.2337341308594 3.5440428 1.4502882 1.7376527 -20.154457 2.5796442 23.905443 1.6746047735214233 0.25265875458717346
Car 0.0 0 1.9252822399139404 454.12823486328125 180.90493774414062 486.2289733886719 196.913818359375 4.161692 1.3970973 1.5974739 -13.026702 2.1732779 67.34475 1.7342089414596558 0.1960723102092743
Car 0.0 0 1.580253005027771 679.6231689453125 171.85037231445312 697.1734008789062 188.08445739746094 4.0357375 1.4734118 1.5857524 7.341535 1.3826798 67.5813 1.6884613037109375 0.14429110288619995
Car 0.0 0 1.511984944343567 739.5910034179688 164.9150848388672 761.7140502929688 186.4965362548828 3.8508492 1.7601802 1.6025063 11.810773 1.113041 60.86044 1.7036656141281128 0.13395483791828156
Car 0.0 0 -2.775912284851074 583.110107421875 169.2864227294922 631.8953247070312 186.6260986328125 4.014949 1.5008899 1.5994735 -0.24076417 1.1924453 63.910973 -2.779679536819458 0.12839876115322113
Car 0.0 0 -1.1998077630996704 318.62664794921875 179.23670959472656 357.8519592285156 200.9085235595703 3.7125456 1.5830213 1.5958031 -20.942677 2.0923193 55.665745 -1.5596493482589722 0.11069237440824509
Car 0.0 0 -0.2960834503173828 704.6546020507812 167.8951873779297 756.055908203125 185.0331573486328 4.453174 1.5802526 1.693993 11.248343 1.1233684 67.65988 -0.13134180009365082 0.10464858263731003
