Cyclist 0.0 0 -1.1247880458831787 2.4691593647003174 196.8046112060547 46.409671783447266 257.6893615722656 1.2705595 1.6997966 0.513319 -17.35674 2.4315064 21.352278 -1.80733060836792 0.14185628294944763
Car 0.0 0 2.0581517219543457 154.7260284423828 192.55889892578125 271.1336975097656 245.68698120117188 3.9746099 1.4662971 1.62624 -12.757409 2.1600184 23.389353 1.5588188171386719 0.913526713848114
Car 0.0 0 -1.5603102445602417 599.5988159179688 174.56765747070312 628.6356201171875 201.02577209472656 4.0739307 1.4947282 1.6516638 0.23144408 1.6022649 43.075245 -1.5549372434616089 0.8017898797988892
Car 0.0 0 2.001455783843994 238.53439331054688 187.68759155273438 309.98260498046875 221.985107421875 3.9634416 1.4843209 1.6279768 -16.192621 2.2435334 34.92499 1.567317008972168 0.42846089601516724
Car 0.0 0 -0.5290094017982483 769.6485595703125 165.8247833251953 818.3289794921875 183.32911682128906 3.94865 1.5311661 1.5909574 16.400206 0.9166529 64.42238 -0.27973127365112305 0.20901766419410706
Car 0.0 0 2.9375460147857666 669.8994140625 163.97879028320312 717.09375 181.91683959960938 4.161939 1.6659335 1.6981372 7.8339505 0.8420372 68.039055 3.052180290222168 0.20347823202610016
Car 0.0 0 2.065122127532959 277.26513671875 171.79859924316406 316.013916015625 189.52870178222656 3.826662 1.5623119 1.6070395 -28.440191 1.469671 65.55112 1.655768632888794 0.16591250896453857
Car 0.0 0 2.3640613555908203 0.0 164.7471466064453 57.7716178894043 201.65078735351562 3.9932706 1.7173094 1.7390661 -29.834534 1.340415 35.645035 1.6671688556671143 0.16392149031162262
Car 0.0 0 -0.8366257548332214 757.5299682617188 167.95826721191406 798.382568359375 184.84681701660156 3.7283914 1.5416776 1.6582911 15.730587 1.0951254 67.60858 -0.60802161693573 0.12889976799488068
Car 0.0 0 -0.6780081987380981 0.0 199.87164306640625 107.37615966796875 255.7830810546875 3.8816602 1.3998464 1.6148405 -17.864567 2.3063362 22.128666 -1.3571871519088745 0.12233247607946396
