Car 0.0 0 -1.509956955909729 661.6815185546875 173.50885009765625 685.0677490234375 192.6314239501953 3.9448292 1.4737595 1.6319422 5.0837483 1.5284743 57.81881 -1.4222569465637207 0.8310779929161072
Car 0.0 0 -0.32346341013908386 784.5889282226562 164.4562225341797 842.3140869140625 184.62835693359375 3.8867857 1.4959688 1.5797608 15.283237 0.8735458 54.391724 -0.04954192414879799 0.2429140955209732
Car 0.0 0 -1.1444603204727173 235.2276153564453 160.8074951171875 297.1560974121094 191.6469268798828 3.7971365 1.583203 1.5897423 -18.515173 0.9651302 38.950916 -1.5881911516189575 0.22019031643867493
Car 0.0 0 2.8883206844329834 729.9991455078125 169.58734130859375 801.5196533203125 199.69261169433594 3.488175 1.5897527 1.5827359 8.34017 1.4176102 38.963696 3.0991883277893066 0.21964186429977417
Car 0.0 0 1.2605834007263184 929.6528930664062 151.29583740234375 991.4113159179688 187.15322875976562 3.97523 1.6602299 1.5822924 17.112434 0.6624253 35.48325 1.7099449634552002 0.21179643273353577
Car 0.0 0 -0.931320309638977 0.0 136.19566345214844 235.111572265625 248.5698699951172 4.4039173 1.7398534 1.7453192 -9.106677 1.1726421 13.405847 -1.5280225276947021 0.2051515430212021
Car 0.0 0 2.866400957107544 756.2228393554688 165.9468994140625 807.2373046875 184.11180114746094 4.34592 1.6794001 1.731254 16.058737 1.0411754 67.662 3.0994269847869873 0.14650312066078186
Car 0.0 0 -0.04587949812412262 458.90130615234375 168.26939392089844 510.577880859375 186.9000701904297 4.301498 1.567828 1.6903164 -10.799989 1.1823759 62.00774 -0.218321293592453 0.12451409548521042
Car 0.0 0 -0.873478889465332 141.3468780517578 161.56033325195312 219.4945526123047 194.2511749267578 3.8750024 1.7379673 1.6588453 -23.994755 1.1379119 40.4025 -1.409395694732666 0.12097981572151184
Car 0.0 0 -0.8427244424819946 87.32035064697266 149.22943115234375 206.24273681640625 200.3004608154297 3.8579335 1.808477 1.6833099 -17.608767 0.972265 27.586023 -1.4108463525772095 0.1191176250576973
Car 0.0 0 2.772228479385376 774.7576293945312 164.739501953125 830.6668090820312 184.95716857910156 3.9542308 1.5765783 1.6673899 15.258006 0.94416535 57.307056 3.0324418544769287 0.10377504676580429
