Pedestrian 0.0 0 -1.9231343269348145 664.11279296875 163.1229248046875 685.0702514648438 208.48681640625 1.0299081 1.7426845 0.4904708 2.6976285 1.0766383 27.716984 -1.8261122703552246 0.5644917488098145
Pedestrian 0.0 0 -0.13903051614761353 1056.416259765625 88.24910736083984 1224.0 370.0 0.77636856 1.8115721 0.6053839 2.7409325 1.3993645 3.6210775 0.5088963508605957 0.5387477874755859
Pedestrian 0.0 0 -1.8352956771850586 648.4135131835938 164.19227600097656 668.866943359375 207.4127655029297 1.0656475 1.6513792 0.53354114 2.0615568 1.0297961 27.583735 -1.760696291923523 0.49469101428985596
Pedestrian 0.0 0 -0.34360259771347046 1038.710205078125 102.73159790039062 1224.0 370.0 0.7648429 1.771925 0.6221124 3.1460488 1.3392684 4.349636 0.28258395195007324 0.3443182110786438
Pedestrian 0.0 0 2.4354047775268555 1107.745849609375 133.9171600341797 1142.8687744140625 186.2498321533203 0.8279907 1.8126951 0.5575155 18.214655 0.20069283 24.793797 3.0690064430236816 0.11565710604190826
Cyclist 0.0 0 -3.0592470169067383 642.6216430664062 164.55592346191406 675.9767456054688 209.51043701171875 1.2504435 1.7277758 0.63630646 2.0990903 1.1164892 27.582403 -2.983290910720825 0.12841254472732544
Car 0.0 0 0.9092385768890381 1170.851318359375 106.02584838867188 1224.0 205.46893310546875 4.1392584 1.616577 1.6760076 13.206872 0.40755534 13.636819 1.6786214113235474 0.48383253812789917
Car 0.0 0 -1.0739052295684814 1071.4840087890625 131.75233459472656 1189.3985595703125 179.4317169189453 4.1841006 1.6287657 1.671139 19.206358 -0.040056672 25.861872 -0.4351237714290619 0.2668803036212921
Car 0.0 0 -1.3318153619766235 583.3673095703125 171.0335235595703 627.4474487304688 197.67422485351562 4.3183537 1.4879847 1.6290724 0.07720497 0.960637 41.777573 -1.3299673795700073 0.2020755559206009
Car 0.0 0 -1.4897340536117554 509.1108703613281 160.9559326171875 538.2673950195312 186.55426025390625 3.3416185 1.6302873 1.6511325 -5.338376 0.3869191 46.72194 -1.603499174118042 0.15980087220668793
Car 0.0 0 -0.8740444183349609 0.0 101.2729721069336 19.79935073852539 242.4654083251953 3.8220706 1.6323031 1.7122984 -10.745148 0.7180561 10.166577 -1.6871027946472168 0.1526137739419937
Car 0.0 0 -1.7315418720245361 692.2009887695312 165.4630584716797 727.515869140625 192.12557983398438 3.1442063 1.4985462 1.5512956 6.0825357 0.65479565 41.31741 -1.5853768587112427 0.1357436627149582
Car 0.0 0 -2.1904070377349854 982.0746459960938 133.16957092285156 1090.940673828125 182.8008575439453 3.6115782 1.6983045 1.614736 15.741336 0.08026487 26.05107 -1.6468690633773804 0.1270657330751419
Car 0.0 0 -1.8322056531906128 933.5482788085938 141.08509826660156 1008.8392944335938 187.88650512695312 3.8939576 1.6861014 1.6366686 14.132683 0.2676336 27.543531 -1.3581302165985107 0.11097130924463272
Car 0.0 0 2.241041898727417 147.62237548828125 148.41409301757812 253.24935913085938 195.01956176757812 3.9063118 1.766614 1.6766026 -16.401386 0.5518837 28.85454 1.7241697311401367 0.10758236795663834
