Pedestrian 0.0 0 -3.390936851501465 787.2291870117188 153.92347717285156 804.8522338867188 186.22946166992188 0.839063 1.7828653 0.5331588 10.603765 0.31758645 39.287384 -3.1273157596588135 0.2167467176914215
Pedestrian 0.0 0 -0.5203016400337219 719.4829711914062 156.97898864746094 747.2559814453125 196.09194946289062 1.1700794 1.8215427 0.55296654 6.0428233 0.72758985 33.37956 -0.3412076532840729 0.15884096920490265
Cyclist 0.0 0 1.8656214475631714 362.8691101074219 175.4983673095703 387.71759033203125 215.9176483154297 1.7553262 1.76829 0.5808318 -10.339889 1.5509458 31.810637 1.5513488054275513 0.45392388105392456
Cyclist 0.0 0 -3.0963821411132812 615.3018188476562 163.9904327392578 643.560546875 194.7210235595703 1.6327589 1.786667 0.55594647 1.4298694 0.8281816 41.44473 -3.0618951320648193 0.40435853600502014
Cyclist 0.0 0 -0.19807298481464386 675.9761962890625 167.46385192871094 706.3521728515625 199.11280822753906 1.5553869 1.6973546 0.53601754 4.645692 0.9996233 38.241722 -0.0771830677986145 0.19120216369628906
Car 0.0 0 1.6893538236618042 505.5435485839844 173.4625701904297 546.9962158203125 206.9451904296875 3.6434047 1.4956719 1.5277089 -3.684312 1.1827736 33.407272 1.5795129537582397 0.909173846244812
Car 0.0 0 -1.5273849964141846 618.8856811523438 171.0667724609375 648.0040893554688 195.57635498046875 3.833061 1.4397006 1.6274693 1.7844293 0.8869623 43.50564 -1.4863919019699097 0.8376461267471313
Car 0.0 0 2.453235626220703 1011.3549194335938 128.1963348388672 1201.38427734375 198.14385986328125 4.1731143 1.8420534 1.7077408 13.791086 0.46623325 19.624416 3.0658059120178223 0.6418509483337402
Car 0.0 0 2.522254705429077 958.306640625 156.325439453125 1008.765625 174.8590087890625 3.806222 1.6478615 1.6579093 34.576588 -0.52256924 64.573814 3.0138649940490723 0.36112180352211
Car 0.0 0 -0.29436713457107544 804.3178100585938 157.6276397705078 854.7789306640625 176.1839599609375 4.08073 1.6613003 1.668938 20.496792 -0.39821452 64.55754 0.013063192367553711 0.2949937880039215
Car 0.0 0 -0.4868679642677307 804.5313720703125 162.7149200439453 855.0921630859375 179.63656616210938 4.283988 1.569167 1.646479 21.275867 -0.08200067 66.8743 -0.17884667217731476 0.29493701457977295
Car 0.0 0 -1.2149542570114136 300.890380859375 169.87059020996094 333.3347473144531 187.69338989257812 3.546281 1.60381 1.6503404 -26.571913 0.6484735 65.416954 -1.6007879972457886 0.266629159450531
Car 0.0 0 2.134932041168213 78.1721420288086 163.96153259277344 149.68698120117188 189.7510223388672 4.10438 1.4862834 1.6142853 -29.64778 0.53452826 42.82706 1.5294146537780762 0.26382407546043396
Car 0.0 0 2.1489291191101074 83.73214721679688 172.71669006347656 139.27041625976562 194.1383056640625 3.6157062 1.4920875 1.5713946 -35.573875 0.95125425 51.074165 1.5405464172363281 0.2581667900085449
Car 0.0 0 -0.6086576581001282 903.0595092773438 156.066162109375 971.356689453125 179.31668090820312 4.179478 1.6062175 1.6681385 23.540522 -0.08459973 50.135345 -0.16967405378818512 0.21756196022033691
Car 0.0 0 -1.856410264968872 813.8704223632812 160.75286865234375 854.2725219726562 182.63783264160156 4.0941577 1.4784336 1.6122248 16.09002 0.14573565 49.827427 -1.5440654754638672 0.20016267895698547
Car 0.0 0 1.2589576244354248 712.5474853515625 166.5131072998047 742.2863159179688 182.62489318847656 3.7019768 1.4772359 1.7094727 11.552306 0.19597942 66.77442 1.4302668571472168 0.1835312396287918
Car 0.0 0 -0.07231792062520981 525.7252807617188 165.54461669921875 570.2891235351562 182.17298889160156 4.1377306 1.5632161 1.6411546 -5.43685 0.15841582 67.58949 -0.15258437395095825 0.1826574206352234
