Car 0.0 0 -1.8812806606292725 751.1950073242188 185.43218994140625 966.6228637695312 324.8257751464844 3.3950534 1.4123738 1.5875922 2.9091983 1.6049383 9.319289 -1.578696846961975 0.9412484169006348
Car 0.0 0 2.834909439086914 712.8248291015625 172.56967163085938 840.10546875 222.908203125 4.3279843 1.8130367 1.7108101 6.131262 1.8031535 27.017752 3.0580644607543945 0.8855141401290894
Car 0.0 0 -0.2771664559841156 772.4711303710938 178.23483276367188 950.6633911132812 237.60067749023438 4.164623 1.4852443 1.678286 6.517783 1.635571 19.163618 0.05067276954650879 0.8322742581367493
Car 0.0 0 0.6110466718673706 0.0 177.22198486328125 325.0075378417969 319.5193176269531 3.9649034 1.6158484 1.6624969 -5.976018 1.6769652 9.139716 0.03196859359741211 0.8257828950881958
Car 0.0 0 3.8559298515319824 0.0 194.04615783691406 232.62815856933594 373.631591796875 3.8973367 1.4664254 1.5722201 -6.011161 1.6920186 6.8712673 3.1371984481811523 0.7942230105400085
Car 0.0 0 3.2069554328918457 420.9102783203125 177.0050506591797 506.9925537109375 213.59706115722656 3.7102365 1.5860771 1.633012 -6.5697646 1.7798977 32.56844 3.0079047679901123 0.5000520348548889
Car 0.0 0 2.750333309173584 795.859375 179.89031982421875 1001.435546875 249.22251892089844 4.0677967 1.4974958 1.6817648 6.493921 1.6687295 16.63993 3.1224162578582764 0.4980950355529785
Car 0.0 0 3.4272398948669434 161.55780029296875 175.72251892089844 381.39068603515625 267.46734619140625 3.5341039 1.633178 1.6443108 -6.4483833 1.6933839 13.979908 2.995060920715332 0.31023138761520386
Car 0.0 0 -0.4486764073371887 702.3236083984375 162.6426544189453 757.4189453125 182.74661254882812 4.205111 1.6312714 1.6738008 9.926697 0.8030618 59.937565 -0.28454890847206116 0.2691629230976105
Car 0.0 0 -1.4492040872573853 493.6295166015625 168.18634033203125 533.9866333007812 201.60629272460938 4.230078 1.723755 1.6806316 -5.220992 1.4833614 39.336803 -1.5811582803726196 0.23917445540428162
