Pedestrian 0.0 0 2.2997512817382812 0.0 167.33712768554688 87.58987426757812 322.36761474609375 0.7012697 1.6895066 0.62685823 -6.5866446 1.6297421 8.227501 1.6246663331985474 0.24200864136219025
Pedestrian 0.0 0 3.05832576751709 398.0965576171875 170.51284790039062 420.490966796875 209.94805908203125 0.91202587 1.73212 0.61768585 -8.982619 1.6296471 32.13784 2.785778045654297 0.11008843779563904
Car 0.0 0 -1.3355236053466797 390.38226318359375 170.59800720214844 448.9383239746094 209.29600524902344 3.943897 1.5951861 1.6134007 -8.33049 1.502549 31.728893 -1.5922807455062866 0.7631503343582153
Car 0.0 0 0.20966044068336487 395.84259033203125 167.9147186279297 451.0230407714844 186.86245727539062 4.228125 1.5644422 1.654436 -15.629242 1.1569822 60.489582 -0.04318871721625328 0.20862732827663422
Car 0.0 0 -1.2771400213241577 377.5515441894531 167.46360778808594 429.3738708496094 195.30819702148438 4.1428156 1.5088714 1.7175124 -11.749588 1.2171296 41.18135 -1.5550689697265625 0.19841992855072021
Car 0.0 0 0.016209468245506287 386.2996826171875 166.80545043945312 459.1165771484375 192.88525390625 4.448215 1.6265808 1.7182416 -12.025002 1.2496938 46.357605 -0.23759324848651886 0.19840995967388153
Car 0.0 0 2.8950858116149902 492.03350830078125 167.06207275390625 542.0613403320312 187.09532165527344 3.7156177 1.5782512 1.6603678 -7.537578 1.1223118 58.294247 2.7664971351623535 0.17888419330120087
Car 0.0 0 0.3312017023563385 14.998663902282715 155.22879028320312 145.5802459716797 192.6226348876953 4.3236265 1.576423 1.7344912 -23.31627 0.83375025 31.883099 -0.3002268970012665 0.15983569622039795
Car 0.0 0 -0.15539711713790894 503.9104919433594 165.86737060546875 560.41357421875 187.27468872070312 4.005883 1.5670209 1.656748 -5.8779936 1.055954 54.13554 -0.26355260610580444 0.14766959846019745
Car 0.0 0 -0.10662206262350082 501.33343505859375 167.01010131835938 550.0963134765625 186.5005340576172 3.9494529 1.6185907 1.6740354 -7.1812363 1.1336391 61.17149 -0.22348232567310333 0.14654621481895447
Car 0.0 0 0.04723285883665085 528.4002685546875 162.23831176757812 594.4327392578125 188.1025848388672 3.995705 1.566103 1.6032139 -2.9925716 0.92367184 44.528145 -0.019872523844242096 0.14595673978328705
Car 0.0 0 -2.0972743034362793 0.0 157.83522033691406 80.07594299316406 203.220947265625 4.043344 1.617871 1.623854 -22.228138 1.0828524 27.1884 -2.7826309204101562 0.13859915733337402
Car 0.0 0 -1.204513430595398 1187.0745849609375 137.57167053222656 1242.0 375.0 4.184161 1.5092847 1.5813931 5.3933353 1.3872229 3.7739873 -0.24427542090415955 0.12240410596132278
Car 0.0 0 -1.1378353834152222 333.63531494140625 165.20152282714844 382.8776550292969 190.383544921875 3.789938 1.6325501 1.7092634 -16.976227 1.1367986 48.743942 -1.4729713201522827 0.11890819668769836
Car 0.0 0 0.12074268609285355 516.1080322265625 163.26873779296875 577.22021484375 186.53851318359375 4.029723 1.5751246 1.6216143 -4.3621964 0.926659 49.71522 0.03322315216064453 0.11886420100927353
Car 0.0 0 1.898535132408142 486.8455505371094 167.85752868652344 516.69482421875 185.4568328857422 3.9085732 1.5390487 1.4878992 -9.755993 1.1024681 65.150894 1.7498949766159058 0.11428704857826233
