Pedestrian 0.0 0 1.6733717918395996 299.8067321777344 172.59231567382812 322.5162048339844 228.11068725585938 0.9147545 1.7623276 0.5924476 -9.74008 1.7543787 23.424341 1.279310703277588 0.2786411941051483
Pedestrian 0.0 0 -1.4936296939849854 442.72772216796875 172.58050537109375 453.9956359863281 202.0210723876953 1.1474295 1.7166805 0.56508785 -9.590437 1.7010906 42.678436 -1.7146718502044678 0.174004927277565
Pedestrian 0.0 0 1.130645751953125 32.32489776611328 165.84994506835938 55.25865936279297 198.58560180664062 0.9846543 1.785203 0.63746727 -31.308765 1.4036031 39.851093 0.4647200107574463 0.11871654540300369
Cyclist 0.0 0 2.1431877613067627 723.7026977539062 144.43594360351562 768.5805053710938 222.70535278320312 1.4009091 2.1732807 0.6084012 3.8778393 1.3845638 20.749983 2.3279404640197754 0.1699686348438263
Cyclist 0.0 0 -1.4438725709915161 440.6088562011719 172.7904815673828 452.8389892578125 201.78778076171875 1.2049332 1.6837215 0.55641276 -9.650911 1.6803912 42.5196 -1.6670665740966797 0.12121567875146866
Car 0.0 0 1.7703828811645508 486.1107482910156 177.73362731933594 518.807373046875 198.92510986328125 3.8969135 1.4380977 1.5848657 -7.71549 1.8026588 51.86428 1.6227028369903564 0.6081008911132812
Car 0.0 0 1.873037576675415 483.9468688964844 169.3661346435547 514.0905151367188 188.38510131835938 3.7860992 1.642859 1.6028254 -9.876846 1.3419335 64.31517 1.720658540725708 0.2800323963165283
Car 0.0 0 -1.1480633020401 270.0854187011719 172.64584350585938 304.1590576171875 190.94863891601562 3.5033514 1.685065 1.6480808 -30.487638 1.6662583 68.179886 -1.5685569047927856 0.20657093822956085
Car 0.0 0 2.1822872161865234 51.84364318847656 170.1237030029297 118.12998962402344 197.8782958984375 3.8205044 1.7367595 1.5922889 -34.19523 1.5662671 47.07122 1.5540244579315186 0.15658125281333923
Car 0.0 0 3.2040278911590576 396.19842529296875 176.0782012939453 449.3691101074219 195.00802612304688 4.267815 1.561915 1.7316236 -15.860228 1.841433 61.214813 2.9505112171173096 0.15108709037303925
Car 0.0 0 1.1775344610214233 1063.781982421875 178.02828979492188 1178.052734375 230.6811981201172 4.1135454 1.6023302 1.7107433 17.187536 1.7946908 24.578697 1.787781000137329 0.12745344638824463
Car 0.0 0 1.8772464990615845 417.9377746582031 175.59567260742188 462.81964111328125 204.98941040039062 3.5003777 1.6484294 1.5993701 -9.997677 1.8175462 42.604485 1.6467543840408325 0.12458845973014832
Car 0.0 0 -0.9249177575111389 0.0 164.23968505859375 76.9324722290039 197.42813110351562 3.5059845 1.733498 1.5797979 -31.242983 1.2839134 39.45593 -1.5946663618087769 0.12208214402198792
Car 0.0 0 3.8361101150512695 0.0 159.1133270263672 80.7649917602539 219.65379333496094 4.3034186 1.7521574 1.638365 -18.756765 1.3548343 21.736494 3.1241652965545654 0.10358092188835144
