Car 0.0 0 -2.0087647438049316 796.9096069335938 180.80386352539062 1209.6397705078125 375.0 4.121418 1.4319776 1.6222012 3.0893133 1.5305841 6.8426385 -1.5846809148788452 0.9569119811058044
Car 0.0 0 2.371053457260132 0.0 186.7389678955078 196.9676971435547 375.0 4.3391747 1.5398712 1.6981322 -4.2995253 1.6570991 3.8704653 1.533186912536621 0.8988077640533447
Car 0.0 0 -1.6103589534759521 613.4854125976562 175.33290100097656 642.5191040039062 200.69566345214844 3.785638 1.4413975 1.5842407 1.0086937 1.597007 43.28112 -1.5870575904846191 0.7166341543197632
Car 0.0 0 -1.7074617147445679 672.3673095703125 168.44549560546875 749.073974609375 226.40414428710938 4.19681 1.5879451 1.7168375 2.8952534 1.4675194 21.868578 -1.5758339166641235 0.7076371312141418
Car 0.0 0 1.771525502204895 479.0809020996094 176.72073364257812 526.317626953125 208.53433227539062 4.1628337 1.6047444 1.7322739 -5.774808 1.8256927 39.034714 1.624650478363037 0.5936534404754639
Car 0.0 0 -1.683113932609558 631.6121826171875 176.01487731933594 670.8687133789062 206.33619689941406 3.6392097 1.4310372 1.5636295 1.9890877 1.5985854 36.300465 -1.628373622894287 0.501750111579895
Car 0.0 0 1.5693745613098145 556.7589111328125 176.3347930908203 575.3045043945312 193.36416625976562 3.586332 1.4724433 1.6212438 -3.9835286 1.7951537 64.977745 1.5081450939178467 0.17255771160125732
Car 0.0 0 -1.4779571294784546 581.6111450195312 175.17750549316406 607.6489868164062 194.6842041015625 4.0750194 1.4256715 1.6269339 -1.1689124 1.6109127 55.320282 -1.4990838766098022 0.16179566085338593
Car 0.0 0 -2.870204448699951 0.0 0.0 1242.0 375.0 4.2001886 1.5075603 1.6666689 2.991798 1.4707694 0.6139351 -1.5018043518066406 0.11880704760551453
Car 0.0 0 -0.8392037153244019 659.598876953125 173.2294921875 756.6553955078125 215.65921020507812 3.9562163 1.593007 1.6494105 3.9500663 1.6094668 29.02987 -0.7039652466773987 0.10645110160112381
Car 0.0 0 -0.28103524446487427 704.2726440429688 166.81680297851562 755.9847412109375 183.8345489501953 4.489231 1.5698731 1.6927668 11.2259245 1.0133035 67.66031 -0.1166170984506607 0.10003111511468887
