Pedestrian 0.0 0 2.393476724624634 979.080322265625 140.21112060546875 1030.162353515625 212.45413208007812 1.043056 1.8081173 0.54845375 10.1790695 0.8013512 18.079506 2.9062588214874268 0.3516908884048462
Pedestrian 0.0 0 -3.5979785919189453 984.9633178710938 141.4901580810547 1088.0157470703125 276.19097900390625 1.0578218 1.783387 0.58019644 5.844711 1.2685846 9.6907 -3.0552639961242676 0.2189522534608841
Pedestrian 0.0 0 2.4859864711761475 967.3906860351562 142.62359619140625 1015.5112915039062 213.71697998046875 0.9588156 1.8594434 0.6007389 10.267247 0.8703755 18.85952 2.984525203704834 0.14282827079296112
Pedestrian 0.0 0 1.0759611129760742 877.8982543945312 160.97645568847656 900.6669311523438 196.98101806640625 1.1185127 1.6831611 0.53656834 13.500183 0.77191544 33.634518 1.4576555490493774 0.13832545280456543
Cyclist 0.0 0 1.6433043479919434 268.95623779296875 174.47862243652344 292.9680480957031 232.48895263671875 1.4596243 1.7572879 0.58423966 -10.19442 1.5764439 22.199337 1.2128081321716309 0.1808435320854187
Cyclist 0.0 0 -2.0039901733398438 877.3908081054688 158.66954040527344 903.3994750976562 197.19744873046875 1.50773 1.7908735 0.56381035 13.545155 0.7775923 33.627525 -1.62107253074646 0.14335112273693085
Car 0.0 0 2.1436338424682617 0.0 191.1436309814453 177.2421112060547 258.0334777832031 4.494091 1.375548 1.714509 -12.774699 1.6759696 17.555563 1.5145763158798218 0.9066493511199951
Car 0.0 0 -0.7987744212150574 0.0 202.52789306640625 298.43194580078125 370.0 3.9966097 1.4026153 1.6525055 -3.1739962 1.5689203 3.2776303 -1.568110704421997 0.905622661113739
Car 0.0 0 0.9117128849029541 479.8207702636719 169.63771057128906 569.336669921875 205.70635986328125 4.113403 1.4434013 1.6302817 -3.5283003 1.0102075 30.329655 0.7959017753601074 0.7142875790596008
Car 0.0 0 -2.1728968620300293 1189.0306396484375 150.88755798339844 1224.0 192.16152954101562 4.4721017 1.5078019 1.7602504 25.737265 0.42753208 28.1607 -1.432431697845459 0.2604716122150421
Car 0.0 0 -0.09136808663606644 497.4986572265625 162.62811279296875 545.0220947265625 181.44403076171875 3.999013 1.6166743 1.6951348 -7.336147 0.082306415 61.98933 -0.20916549861431122 0.2521272599697113
Car 0.0 0 -0.09988820552825928 908.4821166992188 134.0394287109375 1090.06982421875 208.17198181152344 3.9951117 1.7811961 1.6842598 10.103237 0.66648084 18.535692 0.39916157722473145 0.1644950956106186
Car 0.0 0 2.4672603607177734 0.0 189.68385314941406 162.42047119140625 248.873046875 4.152663 1.462042 1.7181025 -15.264481 1.7572179 20.375483 1.8242974281311035 0.13760273158550262
Car 0.0 0 -2.631012201309204 146.41265869140625 187.3655242919922 297.1552734375 238.64639282226562 3.787753 1.5132129 1.6643254 -11.846503 1.7363238 21.951183 -3.1258938312530518 0.13445742428302765
