Pedestrian 0.0 0 1.2625927925109863 513.1327514648438 168.5409393310547 535.7265625 214.9257049560547 1.0910658 1.7648761 0.5665436 -3.3772745 1.6011283 28.064663 1.1428296566009521 0.2436116635799408
Pedestrian 0.0 0 0.6317698955535889 523.7535400390625 170.40536499023438 552.0606079101562 214.95803833007812 0.956995 1.7408566 0.58851415 -2.9086235 1.6455361 28.686674 0.5307223796844482 0.191730797290802
Pedestrian 0.0 0 -2.550870180130005 505.5125732421875 173.26568603515625 533.8660888671875 220.15342712402344 0.87150425 1.7311114 0.598546 -3.4351175 1.7472017 27.107609 -2.676919937133789 0.15724115073680878
Pedestrian 0.0 0 -1.8280645608901978 690.8019409179688 166.87510681152344 709.79150390625 202.24356079101562 1.0621386 1.7049984 0.6735374 4.379816 1.4171331 35.351543 -1.7047995328903198 0.10579639673233032
Cyclist 0.0 0 1.474270224571228 530.3380737304688 168.92518615722656 550.418212890625 212.65370178222656 1.5881722 1.6869313 0.64064616 -2.8192947 1.5357261 28.673313 1.37626051902771 0.5419487953186035
Cyclist 0.0 0 1.5765609741210938 544.4063110351562 168.83242797851562 554.306884765625 199.10302734375 1.6177962 1.7553412 0.5724426 -3.6162992 1.5224949 42.66694 1.492006540298462 0.33532944321632385
Car 0.0 0 -1.7871193885803223 711.7936401367188 181.41128540039062 877.1783447265625 294.8277587890625 3.7580874 1.4053919 1.6217104 2.5721803 1.5599477 11.111014 -1.5596284866333008 0.9258264303207397
Car 0.0 0 1.8971335887908936 280.4541320800781 180.0118865966797 430.6229248046875 273.1241760253906 4.069383 1.5881768 1.6282309 -5.008022 1.7541484 14.654508 1.5678367614746094 0.9250587821006775
Car 0.0 0 -1.5283563137054443 636.1064453125 171.41624450683594 660.8499755859375 193.17941284179688 3.5552816 1.4983772 1.6170225 2.748314 1.3997467 51.52133 -1.4750635623931885 0.6609355807304382
Car 0.0 0 1.7817413806915283 454.1478271484375 178.52276611328125 515.536376953125 222.7061004638672 4.288272 1.7206063 1.7218077 -5.299934 1.9803228 30.831816 1.6115069389343262 0.30053070187568665
Car 0.0 0 1.7080769538879395 500.6697998046875 173.53565979003906 557.201416015625 219.9114990234375 3.7606595 1.6778084 1.6846809 -3.1227 1.7064747 28.059265 1.5972435474395752 0.12813951075077057
Car 0.0 0 1.7388513088226318 497.39739990234375 172.15777587890625 531.5985107421875 196.8772735595703 4.100697 1.589041 1.6151971 -6.3966775 1.5446442 48.458485 1.6076068878173828 0.1256522238254547
Car 0.0 0 1.6441400051116943 613.422607421875 170.880126953125 635.014404296875 190.0449676513672 3.7059588 1.5830595 1.5751578 1.2165172 1.4203713 61.516106 1.6639130115509033 0.12051539123058319
Car 0.0 0 3.8952393531799316 0.0 147.16659545898438 81.79107666015625 302.7752685546875 4.491221 1.8170897 1.7450659 -9.872785 1.5174878 9.418211 3.0862815380096436 0.1168576180934906
Car 0.0 0 2.800086498260498 676.4447631835938 171.69642639160156 850.2545776367188 236.63333129882812 4.19619 1.6260915 1.6940469 3.9651272 1.5974627 19.192497 3.0038180351257324 0.11160387843847275
Car 0.0 0 2.3449857234954834 24.100297927856445 151.42169189453125 155.5652313232422 202.23489379882812 3.8909059 1.7121829 1.6401316 -18.883339 0.99036574 26.357391 1.7233150005340576 0.11023299396038055
Car 0.0 0 -0.5911332368850708 868.4088134765625 148.47560119628906 975.5335693359375 187.33734130859375 4.0675626 1.6380175 1.6709979 13.592612 0.6108287 31.60527 -0.1849725842475891 0.10450571775436401
