Car 0.0 0 -1.9192478656768799 749.8989868164062 179.2051544189453 1106.145751953125 375.0 3.7240179 1.5122176 1.642403 2.4175906 1.5875419 6.6518908 -1.5706466436386108 0.9224929213523865
Car 0.0 0 -1.3069853782653809 417.3209533691406 186.03121948242188 551.5885009765625 272.55377197265625 4.0998735 1.4200851 1.6378374 -2.4109309 1.7260138 14.607603 -1.4705570936203003 0.9185180068016052
Car 0.0 0 -1.2858340740203857 282.5946350097656 195.34857177734375 508.9568176269531 351.75152587890625 4.203131 1.4270825 1.5898428 -2.492497 1.7838564 9.310113 -1.5474189519882202 0.8700883388519287
Car 0.0 0 -1.6793652772903442 664.4989624023438 178.08343505859375 718.140625 223.33563232421875 3.8497875 1.6007433 1.636095 3.0293643 1.8172178 27.890968 -1.5711748600006104 0.842392086982727
Car 0.0 0 -1.8023864030838013 706.9607543945312 190.2274169921875 856.6573486328125 303.6183166503906 3.6390154 1.5096129 1.566451 2.6175015 1.8430309 11.997238 -1.587577223777771 0.797831118106842
Car 0.0 0 1.751076102256775 451.1365966796875 181.99215698242188 534.4989013671875 246.43869018554688 3.7521718 1.4854544 1.5174218 -3.0363383 1.7511759 19.057497 1.5930789709091187 0.5005677938461304
Car 0.0 0 1.6126946210861206 561.0135498046875 180.2568817138672 591.0814819335938 209.6298065185547 3.7700446 1.5739928 1.5730643 -1.948226 2.0195749 41.503044 1.5657873153686523 0.4259778559207916
Car 0.0 0 -1.6773922443389893 649.2369384765625 179.3038787841797 684.9916381835938 208.1968231201172 3.9508796 1.529743 1.6088065 3.1696513 1.9152943 41.089817 -1.6004050970077515 0.2646805942058563
Car 0.0 0 -1.600206971168518 643.0540771484375 176.71034240722656 665.0777587890625 196.9688720703125 3.994823 1.5363643 1.6291329 3.4567451 1.8548975 57.50812 -1.540170431137085 0.17986056208610535
Car 0.0 0 3.2943501472473145 458.9263000488281 170.17950439453125 507.24310302734375 187.65127563476562 4.2862587 1.6306539 1.7520275 -11.994458 1.3813994 68.260155 3.1204090118408203 0.1725323498249054
