Pedestrian 0.0 0 -3.249016761779785 810.400634765625 154.755126953125 878.0352783203125 266.8973693847656 0.94733983 1.7036524 0.5897339 3.7010686 1.3141991 11.125062 -2.9278557300567627 0.3719145357608795
Pedestrian 0.0 0 2.1967921257019043 974.3567504882812 142.2101593017578 1019.654296875 210.49403381347656 1.0590768 1.7533449 0.52239525 10.285082 0.7717559 18.611984 2.7016334533691406 0.2560182809829712
Pedestrian 0.0 0 0.5931931138038635 510.77313232421875 167.0747833251953 531.6142578125 198.99374389648438 1.0208485 1.7450507 0.5345419 -4.647202 1.0124764 39.121414 0.4749579429626465 0.16249729692935944
Pedestrian 0.0 0 0.514138400554657 507.6055603027344 164.22801208496094 521.5242919921875 186.52511596679688 1.0804783 1.9036051 0.50129145 -7.7578263 0.51558936 60.795116 0.3872182369232178 0.11397445201873779
Cyclist 0.0 0 -1.8148303031921387 802.5167846679688 150.0713348388672 864.7999267578125 261.47125244140625 1.6978365 1.7050545 0.57464755 3.696191 1.2409815 11.682093 -1.508398175239563 0.6388957500457764
Cyclist 0.0 0 -1.9337797164916992 877.5672607421875 159.68421936035156 901.490234375 197.34788513183594 1.4807245 1.7522188 0.56429076 13.507727 0.78526336 33.634483 -1.5518916845321655 0.19432026147842407
Car 0.0 0 -0.7958528995513916 0.0 202.5956268310547 299.8219909667969 370.0 4.006752 1.4038992 1.655259 -3.170548 1.5708375 3.2742143 -1.5651670694351196 0.9014161229133606
Car 0.0 0 1.7098705768585205 439.6080627441406 173.42262268066406 479.3121337890625 201.90708923339844 4.3281407 1.5117173 1.6014146 -8.125734 1.1375185 39.72926 1.5081253051757812 0.7777428030967712
Car 0.0 0 -0.915054202079773 57.11539077758789 168.80633544921875 125.8414535522461 192.07070922851562 4.0202355 1.5068898 1.6550072 -34.640526 0.7507961 47.825474 -1.5419107675552368 0.2957460880279541
Car 0.0 0 -2.1675641536712646 1189.950439453125 150.5218505859375 1224.0 191.7826690673828 4.488107 1.5048923 1.7554073 25.742966 0.4130283 28.129965 -1.4264450073242188 0.27824267745018005
Car 0.0 0 1.7228236198425293 478.0065612792969 164.24612426757812 502.40130615234375 183.22276306152344 3.583531 1.5982081 1.5665818 -9.909773 0.23051459 61.340614 1.5626542568206787 0.13659672439098358
Car 0.0 0 -1.2604260444641113 1189.450439453125 127.17414855957031 1224.0 370.0 4.1805053 1.5197508 1.6142582 5.4109983 1.343124 3.738607 -0.2942407727241516 0.1170487180352211
Car 0.0 0 -0.7330376505851746 590.2868041992188 166.326171875 634.2088623046875 182.32630920410156 4.1772046 1.4965141 1.6879557 0.7498155 0.17196026 68.13998 -0.7220340371131897 0.11498000472784042
