Cyclist 0.0 0 -1.2601615190505981 349.66717529296875 171.48341369628906 377.7445373535156 215.17044067382812 1.843414 1.7876916 0.5894572 -10.193466 1.4202181 29.854736 -1.589186191558838 0.6880220174789429
Cyclist 0.0 0 -1.7649250030517578 963.1827392578125 148.7344970703125 986.2946166992188 191.66793823242188 1.5476336 1.636041 0.51181036 14.477701 0.42707834 27.75277 -1.2840944528579712 0.40147775411605835
Cyclist 0.0 0 -0.1961127519607544 639.4463500976562 163.32437133789062 670.3277587890625 196.58543395996094 1.5961185 1.7937661 0.574778 2.7031446 0.86889005 38.511547 -0.12603719532489777 0.3903706669807434
Cyclist 0.0 0 0.1260329931974411 566.8681640625 162.03709411621094 590.8494873046875 190.65267944335938 1.4650245 1.8035879 0.5495881 -1.6587499 0.6412482 44.89794 0.08910489082336426 0.2644248604774475
Cyclist 0.0 0 -1.7435969114303589 1122.355712890625 118.70816802978516 1163.360595703125 206.86965942382812 1.2422028 1.6883488 0.4439071 10.736735 0.5066297 14.189316 -1.0958359241485596 0.2181054800748825
Cyclist 0.0 0 -1.6528242826461792 1079.37841796875 142.7585906982422 1099.3939208984375 192.36920166015625 1.2139792 1.712953 0.48495835 17.131355 0.4113513 25.055443 -1.053096055984497 0.2033754140138626
Car 0.0 0 1.7026095390319824 494.95379638671875 171.72288513183594 542.194580078125 208.57366943359375 3.6560385 1.4824632 1.5414125 -3.6616716 1.1308645 30.275509 1.5822491645812988 0.8764094114303589
Car 0.0 0 2.3920180797576904 1091.7357177734375 119.03199768066406 1224.0 209.79879760742188 4.2122335 1.9680132 1.767805 13.874269 0.636876 16.301943 3.0971391201019287 0.6466143131256104
Car 0.0 0 -1.6012717485427856 642.2986450195312 168.81045532226562 672.36669921875 195.0257110595703 3.6646066 1.4263723 1.5906312 2.9377072 0.7917448 40.329845 -1.5285581350326538 0.6448591947555542
Car 0.0 0 2.428478240966797 1054.9420166015625 138.01153564453125 1208.9869384765625 189.1402587890625 4.379078 1.7566698 1.6979563 18.756874 0.29839277 25.2986 3.066465139389038 0.5839505195617676
Car 0.0 0 2.1931958198547363 0.0 152.91891479492188 96.77523040771484 196.380859375 3.7462308 1.7461255 1.7961034 -23.996387 0.63952297 30.314793 1.5236141681671143 0.37018898129463196
Car 0.0 0 3.507580041885376 10.836629867553711 159.13172912597656 108.82068634033203 189.62728881835938 4.0040846 1.6381345 1.6206611 -30.24057 0.49169755 39.32395 2.852022171020508 0.36312174797058105
Car 0.0 0 -2.00896954536438 920.7711791992188 143.7419891357422 1002.6303100585938 183.5190887451172 3.5497792 1.5202537 1.612114 14.4114685 0.11689484 28.812914 -1.5451828241348267 0.336780846118927
Car 0.0 0 -0.4238468408584595 812.7645874023438 161.7802734375 863.6854858398438 179.271240234375 4.038617 1.5448965 1.6245202 20.984337 -0.11116856 63.60931 -0.10519473254680634 0.32426780462265015
Car 0.0 0 2.5141854286193848 1030.391845703125 149.58770751953125 1113.5814208984375 178.60916137695312 4.287957 1.8363236 1.7504438 30.225712 -0.12384349 45.829575 3.097226858139038 0.2803857922554016
Car 0.0 0 2.7045369148254395 878.82763671875 156.73040771484375 931.9436645507812 175.73483276367188 3.9114072 1.6140003 1.651993 26.07291 -0.41860276 61.38701 3.1061789989471436 0.2491159588098526
Car 0.0 0 2.9031565189361572 735.2206420898438 163.20274353027344 784.1032104492188 180.00686645507812 4.29084 1.5861305 1.694013 14.80607 -0.046714243 67.682526 3.1185214519500732 0.23958100378513336
Car 0.0 0 1.649522066116333 559.7778930664062 163.13389587402344 591.8135986328125 189.36398315429688 4.3959923 1.6542673 1.7806362 -1.884624 0.5603732 46.817493 1.6092890501022339 0.2333337366580963
Car 0.0 0 -0.1826443076133728 494.22900390625 164.41029357910156 540.5035400390625 182.7322540283203 4.028488 1.6687056 1.7264805 -8.140614 0.20446518 65.82024 -0.3056989014148712 0.20973245799541473
Car 0.0 0 -1.2487059831619263 289.9113464355469 187.43020629882812 364.6539001464844 226.4514923095703 4.5019875 1.5404948 1.7098455 -12.081843 1.8684043 31.011436 -1.6202088594436646 0.20470963418483734
