Cyclist 0.0 0 2.0958750247955322 0.0 179.57923889160156 226.08676147460938 375.0 1.6850648 1.6397911 0.5389087 -2.9701529 1.6877476 4.241475 1.4849717617034912 0.5698692202568054
Car 0.0 0 1.9936530590057373 110.45994567871094 195.95956420898438 364.1900634765625 322.2983093261719 4.494292 1.4151458 1.7215837 -5.430329 1.846388 11.181499 1.541548728942871 0.922566831111908
Car 0.0 0 -1.8497930765151978 712.583984375 183.8218536376953 921.3487548828125 321.5523986816406 3.7712083 1.4309216 1.6256062 2.4622345 1.6079044 9.707222 -1.6013822555541992 0.869191586971283
Car 0.0 0 -1.6921583414077759 614.4387817382812 181.68788146972656 680.6952514648438 233.92588806152344 3.457239 1.3912256 1.5533136 1.0015327 1.6778636 21.59822 -1.6458204984664917 0.8206497430801392
Car 0.0 0 2.826639413833618 735.7962036132812 174.35528564453125 885.7802124023438 226.56692504882812 4.0139174 1.4876899 1.5651466 5.8620377 1.5345881 21.486065 3.092986822128296 0.7650050520896912
Car 0.0 0 -1.638084053993225 584.9315795898438 180.81210327148438 625.6016235351562 217.75946044921875 3.4820979 1.4997871 1.5537332 -0.29663092 1.8713189 31.855114 -1.6473956108093262 0.6404469013214111
Car 0.0 0 -1.5848510265350342 572.0460815429688 182.70411682128906 595.7133178710938 205.2698974609375 3.4480019 1.3746719 1.4926775 -1.7683206 2.0441182 47.24895 -1.6222591400146484 0.5736434459686279
Car 0.0 0 -2.4505488872528076 964.4849853515625 179.50428771972656 1242.0 375.0 3.8529325 1.4868674 1.6109459 2.797088 1.5259986 2.2701967 -1.5615440607070923 0.514984130859375
Car 0.0 0 1.751528263092041 428.1729431152344 181.13912963867188 477.2682189941406 216.132568359375 4.2678638 1.6020544 1.6666764 -7.858593 2.0430746 36.213543 1.5378345251083374 0.485927551984787
Car 0.0 0 1.7568678855895996 397.8747863769531 188.1254425048828 462.7841491699219 231.7811279296875 3.8907733 1.4422381 1.6821159 -6.7315345 2.0608008 27.216204 1.514398455619812 0.4441123902797699
Car 0.0 0 2.29999041557312 0.0 196.8140106201172 225.361083984375 375.0 4.591707 1.5468214 1.6609739 -4.99778 1.805086 5.458104 1.558589220046997 0.337444931268692
