Pedestrian 0.0 0 -0.23158609867095947 814.2506713867188 140.84072875976562 922.4143676757812 325.53778076171875 0.9039311 1.7851741 0.64415276 2.640709 1.393557 7.3121915 0.11497640609741211 0.3412591218948364
Pedestrian 0.0 0 2.6444692611694336 929.9396362304688 147.5166778564453 1063.281494140625 349.6512451171875 0.8692314 1.7692326 0.64865965 3.5579925 1.473168 6.6105776 3.1382288932800293 0.31427621841430664
Car 0.0 0 -1.5353413820266724 580.8749389648438 169.25689697265625 612.90234375 198.4511260986328 3.7152448 1.4668099 1.564082 -0.20393446 0.85255414 37.969097 -1.5407123565673828 0.937905490398407
Car 0.0 0 2.093984365463257 330.162109375 178.23214721679688 395.4973449707031 205.82742309570312 3.8835726 1.3882483 1.5665618 -12.61289 1.2247269 38.1953 1.7750375270843506 0.7957784533500671
Car 0.0 0 -0.9187209010124207 457.74334716796875 171.45904541015625 550.8933715820312 210.84373474121094 3.9214835 1.4684772 1.6776152 -3.8418145 1.0951301 28.899239 -1.0508842468261719 0.6265624761581421
Car 0.0 0 -2.6065673828125 387.294677734375 169.9091339111328 437.4686584472656 187.80157470703125 3.8250716 1.4820299 1.6024727 -15.962977 0.5224376 60.792755 -2.8633508682250977 0.4318874180316925
Car 0.0 0 1.9074149131774902 411.8940124511719 167.69091796875 442.9403076171875 185.84698486328125 3.83168 1.6101285 1.5844437 -15.837969 0.38590947 65.686646 1.6708168983459473 0.31982722878456116
Car 0.0 0 -0.6712175607681274 808.6316528320312 157.40138244628906 877.5009155273438 182.66433715820312 4.1506433 1.625071 1.7477808 16.061016 0.075600564 47.732193 -0.3466360569000244 0.254894882440567
Car 0.0 0 -0.7379404902458191 1051.1514892578125 130.7076873779297 1231.3948974609375 190.71807861328125 3.8110027 1.547007 1.6324672 14.555611 0.23880765 19.51232 -0.0970233678817749 0.19504466652870178
Car 0.0 0 1.7877507209777832 394.8800048828125 168.991943359375 421.1632080078125 187.3453369140625 3.670298 1.6603117 1.6117328 -17.928461 0.5291737 66.85005 1.525727391242981 0.1868310421705246
Car 0.0 0 -0.7332618236541748 1136.0364990234375 124.3680648803711 1238.0 192.4910888671875 3.9061854 1.55165 1.6252698 15.310143 0.25155756 17.182228 -0.005416159518063068 0.18307171761989594
Car 0.0 0 1.0427403450012207 1208.046630859375 136.7573699951172 1238.0 187.061767578125 4.1280675 1.630269 1.6343254 23.68807 0.18134075 25.47023 1.791900873184204 0.16704727709293365
Car 0.0 0 3.0851597785949707 604.7880249023438 166.16441345214844 650.139404296875 183.7854461669922 4.16967 1.6349608 1.715502 2.460484 0.21241102 67.54713 3.121569871902466 0.1601700484752655
