Cyclist 0.0 0 -1.9344326257705688 799.8984985351562 164.9543914794922 827.2325439453125 210.1885528564453 1.2305788 1.6697854 0.5931294 7.640622 1.3785355 27.271856 -1.6612708568572998 0.23723937571048737
Car 0.0 0 1.7504539489746094 418.48370361328125 182.34487915039062 512.2366943359375 246.31927490234375 4.5208287 1.4676633 1.6858803 -3.809045 1.754376 19.495728 1.5575060844421387 0.9254737496376038
Car 0.0 0 -1.2236480712890625 232.74014282226562 184.02053833007812 472.00433349609375 320.79559326171875 4.0160418 1.3824939 1.6709315 -3.1732461 1.5637453 9.654022 -1.54121994972229 0.9067137241363525
Car 0.0 0 -1.7979867458343506 740.0294799804688 182.48187255859375 935.93701171875 310.85943603515625 4.3538547 1.3961067 1.629467 2.9295664 1.5646633 10.389224 -1.5231417417526245 0.896586537361145
Car 0.0 0 -2.3102505207061768 911.11962890625 206.55213928222656 1242.0 375.0 3.8835104 1.4104099 1.6176363 2.515604 1.6195366 2.4863446 -1.5190027952194214 0.7671175003051758
Car 0.0 0 -1.7301032543182373 670.394775390625 175.8173065185547 756.5146484375 241.2773895263672 3.846158 1.4994652 1.5805253 2.5115376 1.5843801 18.643599 -1.5961962938308716 0.7028287053108215
Car 0.0 0 -1.5950264930725098 650.4669799804688 175.32655334472656 694.8914794921875 215.33889770507812 3.8846078 1.4851521 1.6613816 2.421902 1.5917512 29.012444 -1.5117415189743042 0.5771085619926453
Car 0.0 0 -0.39450201392173767 695.9611206054688 161.4549102783203 761.2757568359375 186.2395477294922 3.875109 1.5743928 1.6310624 7.692049 0.85064673 47.071518 -0.23252174258232117 0.4511423707008362
Car 0.0 0 -0.48750948905944824 842.1926879882812 157.32179260253906 971.6171875 198.4265899658203 4.2709975 1.4956793 1.601785 11.123671 0.93086743 27.262125 -0.10010288655757904 0.29305773973464966
Car 0.0 0 2.8428962230682373 769.417724609375 155.86016845703125 856.9525146484375 187.10867309570312 4.019731 1.5659097 1.632171 10.342996 0.7146815 37.023205 3.115316152572632 0.19236305356025696
