Car 0.0 0 -2.4607999324798584 777.4302368164062 179.4016876220703 968.7925415039062 244.54696655273438 4.3577843 1.3482348 1.579163 6.199001 1.5294259 17.65538 -2.123135566711426 0.9250828623771667
Car 0.0 0 -1.6858220100402832 615.345703125 181.7056121826172 653.5011596679688 209.26022338867188 3.9910278 1.3727931 1.620326 1.2444798 1.880797 39.32187 -1.6541839838027954 0.8294886350631714
Car 0.0 0 1.4167381525039673 638.74560546875 179.9820098876953 692.162353515625 216.60067749023438 3.7628684 1.3720993 1.621692 2.1764183 1.6853552 29.729681 1.4898147583007812 0.8022636771202087
Car 0.0 0 3.3755476474761963 350.9895935058594 182.61676025390625 469.9817199707031 227.5755615234375 3.7727594 1.5044211 1.5537424 -6.9851522 1.859205 25.349573 3.1066672801971436 0.75789475440979
Car 0.0 0 0.23116235435009003 398.33233642578125 181.16615295410156 494.7315368652344 216.79762268066406 3.93606 1.5327741 1.6244404 -7.2945786 1.9142656 32.252262 0.008732080459594727 0.7218236327171326
Car 0.0 0 3.641204357147217 0.0 192.96908569335938 299.96929931640625 304.4424743652344 3.7718863 1.4528306 1.5515112 -6.8410873 1.7751876 10.638337 3.06972336769104 0.6460504531860352
Car 0.0 0 3.783217430114746 0.0 185.90924072265625 230.536865234375 330.2437438964844 3.7400055 1.5137482 1.5489478 -6.835509 1.6839864 8.550956 3.108851432800293 0.6195809841156006
Car 0.0 0 0.13699765503406525 278.4963684082031 180.16807556152344 424.44140625 240.78323364257812 3.6893916 1.5893475 1.6290865 -7.2286987 1.808096 20.370243 -0.2040051966905594 0.4759056568145752
Car 0.0 0 0.4358838200569153 107.15326690673828 157.6824493408203 387.8095703125 279.2936096191406 4.2217264 2.0576303 1.7506717 -6.4693427 1.8012894 13.127064 -0.022007200866937637 0.42115435004234314
Car 0.0 0 1.7936947345733643 393.27850341796875 169.22325134277344 426.3988952636719 189.0185089111328 4.1497445 1.5143098 1.6597239 -15.874271 1.2369201 57.305687 1.5234603881835938 0.25509345531463623
