Car 0.0 0 -1.5864814519882202 586.0706787109375 177.3983612060547 653.6175537109375 243.5218505859375 3.6117277 1.4967281 1.5293014 0.22028227 1.3209113 18.076303 -1.5742957592010498 0.9568058848381042
Car 0.0 0 -1.548540472984314 583.9013061523438 173.74827575683594 634.0650024414062 221.83892822265625 3.8316958 1.5756832 1.645359 0.04402793 1.2010864 25.484459 -1.546812891960144 0.8798313140869141
Car 0.0 0 -1.6049232482910156 654.2027587890625 171.9993896484375 681.7728881835938 196.2729034423828 3.782069 1.5106888 1.6477149 3.8498216 0.6892889 46.663517 -1.5226079225540161 0.832856297492981
Car 0.0 0 -1.5556623935699463 580.5869750976562 170.84970092773438 618.1171875 204.27996826171875 4.0292797 1.4819156 1.6638724 -0.40096068 0.8462236 33.879463 -1.5674967765808105 0.44655561447143555
Car 0.0 0 -1.7006864547729492 700.6095581054688 175.59420776367188 735.3040771484375 199.95310974121094 3.7753234 1.4039401 1.5830592 6.5713882 0.850531 43.33152 -1.5501794815063477 0.26889199018478394
Car 0.0 0 1.4050216674804688 727.3779907226562 169.3129119873047 752.51708984375 185.95413208007812 4.1932364 1.5111908 1.6426945 12.348153 0.068188116 67.38473 1.586259365081787 0.14555566012859344
Car 0.0 0 1.7436330318450928 521.6080322265625 169.41696166992188 548.6683959960938 187.3644561767578 3.8866398 1.4937463 1.6737789 -6.221973 0.17996915 61.82457 1.643331527709961 0.11860927939414978
Car 0.0 0 2.103592872619629 350.3794250488281 180.55960083007812 399.1469421386719 202.56080627441406 3.734792 1.4269571 1.4401039 -15.7184515 1.1261022 48.59941 1.7907828092575073 0.11807470768690109
Car 0.0 0 0.6589441299438477 0.0 159.42237854003906 29.71825408935547 200.00057983398438 4.0209513 1.5295578 1.6336215 -25.322126 0.55843437 28.05847 -0.07523788511753082 0.1046554297208786
Car 0.0 0 0.008419275283813477 499.933349609375 169.1259002685547 546.8367309570312 186.2051239013672 4.331244 1.5822388 1.6917038 -7.9350743 0.09279357 67.6668 -0.10831445455551147 0.10364393889904022
Car 0.0 0 -1.5990489721298218 673.137451171875 165.96348571777344 691.905517578125 184.4269256591797 3.807164 1.6582474 1.6199884 6.9027452 -0.07419218 66.684654 -1.4959031343460083 0.10165080428123474
Car 0.0 0 -0.3778480291366577 769.2416381835938 166.90899658203125 821.4817504882812 183.8842315673828 4.444834 1.5669936 1.6924504 17.626284 -0.12622209 67.641136 -0.1229318380355835 0.10092703998088837
