Pedestrian 0.0 0 1.206174612045288 823.6109008789062 138.8195343017578 919.6580200195312 325.0525207519531 0.9222903 1.790748 0.6279008 2.6936977 1.3817205 7.370191 1.5565778017044067 0.36719051003456116
Pedestrian 0.0 0 1.2575440406799316 946.9664306640625 145.9440460205078 1059.196044921875 356.6291198730469 0.97365874 1.782134 0.6229516 3.6051383 1.4827611 6.6096573 1.7568756341934204 0.344162255525589
Car 0.0 0 -1.518593668937683 544.1444702148438 171.55810546875 575.905517578125 198.26197814941406 4.2586927 1.4950316 1.6507982 -2.3922706 0.93923575 42.346596 -1.575026273727417 0.9045312404632568
Car 0.0 0 -1.4903264045715332 581.615234375 169.01730346679688 602.709716796875 185.0847625732422 3.9736056 1.4236408 1.6164219 -0.7837227 0.3180318 65.68225 -1.5022578239440918 0.759131908416748
Car 0.0 0 -0.6175847053527832 355.6331481933594 174.89707946777344 484.014892578125 222.96798706054688 4.027414 1.5032221 1.6723511 -6.139313 1.297851 24.53391 -0.8627871870994568 0.5631674528121948
Car 0.0 0 1.9399096965789795 324.7386169433594 179.02789306640625 387.62677001953125 207.76806640625 4.5751247 1.4447607 1.6421562 -13.026216 1.3213649 38.42811 1.6130892038345337 0.4529208242893219
Car 0.0 0 -3.680157423019409 1059.2340087890625 148.15272521972656 1167.508056640625 179.7435302734375 4.0121894 1.4809742 1.5953766 24.674238 -0.0863851 34.733376 -3.0624923706054688 0.2766403257846832
Car 0.0 0 -1.3508129119873047 410.44036865234375 166.6385040283203 438.4331970214844 185.24317932128906 3.7904272 1.561296 1.5658119 -15.256444 0.31459045 62.190666 -1.5913794040679932 0.25363707542419434
Car 0.0 0 2.540363311767578 1038.286865234375 148.82894897460938 1138.4080810546875 178.3090057373047 4.084711 1.4742674 1.5688647 24.948603 -0.16658768 36.891888 3.134979724884033 0.23630855977535248
Car 0.0 0 -0.7657554745674133 1132.5484619140625 125.45478820800781 1238.0 192.72091674804688 3.9096415 1.5301561 1.6290241 15.238538 0.25646326 17.233236 -0.04170890152454376 0.1678725630044937
Car 0.0 0 -0.7260808944702148 1053.1690673828125 132.11285400390625 1232.8204345703125 191.73326110839844 3.7949762 1.5424207 1.6091908 14.622812 0.26591545 19.54157 -0.0836733877658844 0.16604472696781158
