Pedestrian 0.0 0 -0.060450464487075806 656.1420288085938 163.31582641601562 668.909912109375 188.03878784179688 0.90547925 1.8141444 0.58215106 3.8459206 1.1146002 53.239243 0.011662721633911133 0.197968989610672
Pedestrian 0.0 0 -0.01201842725276947 662.0765380859375 164.2281036376953 674.2145385742188 187.8333282470703 0.90154886 1.7629421 0.5404578 4.337478 1.11908 54.185047 0.06786060333251953 0.18815696239471436
Pedestrian 0.0 0 2.9691860675811768 665.1942749023438 167.4014129638672 677.8510131835938 187.0757293701172 1.0647362 1.7737736 0.54307824 5.551843 1.2825427 65.36595 3.053917407989502 0.10532563924789429
Cyclist 0.0 0 -1.6418259143829346 655.9395751953125 164.33351135253906 664.5960693359375 187.45533752441406 1.4549166 1.6921934 0.5371078 3.6981082 1.0689707 53.5317 -1.5728529691696167 0.10423433780670166
Car 0.0 0 1.7068977355957031 478.4875183105469 169.88067626953125 537.8613891601562 213.14491271972656 3.6126819 1.4419965 1.6301615 -3.6187377 1.3432536 25.85484 1.5678374767303467 0.9429954886436462
Car 0.0 0 2.0933752059936523 0.0 189.16586303710938 371.11468505859375 375.0 3.6617084 1.54193 1.5030403 -3.4924886 1.7246705 6.225511 1.582128643989563 0.7668984532356262
Car 0.0 0 2.7659387588500977 636.380126953125 164.80459594726562 681.8231811523438 182.5931854248047 3.7927222 1.5912269 1.6713425 4.459014 0.8715476 65.911736 2.833487033843994 0.6744126081466675
Car 0.0 0 1.8271574974060059 535.0167236328125 165.52931213378906 568.619873046875 185.77902221679688 4.217777 1.5343235 1.6256293 -4.56742 0.9796878 56.88701 1.747040033340454 0.3493369221687317
Car 0.0 0 -0.061441510915756226 367.62384033203125 157.92367553710938 453.0642395019531 191.6440887451172 4.05535 1.632401 1.6632099 -10.110974 0.9099844 36.374813 -0.3325634300708771 0.19409841299057007
Car 0.0 0 -0.6971277594566345 661.806640625 164.2766571044922 718.6685791015625 188.27651977539062 3.9018352 1.6749871 1.7033266 5.785481 1.0767195 52.143703 -0.5866270661354065 0.17758847773075104
Car 0.0 0 2.8285884857177734 639.849853515625 164.1102294921875 692.7303466796875 185.9698944091797 3.65648 1.61141 1.607982 4.204188 0.9672096 54.39516 2.9057247638702393 0.16421760618686676
Car 0.0 0 0.4868190884590149 155.42022705078125 155.8153533935547 331.0736083984375 218.7595672607422 4.253194 1.7549821 1.7174981 -10.629357 1.2802764 21.01279 0.01850104331970215 0.1301533281803131
Car 0.0 0 -0.08391311019659042 632.8662719726562 169.05172729492188 679.4583740234375 184.92474365234375 4.260896 1.4781449 1.6495241 4.3108697 1.1244231 68.05774 -0.02065625973045826 0.12538295984268188
Car 0.0 0 1.6832889318466187 577.1524047851562 166.84129333496094 599.1400756835938 186.38804626464844 3.8070617 1.7742021 1.6394192 -2.03387 1.2288033 67.45359 1.6531459093093872 0.10721859335899353
