Car 0.0 0 -1.8400381803512573 745.720703125 183.8369598388672 913.9061889648438 288.9486083984375 3.694953 1.3839427 1.6259012 3.307712 1.5911748 11.736211 -1.5653257369995117 0.9010781049728394
Car 0.0 0 0.6625354886054993 0.0 189.7149658203125 331.8284606933594 337.3196716308594 4.1753583 1.5104622 1.6041946 -5.740556 1.7327394 8.545719 0.07102441787719727 0.8811660408973694
Car 0.0 0 -1.7574646472930908 714.5164184570312 180.357666015625 816.4100341796875 251.73777770996094 3.9009993 1.4342786 1.5931294 3.447368 1.6305126 16.870182 -1.5558929443359375 0.8703417778015137
Car 0.0 0 3.4733362197875977 217.57061767578125 181.10891723632812 423.67547607421875 260.53448486328125 3.759653 1.5778221 1.6433535 -6.108506 1.7650526 15.42522 3.09627628326416 0.8693297505378723
Car 0.0 0 3.4174916744232178 328.47021484375 181.73193359375 474.20794677734375 239.39305114746094 3.7572708 1.5859307 1.632143 -6.014517 1.8538607 20.91999 3.1375410556793213 0.792736828327179
Car 0.0 0 -1.6990784406661987 678.0853881835938 182.648681640625 728.0662841796875 218.77886962890625 3.796354 1.3693862 1.5929725 3.798868 1.8065763 30.276144 -1.5742567777633667 0.7864946722984314
Car 0.0 0 0.20565690100193024 396.03228759765625 178.73809814453125 505.7041320800781 227.59144592285156 3.4931817 1.6424439 1.6487089 -5.5610256 1.8560301 25.301329 -0.010694850236177444 0.6338246464729309
Car 0.0 0 3.3642210960388184 361.83990478515625 183.85231018066406 496.28985595703125 233.75018310546875 3.8680038 1.4949949 1.6084532 -5.693779 1.8563523 22.834358 3.1198530197143555 0.46085065603256226
Car 0.0 0 3.268921375274658 414.18316650390625 183.72117614746094 525.4047241210938 223.2096710205078 4.0280695 1.4400191 1.6157954 -5.365218 1.8725555 27.75792 3.0779898166656494 0.4371689558029175
Car 0.0 0 1.8294870853424072 448.1349792480469 170.5384063720703 477.3332824707031 187.3085174560547 4.4476676 1.4919856 1.5500426 -13.539281 1.2863307 66.45505 1.6285018920898438 0.35202834010124207
Car 0.0 0 2.797305107116699 820.502685546875 159.79893493652344 900.20361328125 186.25115966796875 4.122349 1.5247636 1.6166676 14.642649 0.77259946 42.421093 3.129673957824707 0.33216360211372375
Car 0.0 0 2.4950313568115234 38.52262878417969 164.5884552001953 136.7335968017578 193.13087463378906 4.290335 1.4949687 1.6518668 -28.932997 1.0624012 40.08258 1.8698009252548218 0.31090760231018066
Car 0.0 0 2.437741756439209 0.0 138.11599731445312 146.5096435546875 375.0 4.2309046 1.7085345 1.7043984 -4.415318 1.6463761 3.4446266 1.529467225074768 0.30797114968299866
Car 0.0 0 0.21177662909030914 432.5350646972656 176.64593505859375 531.7813110351562 216.84959411621094 3.8504457 1.6319301 1.6522566 -5.3674626 1.7965188 30.350998 0.03674006462097168 0.28897625207901
