Pedestrian 0.0 0 -2.039670944213867 798.3121948242188 155.12391662597656 857.2886962890625 271.5775451660156 0.69865036 1.7237908 0.6115114 3.4196517 1.3346708 11.026017 -1.7389339208602905 0.4069291949272156
Pedestrian 0.0 0 -0.5934868454933167 1154.3392333984375 138.9226837158203 1198.8677978515625 192.31008911132812 1.0515852 1.7867912 0.54755914 19.468403 0.3628778 24.354273 0.08087801933288574 0.256694495677948
Pedestrian 0.0 0 2.924522638320923 700.5921020507812 152.62770080566406 728.5902709960938 217.59934997558594 0.6547991 1.7501305 0.53513247 3.0573807 0.9735634 19.634579 3.078996181488037 0.22801336646080017
Pedestrian 0.0 0 -1.7202446460723877 718.2243041992188 150.81088256835938 774.2971801757812 289.1748046875 0.98967296 1.6748146 0.5553348 1.7889632 1.3046825 9.198632 -1.5281610488891602 0.20327705144882202
Pedestrian 0.0 0 -2.9856135845184326 603.2151489257812 162.19017028808594 617.1497192382812 188.34542846679688 0.8816217 1.7777478 0.53509796 0.6123213 0.4659367 49.159588 -2.973158359527588 0.19871574640274048
Pedestrian 0.0 0 0.5346922874450684 88.966064453125 162.89840698242188 174.1707000732422 323.7141418457031 0.57346344 1.6491685 0.5224645 -5.030465 1.4597732 7.638525 -0.047680485993623734 0.18689358234405518
Pedestrian 0.0 0 -2.6425068378448486 419.0328063964844 160.24354553222656 493.6015319824219 274.6434020996094 0.96563137 1.7007753 0.59017336 -2.2792506 1.3860649 11.100125 -2.845027446746826 0.1420508176088333
Pedestrian 0.0 0 0.2710641920566559 601.825927734375 162.6171112060547 615.3035278320312 189.22897338867188 0.79957634 1.8359426 0.62574637 0.51073074 0.5338655 49.96662 0.28128528594970703 0.12550990283489227
Pedestrian 0.0 0 0.34193480014801025 303.9867858886719 152.9876251220703 394.3555908203125 307.6255798339844 0.8517501 1.7685078 0.63244146 -3.023724 1.4437776 8.529332 0.0012488365173339844 0.12378724664449692
Pedestrian 0.0 0 -2.5679261684417725 281.92889404296875 165.75167846679688 392.09185791015625 323.7150573730469 0.9862345 1.6511054 0.5667208 -2.940014 1.4878587 7.8886 -2.9246714115142822 0.11358735710382462
Pedestrian 0.0 0 -2.7469985485076904 647.5562133789062 162.90878295898438 775.880615234375 338.2333984375 1.1920812 1.7350799 0.6801363 1.1333647 1.5524627 7.704647 -2.6009445190429688 0.11116065084934235
Cyclist 0.0 0 1.4688048362731934 429.2035827636719 150.87425231933594 478.0726318359375 271.5103759765625 1.5841786 1.7410798 0.5781556 -2.372524 1.3003873 11.207286 1.2601900100708008 0.7470738291740417
Cyclist 0.0 0 -1.3900343179702759 309.3851318359375 147.86192321777344 388.8211975097656 314.0593566894531 1.6513275 1.7717134 0.60440385 -2.9926593 1.414481 8.517823 -1.727903127670288 0.4492530822753906
Cyclist 0.0 0 -1.1982041597366333 651.4376220703125 145.39736938476562 711.3707885742188 242.67776489257812 1.702525 1.7711431 0.5813979 1.5413301 1.1151049 13.964769 -1.0882763862609863 0.2691994905471802
Cyclist 0.0 0 -0.022540614008903503 655.71240234375 138.79296875 777.8851318359375 284.9683837890625 1.5026155 1.8006032 0.5727393 1.4188112 1.2758728 9.227272 0.13002729415893555 0.25961408019065857
Car 0.0 0 -2.323516607284546 0.0 109.28153991699219 75.08335876464844 240.92501831054688 4.109662 1.6075027 1.669216 -9.771046 0.7269813 9.6585455 -3.1147048473358154 0.4211658835411072
Car 0.0 0 1.241997480392456 470.9187927246094 163.06517028808594 539.0489501953125 199.5216064453125 4.069307 1.4271322 1.6068076 -4.1530643 0.70648974 30.29637 1.1057653427124023 0.2121787667274475
Car 0.0 0 -1.6254246234893799 642.9879760742188 161.52069091796875 709.5947875976562 224.27548217773438 3.472657 1.531445 1.5677727 1.8974116 1.0450692 19.296066 -1.527408242225647 0.2021414041519165
Car 0.0 0 2.441495418548584 1105.8372802734375 138.12530517578125 1238.0 185.25131225585938 3.939783 1.592405 1.6005856 20.134232 0.1278356 25.118288 3.117197036743164 0.18817472457885742
Car 0.0 0 1.6038286685943604 566.3333129882812 165.34832763671875 593.6358032226562 189.3636932373047 4.0661793 1.4777669 1.6251713 -1.3346199 0.48462453 46.236065 1.574971318244934 0.18441647291183472
Car 0.0 0 -1.6275688409805298 654.3952026367188 163.146728515625 742.6342163085938 245.54420471191406 3.7243202 1.4989387 1.5722121 1.8689544 1.1663316 14.975886 -1.503413200378418 0.13141193985939026
Car 0.0 0 -2.6858301162719727 518.8265380859375 165.0840606689453 574.8240356445312 185.9062042236328 3.8423374 1.5045395 1.5839399 -4.0372443 0.31898472 53.350346 -2.7613604068756104 0.12915092706680298
Car 0.0 0 -1.5870442390441895 661.3071899414062 158.2906494140625 806.015380859375 288.13507080078125 3.91683 1.5569321 1.7333144 1.8530616 1.2799777 10.679796 -1.4152437448501587 0.12660405039787292
Car 0.0 0 -0.623740553855896 794.2825927734375 156.0635223388672 864.0701904296875 182.03192138671875 4.097297 1.6356431 1.708865 14.803974 0.03422368 46.69235 -0.3167126774787903 0.11937880516052246
