Car 0.0 0 1.8749196529388428 348.6722412109375 185.7054901123047 469.1980285644531 261.62530517578125 3.9167635 1.4901663 1.5893825 -4.5765605 1.8255596 16.820082 1.6092617511749268 0.9527214169502258
Car 0.0 0 1.9947558641433716 178.87771606445312 195.02365112304688 407.3483581542969 321.327880859375 4.1734457 1.4719728 1.6311308 -4.67215 1.8831697 11.257827 1.6013741493225098 0.9489191174507141
Car 0.0 0 -2.0843629837036133 875.533203125 195.10670471191406 1242.0 375.0 3.9188254 1.3933171 1.6167544 3.7408483 1.6480726 6.26736 -1.5462424755096436 0.9480616450309753
Car 0.0 0 -1.7539738416671753 722.43994140625 181.64088439941406 827.0255126953125 253.3838653564453 4.1137023 1.4391544 1.6455191 3.6956975 1.6726608 17.061592 -1.5406601428985596 0.9311782717704773
Car 0.0 0 1.670091986656189 516.114013671875 178.6387176513672 553.8173828125 207.04885864257812 3.52796 1.4012257 1.6385368 -3.9498408 1.7210016 38.07145 1.5667136907577515 0.9203621745109558
Car 0.0 0 1.7976895570755005 416.8755798339844 184.0195770263672 501.55474853515625 237.36630249023438 4.071409 1.4181236 1.6562033 -4.545641 1.7922094 22.093182 1.5947726964950562 0.9046310186386108
Car 0.0 0 -1.867464542388916 771.4287109375 181.0682373046875 943.9186401367188 290.8648376464844 3.6630907 1.4624972 1.5852073 3.7529912 1.6173414 11.725526 -1.5576978921890259 0.8900153040885925
Car 0.0 0 -1.6730448007583618 702.45654296875 178.69781494140625 772.6403198242188 234.13719177246094 4.311826 1.5077409 1.674066 3.7875617 1.7065372 22.291967 -1.5047450065612793 0.8476570844650269
Car 0.0 0 1.7224994897842407 531.1493530273438 173.42213439941406 568.361572265625 204.13714599609375 4.1511984 1.7277929 1.5910665 -3.5546525 1.763519 42.789513 1.639616847038269 0.8354840874671936
Car 0.0 0 -1.7080273628234863 693.54443359375 175.79954528808594 746.871337890625 219.34808349609375 3.6107821 1.5485411 1.5301522 4.123381 1.6694465 27.713 -1.5603222846984863 0.6303144693374634
