Pedestrian 0.0 0 -0.8158058524131775 1161.2637939453125 130.34527587890625 1224.0 224.5320281982422 1.0320188 1.640077 0.51159024 10.584651 0.76837635 12.621637 -0.11796065419912338 0.34784045815467834
Pedestrian 0.0 0 2.5283045768737793 970.4592895507812 147.05697631835938 1018.8120727539062 216.61666870117188 0.9660597 1.8217663 0.58976054 10.35147 0.9474815 18.859331 3.0302858352661133 0.3346482217311859
Pedestrian 0.0 0 2.013756275177002 990.4431762695312 144.1340789794922 1031.2137451171875 215.43711853027344 1.0460742 1.7751261 0.5074266 10.360018 0.87137306 18.104422 2.5335114002227783 0.30778202414512634
Pedestrian 0.0 0 -3.62631893157959 984.8479614257812 141.0740509033203 1088.2572021484375 273.97454833984375 1.0680386 1.7685273 0.5764786 5.866175 1.2455523 9.722624 -3.083437442779541 0.16011136770248413
Pedestrian 0.0 0 0.7686538696289062 876.5375366210938 161.85548400878906 901.6487426757812 197.94776916503906 0.99039406 1.6893921 0.5703418 13.503439 0.81813884 33.658752 1.1501827239990234 0.1335318684577942
Pedestrian 0.0 0 0.249761164188385 871.2017822265625 160.22254943847656 894.6978759765625 196.4513702392578 0.94223994 1.6743058 0.45162255 13.006679 0.73864335 33.129612 0.6238718032836914 0.11645577847957611
Cyclist 0.0 0 -1.6320757865905762 516.1842041015625 166.772705078125 527.7820434570312 198.03109741210938 1.404316 1.6906147 0.54786813 -4.5919127 0.94957435 38.97554 -1.7493504285812378 0.11452607810497284
Cyclist 0.0 0 -1.418941617012024 777.5172119140625 161.3289031982422 790.3252563476562 191.53294372558594 1.3357433 1.7120042 0.5216609 10.32005 0.6267476 40.788223 -1.1711269617080688 0.11336012929677963
Car 0.0 0 -0.8014546036720276 0.0 203.7360076904297 302.8041687011719 370.0 3.9708128 1.394765 1.6407083 -3.152139 1.5708419 3.3087664 -1.562615156173706 0.8986867070198059
Car 0.0 0 -0.22067523002624512 745.4630737304688 162.89598083496094 890.0430297851562 214.2159423828125 4.1365905 1.5647484 1.6954644 6.650938 1.0295593 22.535894 0.06630444526672363 0.8229733109474182
Car 0.0 0 2.6415417194366455 803.19921875 160.03668212890625 900.2247314453125 197.423583984375 3.9737387 1.6953623 1.7053616 11.5428 0.7688843 33.225883 2.9759018421173096 0.1790725737810135
Car 0.0 0 -0.11722642183303833 927.5726928710938 139.2053680419922 1124.4755859375 214.9882049560547 4.143842 1.7676786 1.6915741 10.51386 0.8060633 18.087845 0.4093046188354492 0.15828537940979004
Car 0.0 0 -3.1051950454711914 589.19921875 165.8135223388672 635.1510009765625 181.67416381835938 4.336093 1.4954044 1.6504948 0.7367116 0.111842364 67.585236 -3.094295024871826 0.15805013477802277
Car 0.0 0 2.178048610687256 53.445823669433594 168.3513641357422 121.03556060791016 193.40402221679688 4.0515537 1.6163152 1.6624619 -34.802258 0.833859 47.65625 1.5472902059555054 0.13958972692489624
Car 0.0 0 -0.6929112672805786 1059.2598876953125 152.65110778808594 1165.734375 183.0215301513672 4.4326153 1.5075929 1.5631889 25.804855 0.126602 36.030766 -0.07140228152275085 0.11446993798017502
Car 0.0 0 -1.2449707984924316 1187.051513671875 130.56199645996094 1224.0 370.0 4.1938066 1.5182368 1.6200678 5.430856 1.3514028 3.7332873 -0.27640843391418457 0.11416670680046082
