Pedestrian 0.0 0 -0.7211704850196838 1214.0009765625 140.66319274902344 1242.0 189.9476776123047 0.9380221 1.9592795 0.4899458 24.85162 0.6799085 28.931961 -0.011493219994008541 0.1609908789396286
Pedestrian 0.0 0 2.5196542739868164 1065.2708740234375 160.77491760253906 1084.3243408203125 188.24693298339844 0.85555905 1.7612778 0.58053225 29.964613 0.9872253 46.56766 3.091421127319336 0.13076256215572357
Pedestrian 0.0 0 -0.6353799104690552 1221.9766845703125 142.33274841308594 1242.0 186.17730712890625 1.0638375 1.8914218 0.534733 27.393608 0.57511604 31.433607 0.08145022392272949 0.12412507832050323
Cyclist 0.0 0 -0.13172385096549988 633.0986938476562 169.6128387451172 687.3113403320312 229.11119079589844 1.5733914 1.7825725 0.6688946 1.4738771 1.6858255 21.999252 -0.06482712924480438 0.10447154939174652
Car 0.0 0 1.999780535697937 209.95388793945312 185.51220703125 311.6033020019531 232.37672424316406 4.468542 1.5021679 1.6540183 -12.755482 2.0084903 26.588987 1.5524816513061523 0.8716394901275635
Car 0.0 0 1.8074572086334229 419.46240234375 181.48011779785156 447.241943359375 198.65306091308594 3.9646568 1.4546379 1.5494837 -15.918947 2.2569659 65.09396 1.5676113367080688 0.6475433707237244
Car 0.0 0 1.9416847229003906 321.0246887207031 184.69369506835938 367.21929931640625 206.1734619140625 4.4138846 1.4112855 1.6403503 -19.148119 2.3026512 52.07554 1.5893303155899048 0.46092402935028076
Car 0.0 0 -1.6245795488357544 670.6796264648438 173.12281799316406 690.81201171875 190.3799591064453 3.9582095 1.4942341 1.5766587 6.280497 1.5193894 64.54662 -1.527583122253418 0.4003736674785614
Car 0.0 0 3.4411888122558594 288.44793701171875 171.1856231689453 341.3297424316406 190.11863708496094 3.8874803 1.5986356 1.649935 -25.31006 1.4581205 61.914722 3.053128719329834 0.19510893523693085
Car 0.0 0 -1.6672613620758057 636.4417724609375 180.72691345214844 700.6924438476562 233.62796020507812 3.6387548 1.4679397 1.6240205 1.6921688 1.7327923 22.40163 -1.5918667316436768 0.1894434541463852
Car 0.0 0 -2.290144920349121 1162.921875 151.61642456054688 1242.0 183.6285400390625 3.9033391 1.63391 1.6825551 32.073025 0.5502943 38.79972 -1.5993754863739014 0.1819278597831726
Car 0.0 0 1.4939565658569336 764.0201416015625 167.98098754882812 785.2857666015625 186.7473907470703 4.1577263 1.5950658 1.5039729 14.436198 1.181237 63.491394 1.7175281047821045 0.16929537057876587
Car 0.0 0 -0.7824692130088806 1195.9171142578125 149.675537109375 1242.0 186.2511444091797 4.101407 1.472488 1.6216103 26.950905 0.5397107 29.957441 -0.04985321685671806 0.16886527836322784
Car 0.0 0 2.104339599609375 227.02503967285156 183.24085998535156 309.3778381347656 220.03076171875 3.73304 1.4413162 1.5409588 -14.759759 1.9198484 31.284443 1.6635116338729858 0.143326535820961
Car 0.0 0 1.0684995651245117 1068.062255859375 144.12820434570312 1200.6177978515625 196.54676818847656 4.069047 1.5500356 1.71936 16.806826 0.7009618 23.455841 1.690233826637268 0.14132313430309296
Car 0.0 0 -0.7070020437240601 1090.5672607421875 160.552734375 1174.585205078125 186.42393493652344 4.014199 1.5382535 1.6760811 31.722145 0.8072011 43.896698 -0.08123300969600677 0.111009381711483
