Pedestrian 0.0 0 -2.9918441772460938 588.8399047851562 165.51991271972656 608.8115234375 197.43994140625 1.0796 1.8174475 0.53134453 -0.6733306 1.4002209 41.414986 -3.008100986480713 0.14856478571891785
Pedestrian 0.0 0 -3.2441132068634033 732.48291015625 163.71688842773438 750.4434814453125 194.96119689941406 0.96075344 1.7776227 0.5516729 7.497863 1.2581311 41.36053 -3.0647799968719482 0.12264102697372437
Cyclist 0.0 0 -0.27288416028022766 580.5482788085938 170.63584899902344 609.4854125976562 202.16566467285156 1.4769144 1.6815426 0.51587164 -0.8453744 1.5636029 38.939404 -0.2945907413959503 0.13691328465938568
Car 0.0 0 1.7081886529922485 508.9809875488281 179.3655548095703 553.99658203125 212.57044982910156 3.850213 1.4097999 1.5557421 -3.6085594 1.728662 33.343014 1.600382924079895 0.8713496923446655
Car 0.0 0 2.8175158500671387 766.3845825195312 162.44203186035156 821.6726684570312 182.70738220214844 4.193511 1.6730918 1.6292318 15.392594 0.8138447 60.536457 3.066509246826172 0.2756154239177704
Car 0.0 0 1.8365545272827148 415.2137756347656 175.42495727539062 443.85650634765625 191.60328674316406 4.12159 1.4729624 1.6106862 -17.092663 1.724549 68.42741 1.5917710065841675 0.16785921156406403
Car 0.0 0 1.6527326107025146 702.7393188476562 166.37855529785156 725.2068481445312 184.64178466796875 4.0143633 1.5843396 1.6739514 9.335798 1.0229503 64.73424 1.7959623336791992 0.16052661836147308
Car 0.0 0 1.7758606672286987 542.6026000976562 175.59361267089844 577.09716796875 197.1653594970703 3.8080127 1.3902183 1.5963159 -3.3932488 1.584204 48.998898 1.7067195177078247 0.14959511160850525
Car 0.0 0 -0.5303540229797363 760.9075927734375 164.117919921875 811.8115844726562 182.0552215576172 4.0188556 1.5202049 1.6142677 15.247962 0.78017014 62.498093 -0.2910540699958801 0.1427297294139862
Car 0.0 0 0.3661799132823944 309.6371765136719 171.71864318847656 386.350341796875 202.07481384277344 4.196527 1.8686881 1.7046345 -16.440884 1.7991548 45.304314 0.01806044578552246 0.1280297189950943
Car 0.0 0 1.7550337314605713 711.041015625 171.56642150878906 745.9091186523438 193.91490173339844 4.6256967 1.6048214 1.7722399 8.93275 1.5127188 54.28646 1.9181207418441772 0.10210619866847992
