Pedestrian 0.0 0 2.7304012775421143 561.7001342773438 161.32931518554688 578.8226928710938 188.9081268310547 0.96011144 1.7629678 0.55973876 -2.5977407 1.026613 46.587353 2.6746983528137207 0.1024014875292778
Car 0.0 0 -1.3767000436782837 409.2187194824219 162.76666259765625 476.39349365234375 211.91290283203125 4.0099263 1.622481 1.5968115 -5.939455 1.2898222 25.84693 -1.6025722026824951 0.5179983377456665
Car 0.0 0 0.05573713779449463 464.75872802734375 164.29391479492188 520.9550170898438 186.90989685058594 4.156186 1.6970152 1.7242674 -8.94876 1.0550565 55.213665 -0.10494077205657959 0.43093621730804443
Car 0.0 0 1.6901096105575562 437.8431701660156 162.57493591308594 483.9987487792969 194.419677734375 4.431038 1.467197 1.7089065 -7.3047323 0.9939631 35.520058 1.4872864484786987 0.38719767332077026
Car 0.0 0 -0.5203578472137451 817.4020385742188 136.49131774902344 979.44140625 203.0736083984375 3.6308281 1.6583048 1.6577147 7.50536 0.7530104 19.050514 -0.14505918323993683 0.19940534234046936
Car 0.0 0 3.315868377685547 420.70001220703125 163.1894073486328 497.01483154296875 192.05580139160156 3.8743663 1.5480323 1.6207923 -8.27761 1.0301028 39.563404 3.109619617462158 0.14870767295360565
Car 0.0 0 1.8059990406036377 373.6861877441406 164.62815856933594 416.8035888671875 192.19834899902344 3.6225128 1.5786896 1.6752032 -12.826816 1.1080294 43.166576 1.5171618461608887 0.12416768819093704
Car 0.0 0 -3.0632448196411133 569.475830078125 160.61972045898438 639.0830078125 186.40252685546875 4.123554 1.5351076 1.598698 -0.34964034 0.80703694 43.899963 -3.071209192276001 0.11922715604305267
Car 0.0 0 0.7494978308677673 0.0 179.7902069091797 69.47734069824219 253.3692169189453 4.1862283 1.7581136 1.69196 -16.462002 1.942729 18.284216 0.016495227813720703 0.11606006324291229
Car 0.0 0 -3.136509656906128 575.6184692382812 160.42845153808594 648.5828247070312 187.83482360839844 4.0333548 1.5144298 1.6039526 0.08566285 0.8281728 40.68466 -3.134404182434082 0.1145881786942482
