Cyclist 0.0 0 -1.1589384078979492 79.05369567871094 179.4852294921875 100.6263656616211 210.8016357421875 1.4626257 1.7099259 0.43376377 -29.205914 2.0893013 40.47716 -1.7839752435684204 0.11696036905050278
Car 0.0 0 -0.4470008611679077 896.4691162109375 152.3781280517578 991.1605834960938 186.3464813232422 3.8856325 1.6256065 1.6423038 16.279121 0.64606124 35.379185 -0.015752539038658142 0.38816696405410767
Car 0.0 0 -0.5110243558883667 700.181884765625 167.855712890625 744.5629272460938 185.13917541503906 3.7348573 1.5602521 1.6081206 10.340941 1.1093915 66.53921 -0.35684648156166077 0.34452030062675476
Car 0.0 0 -1.8231555223464966 773.8142700195312 165.7215118408203 803.0277709960938 184.0711669921875 3.8526733 1.5980965 1.630476 15.958312 0.9772744 64.771965 -1.5815898180007935 0.30167949199676514
Car 0.0 0 -0.5112013816833496 953.6015625 163.16932678222656 1008.5611572265625 181.65249633789062 3.8460484 1.5457478 1.6191695 31.43547 0.7361754 61.21932 -0.036820631474256516 0.22066304087638855
Car 0.0 0 -3.2983882427215576 787.386962890625 165.31375122070312 839.9562377929688 183.55584716796875 4.088137 1.5209243 1.6058356 17.213442 0.8926176 61.191914 -3.024172067642212 0.21718713641166687
Car 0.0 0 1.3741756677627563 813.7269897460938 164.85128784179688 844.5524291992188 185.493896484375 3.9516747 1.6095431 1.6368437 17.640175 0.9859135 58.302853 1.667980432510376 0.19128212332725525
Car 0.0 0 1.8568612337112427 412.1841735839844 179.7171630859375 452.7358703613281 201.48109436035156 4.541029 1.4364684 1.5874051 -12.608326 1.9474671 51.377796 1.6162127256393433 0.17857351899147034
Car 0.0 0 1.0624115467071533 974.07177734375 163.66180419921875 1028.494140625 185.19386291503906 4.177463 1.5346143 1.72745 28.920359 0.8798338 53.521824 1.5578134059906006 0.1718597561120987
Car 0.0 0 -0.6436493396759033 877.1788330078125 163.309326171875 937.5989990234375 184.5388946533203 4.0205264 1.5554265 1.6281817 22.282606 0.8564737 54.1541 -0.2532971501350403 0.1323215812444687
Car 0.0 0 1.8528974056243896 922.9462280273438 163.0387725830078 957.6524658203125 181.39012145996094 4.574959 1.615683 1.6712898 30.131847 0.7518902 65.80076 2.282322645187378 0.13211913406848907
Car 0.0 0 -3.6928176879882812 1027.2764892578125 156.00137329101562 1113.1702880859375 184.04820251464844 3.9139035 1.5916799 1.6440527 26.576195 0.6356377 41.79665 -3.126457691192627 0.12255744636058807
Car 0.0 0 -0.428683876991272 624.1130981445312 169.16427612304688 672.7318725585938 185.82546997070312 4.2427073 1.524859 1.6572926 3.580674 1.1875271 67.582825 -0.3757513463497162 0.11758296936750412
