Car 0.0 0 1.842966079711914 398.3618469238281 186.40138244628906 472.03033447265625 234.70790100097656 3.92064 1.5135626 1.549875 -6.1741047 2.0339463 25.706715 1.6072558164596558 0.8963897228240967
Car 0.0 0 1.9082188606262207 337.3520812988281 187.66204833984375 436.76318359375 249.10316467285156 3.6447268 1.4982517 1.550631 -6.209055 1.9540792 20.337797 1.6119102239608765 0.8556591272354126
Car 0.0 0 1.758134126663208 454.1373596191406 180.92845153808594 506.75335693359375 215.47964477539062 4.4044237 1.491101 1.6749007 -6.1325707 1.900976 34.38076 1.581618309020996 0.845797598361969
Car 0.0 0 -0.5861766934394836 911.102294921875 160.1046905517578 964.1618041992188 179.8245086669922 3.7834961 1.6234667 1.6257162 27.433214 0.57421637 60.503796 -0.1604880839586258 0.8255494832992554
Car 0.0 0 -1.6906908750534058 669.0831909179688 174.52735900878906 733.1051635742188 224.63450622558594 4.083848 1.5144032 1.6106619 2.8923965 1.5751234 23.982914 -1.5706682205200195 0.8098202347755432
Car 0.0 0 -3.581911563873291 923.7991943359375 162.27191162109375 984.8448486328125 182.70130920410156 4.101724 1.6132691 1.6495736 27.528278 0.77797925 57.808914 -3.137489080429077 0.7930818796157837
Car 0.0 0 -0.9204721450805664 0.0 194.73951721191406 110.72276306152344 239.3023223876953 3.704061 1.4319112 1.6028203 -20.707178 2.3034904 26.863218 -1.5771764516830444 0.6751998662948608
Car 0.0 0 2.2443857192993164 56.40138244628906 191.47691345214844 181.55007934570312 237.6016845703125 4.071996 1.4645395 1.6415503 -18.040472 2.2079847 26.693281 1.650057077407837 0.4506293535232544
Car 0.0 0 -0.5643970370292664 897.9557495117188 163.904541015625 952.0983276367188 181.60601806640625 4.124733 1.5193816 1.5881286 27.481009 0.75157404 63.029022 -0.15324155986309052 0.3998645544052124
Car 0.0 0 -0.6823436617851257 952.390380859375 164.05503845214844 1014.7597045898438 183.19622802734375 4.20861 1.437698 1.5633239 28.636902 0.77716315 55.38605 -0.20515577495098114 0.35747790336608887
