Car 0.0 0 1.8846665620803833 323.2635498046875 186.02854919433594 456.5069885253906 275.6619567871094 3.8623278 1.5957799 1.577883 -4.5627666 1.9123857 15.366911 1.596036434173584 0.9587056040763855
Car 0.0 0 1.8448874950408936 412.60614013671875 181.25674438476562 501.3616638183594 241.0404052734375 3.788195 1.549149 1.5755585 -4.4269824 1.8188673 21.183725 1.6388720273971558 0.9430121779441833
Car 0.0 0 -1.775036096572876 738.5967407226562 181.538330078125 849.9307861328125 257.8498840332031 3.809068 1.442156 1.6120837 3.8885665 1.6584029 16.003473 -1.536672830581665 0.9235317707061768
Car 0.0 0 1.7559854984283447 457.42791748046875 179.39869689941406 523.0952758789062 226.31204223632812 4.1695833 1.5303632 1.6099151 -4.3020515 1.7876772 26.223627 1.593381404876709 0.9211138486862183
Car 0.0 0 -1.8795361518859863 790.21533203125 186.71372985839844 1003.4376831054688 313.2015686035156 4.0091224 1.4104081 1.65271 3.8308227 1.6521081 10.52527 -1.5304756164550781 0.9186504483222961
Car 0.0 0 -1.7057828903198242 706.376708984375 180.61859130859375 781.1605224609375 235.7821044921875 4.130999 1.4232945 1.599864 3.794074 1.675469 21.30094 -1.5295138359069824 0.8675968050956726
Car 0.0 0 1.6219923496246338 532.6989135742188 177.3392333984375 562.9580688476562 203.9271697998047 3.4909678 1.4688581 1.5898894 -3.6357815 1.7427506 42.22867 1.5361067056655884 0.8646168112754822
Car 0.0 0 -2.209216594696045 935.9030151367188 200.80206298828125 1242.0 375.0 3.8669305 1.4052405 1.6076214 3.8326888 1.6733385 4.960851 -1.5514159202575684 0.7457593679428101
Car 0.0 0 -1.7178990840911865 685.4839477539062 177.7041473388672 736.1575927734375 213.7389678955078 3.9261777 1.4690806 1.6479563 4.351165 1.6972586 31.916676 -1.5824054479599 0.5838339924812317
Car 0.0 0 -1.2939918041229248 719.043701171875 166.9683074951172 751.951904296875 185.40682983398438 4.365381 1.5679561 1.7364386 11.094791 1.067811 63.697758 -1.1215431690216064 0.5616405606269836
