Pedestrian 0.0 0 -2.25042724609375 271.80078125 167.76345825195312 295.2680969238281 205.6615447998047 0.7259501 1.7142415 0.6744871 -15.014432 1.48434 33.098778 -2.6762917041778564 0.16151410341262817
Cyclist 0.0 0 -1.6760588884353638 672.7291259765625 169.6112823486328 685.617431640625 201.84359741210938 1.2738993 1.5791442 0.5066601 3.4067712 1.4206334 35.98692 -1.581673264503479 0.1549881547689438
Car 0.0 0 -1.916756510734558 769.2515258789062 184.6709442138672 1001.3967895507812 330.2266540527344 3.447235 1.4165834 1.5517682 3.1187272 1.5933543 9.034977 -1.584378719329834 0.9281041622161865
Car 0.0 0 2.1572628021240234 0.0 194.25779724121094 256.9323425292969 375.0 3.4668992 1.4872603 1.5297514 -5.577499 1.7781919 8.044475 1.551025390625 0.9253711700439453
Car 0.0 0 -2.245465040206909 907.4328002929688 198.1551513671875 1242.0 375.0 3.7089384 1.3941828 1.5606991 3.0151582 1.5903939 3.7234702 -1.5647944211959839 0.8245756030082703
Car 0.0 0 1.9925634860992432 172.62872314453125 185.5997314453125 373.00750732421875 290.5828857421875 4.0552635 1.481368 1.6366007 -5.7061615 1.7419244 12.699051 1.5702605247497559 0.7289506196975708
Car 0.0 0 1.1304237842559814 474.2894592285156 177.9217987060547 533.2772216796875 204.2666015625 4.3025136 1.3963882 1.661446 -6.17755 1.7030549 41.358112 0.9821527004241943 0.6109647154808044
Car 0.0 0 2.745490789413452 677.5856323242188 171.68820190429688 731.7326049804688 190.30995178222656 4.0851645 1.4883068 1.6052058 7.7048 1.3954902 58.976357 2.875397205352783 0.2881855368614197
Car 0.0 0 -0.06966444849967957 622.816162109375 170.04238891601562 670.736328125 185.80186462402344 4.3935957 1.4617397 1.5684313 3.4101548 1.2013123 67.74874 -0.019371572881937027 0.2195100039243698
Car 0.0 0 -1.367455244064331 394.33343505859375 168.29885864257812 423.4165344238281 188.83567810058594 3.8157055 1.6591858 1.6033465 -16.778448 1.2915299 60.248955 -1.6390588283538818 0.12763060629367828
Car 0.0 0 -1.1877461671829224 165.1203155517578 161.395263671875 232.55838012695312 194.9237823486328 3.827372 1.6208442 1.6862096 -20.964691 1.067261 36.887047 -1.7045671939849854 0.11531145870685577
