Car 0.0 0 -0.9957126379013062 43.03897476196289 188.66458129882812 252.39158630371094 272.3628234863281 3.6418757 1.3427981 1.564741 -8.437134 1.4175835 13.514158 -1.5538214445114136 0.934767484664917
Car 0.0 0 -1.5283212661743164 573.3703002929688 176.97581481933594 622.265625 218.73153686523438 3.959115 1.4647309 1.6837912 -0.3484803 1.1768192 27.216309 -1.541124701499939 0.9061363339424133
Car 0.0 0 -1.2219429016113281 298.0757141113281 177.18263244628906 450.5684814453125 262.40081787109375 4.2644873 1.4885141 1.5738533 -4.6069994 1.3493308 14.718382 -1.5252922773361206 0.8910132050514221
Car 0.0 0 -1.3778232336044312 444.9376220703125 178.29750061035156 505.6510925292969 219.3699951171875 3.8394957 1.4555327 1.5668067 -5.0074854 1.2114968 27.400314 -1.5585813522338867 0.8654686212539673
Car 0.0 0 -1.0635451078414917 228.5709228515625 177.47557067871094 318.63818359375 216.09814453125 3.6722171 1.4026201 1.5952786 -12.94071 1.1226609 27.992456 -1.4965745210647583 0.5648170113563538
Car 0.0 0 2.273977756500244 0.0 195.0640411376953 100.55512237548828 284.4443054199219 4.0593424 1.4114525 1.6105374 -12.03202 1.6301473 13.837156 1.55824613571167 0.4267199635505676
Car 0.0 0 1.7540576457977295 425.72344970703125 168.7523956298828 468.015380859375 196.64193725585938 4.0019526 1.4796729 1.6041263 -8.958632 0.60734767 40.163647 1.5345969200134277 0.3548026382923126
Car 0.0 0 3.6358814239501953 116.82161712646484 158.68313598632812 236.09683227539062 197.3797149658203 4.15966 1.6341963 1.6676849 -18.728783 0.5148308 31.2812 3.0964012145996094 0.24114573001861572
Car 0.0 0 2.1039724349975586 124.74659729003906 177.2154541015625 229.97657775878906 216.28488159179688 3.9761748 1.3981527 1.6901629 -16.486824 1.1129851 27.712503 1.5672938823699951 0.2003088891506195
Car 0.0 0 2.178739070892334 64.6966552734375 184.29669189453125 218.58590698242188 242.4165802001953 3.9267166 1.4300008 1.5607142 -12.597731 1.4085206 19.675072 1.6092208623886108 0.1535208821296692
Car 0.0 0 1.4955713748931885 618.9076538085938 177.06515502929688 652.0706176757812 205.07980346679688 3.4990666 1.4827079 1.5688748 1.4680455 1.052462 39.820824 1.5324209928512573 0.14935645461082458
