Pedestrian 0.0 0 -0.1325409710407257 748.9483642578125 162.96450805664062 761.4100952148438 186.7621307373047 0.87836075 1.8392965 0.5936946 11.257759 1.0753038 56.089188 0.06553888320922852 0.19715191423892975
Pedestrian 0.0 0 3.5653698444366455 184.78466796875 157.17242431640625 213.6630859375 198.61151123046875 0.9843352 1.8461747 0.56583357 -18.520967 1.1478949 32.471004 3.047010898590088 0.17379042506217957
Car 0.0 0 3.513253688812256 186.82139587402344 181.13037109375 432.43145751953125 266.91607666015625 4.194799 1.5803573 1.6133736 -5.8598156 1.7543882 14.295174 3.1242287158966064 0.9240275621414185
Car 0.0 0 -2.3374104499816895 707.7364501953125 177.43191528320312 788.7365112304688 209.794921875 3.6791487 1.3490775 1.4309227 6.132736 1.5682337 32.551983 -2.1511948108673096 0.8974030017852783
Car 0.0 0 -1.9543046951293945 779.29052734375 182.89341735839844 1117.9205322265625 375.0 3.9020615 1.4331888 1.6102002 2.940949 1.5631232 7.3564034 -1.5739872455596924 0.8920875787734985
Car 0.0 0 -1.6646835803985596 627.6597900390625 177.6551513671875 658.7046508789062 201.37734985351562 3.7315505 1.3970813 1.5906287 2.0056372 1.710643 45.164135 -1.6203049421310425 0.8423351645469666
Car 0.0 0 0.6236362457275391 0.0 175.6728515625 286.8521728515625 321.5372619628906 4.0766244 1.6815373 1.6874894 -6.5893087 1.7211413 9.195515 0.0018701553344726562 0.785789966583252
Car 0.0 0 3.6040868759155273 30.907569885253906 178.09005737304688 326.0884704589844 290.665771484375 3.6881983 1.6281666 1.6247581 -6.713589 1.7184563 11.45489 3.0739586353302 0.6611821055412292
Car 0.0 0 3.3463704586029053 359.0654602050781 181.83456420898438 476.5874938964844 224.09048461914062 3.8219805 1.4372501 1.5774645 -6.8462973 1.7699773 25.8096 3.087080240249634 0.44111424684524536
Car 0.0 0 0.3758075535297394 240.4746856689453 181.869384765625 428.64178466796875 250.03990173339844 3.815773 1.5028083 1.5709472 -6.4142437 1.7248677 16.92948 0.013639450073242188 0.22755233943462372
Car 0.0 0 -2.6166491508483887 312.252197265625 187.6085968017578 466.261474609375 244.95372009277344 3.6590335 1.3986079 1.5781245 -5.94122 1.81957 19.384441 -2.914053201675415 0.1733083873987198
