Car 0.0 0 1.7056772708892822 477.4430847167969 184.31173706054688 537.5234375 224.6172637939453 4.4204392 1.3894999 1.7540684 -3.9779859 1.8751653 28.344725 1.5662448406219482 0.9655551314353943
Car 0.0 0 2.0516834259033203 131.24998474121094 192.99623107910156 345.6827697753906 296.0368957519531 4.291 1.4567294 1.6462704 -6.5370207 1.8861834 13.205885 1.5920372009277344 0.9645333290100098
Car 0.0 0 -1.6527416706085205 629.2371215820312 177.49205017089844 660.3773803710938 201.28271484375 4.128603 1.4164604 1.6357526 2.1369069 1.7250978 45.86414 -1.6061832904815674 0.6157329678535461
Car 0.0 0 2.435786724090576 0.0 194.17855834960938 169.568603515625 375.0 4.0306106 1.6354121 1.6064875 -6.394665 1.8985795 6.798278 1.6809720993041992 0.584247350692749
Car 0.0 0 2.9029126167297363 702.1759643554688 161.5181884765625 780.247314453125 192.055419921875 4.18452 1.7350363 1.6903776 7.5584507 1.0913265 41.962997 3.0811235904693604 0.5315269231796265
Car 0.0 0 1.7066463232040405 517.88623046875 180.79986572265625 557.3782958984375 212.11569213867188 3.7896817 1.596092 1.6637148 -3.9638896 2.0545528 39.672287 1.6070610284805298 0.4789195954799652
Car 0.0 0 3.556126117706299 187.8909912109375 171.0674285888672 282.6210632324219 202.6155548095703 3.770824 1.4934423 1.5764073 -18.189903 1.409226 35.06104 3.0775465965270996 0.4762882590293884
Car 0.0 0 -0.48072075843811035 842.4136352539062 163.5904083251953 900.8062133789062 184.40225219726562 4.112313 1.642944 1.6667271 21.004242 0.9120079 58.05724 -0.13358579576015472 0.36561769247055054
Car 0.0 0 1.8507885932922363 317.39385986328125 166.45535278320312 366.17108154296875 197.0529022216797 3.738574 1.6458982 1.6111687 -15.113254 1.3020616 40.73467 1.4955143928527832 0.3512023389339447
Car 0.0 0 -0.6583571434020996 1084.93359375 148.5146942138672 1180.6923828125 179.47471618652344 3.8689086 1.5677581 1.5661106 27.002546 0.33561847 37.380604 -0.03277644142508507 0.3422946631908417
Car 0.0 0 -0.7191656827926636 1136.3592529296875 141.79002380371094 1242.0 177.33721923828125 3.9855971 1.6077027 1.6939331 27.027542 0.20312199 33.55867 -0.041151776909828186 0.33501794934272766
Car 0.0 0 1.8905012607574463 356.5150146484375 189.38084411621094 442.0965881347656 238.31863403320312 3.9419105 1.3986831 1.5633128 -6.930173 1.9939163 23.969248 1.6090487241744995 0.32727736234664917
Car 0.0 0 -2.1804566383361816 1020.3648071289062 157.9926300048828 1100.26806640625 192.16122436523438 3.4974837 1.6090722 1.6478262 22.19188 0.90957695 35.766926 -1.6251301765441895 0.307032972574234
