Pedestrian 0.0 0 -1.9764604568481445 587.607421875 165.7827606201172 611.9346313476562 213.76840209960938 0.8549148 1.7964774 0.64171386 -0.43773636 1.5321038 27.531364 -1.992358684539795 0.12594802677631378
Car 0.0 0 2.296783924102783 161.5479736328125 184.12442016601562 257.04913330078125 220.21554565429688 4.122861 1.4850566 1.4774811 -18.365643 2.038256 33.21718 1.7917200326919556 0.8890206813812256
Car 0.0 0 -0.2537255883216858 744.1170043945312 165.9550018310547 797.1558837890625 183.33786010742188 4.57287 1.6088151 1.7178214 15.029206 0.97065747 67.71603 -0.03532122075557709 0.6742318868637085
Car 0.0 0 2.5747063159942627 348.3314514160156 179.0004425048828 422.06298828125 203.29434204101562 4.060501 1.363105 1.5380664 -13.553165 1.7520225 43.564137 2.27308988571167 0.6329425573348999
Car 0.0 0 -1.4470564126968384 489.3048400878906 168.0071258544922 514.8992309570312 186.72508239746094 3.966081 1.5342515 1.6700083 -9.130545 1.1373266 61.142315 -1.595293641090393 0.4116325080394745
Car 0.0 0 -1.856162428855896 832.4393310546875 167.98757934570312 861.8532104492188 183.66961669921875 3.9210181 1.4431304 1.6046032 22.417011 0.99565744 68.38101 -1.5393774509429932 0.24654439091682434
Car 0.0 0 -0.2970111668109894 570.5501708984375 166.81324768066406 623.1338500976562 185.760498046875 4.173109 1.5760119 1.6649106 -1.1482549 1.0739065 61.453136 -0.31569403409957886 0.22213472425937653
Car 0.0 0 3.0272834300994873 266.6988220214844 168.5277557373047 321.17529296875 188.86563110351562 4.1476083 1.7086037 1.708888 -27.343533 1.3455096 62.39628 2.6142656803131104 0.2158387005329132
Car 0.0 0 -1.8977094888687134 864.8023071289062 165.8072967529297 897.7197265625 183.63552856445312 4.0109186 1.609033 1.6625693 25.180216 0.97341156 67.148415 -1.5389446020126343 0.20901350677013397
Car 0.0 0 -1.0704314708709717 197.41595458984375 172.00209045410156 240.0184783935547 189.38394165039062 3.9211273 1.4852351 1.620418 -34.462223 1.4127992 63.614513 -1.5669071674346924 0.1488773375749588
Car 0.0 0 -0.8494210243225098 981.236083984375 163.09239196777344 1033.4237060546875 182.64060974121094 4.3482246 1.7334046 1.7046429 36.058254 0.86816835 65.51804 -0.3463045060634613 0.13454794883728027
Car 0.0 0 1.5652194023132324 637.3861083984375 163.82229614257812 658.94140625 183.8577880859375 4.3465447 1.5890523 1.7083701 3.104747 0.8730891 59.43447 1.6174100637435913 0.11634886264801025
