Pedestrian 0.0 0 -2.181581497192383 312.933837890625 176.75926208496094 379.18359375 302.46209716796875 0.70934904 1.6346195 0.537956 -3.5165305 1.5743023 9.762727 -2.527313709259033 0.6038591265678406
Pedestrian 0.0 0 -1.6930475234985352 580.8198852539062 169.68418884277344 608.7182006835938 234.02706909179688 0.95706815 1.7103366 0.6467419 -0.22157857 1.3974187 19.609205 -1.704346776008606 0.504921019077301
Pedestrian 0.0 0 -2.2737913131713867 351.9675598144531 181.02537536621094 453.9013366699219 335.6001892089844 0.9559474 1.593416 0.6079204 -2.2389166 1.5898871 7.921285 -2.5492515563964844 0.4520973265171051
Pedestrian 0.0 0 -2.118863105773926 877.0269775390625 157.4933319091797 942.3422241210938 268.9450988769531 0.8214176 1.7387197 0.6370378 4.9441037 1.3654993 11.656791 -1.7177215814590454 0.3471854627132416
Pedestrian 0.0 0 1.5699845552444458 478.7781066894531 172.12301635742188 512.0006713867188 265.7530212402344 1.0630279 1.6575842 0.5839863 -2.0037277 1.4928519 13.283762 1.4202728271484375 0.310987263917923
Pedestrian 0.0 0 -1.9785270690917969 777.24169921875 164.94619750976562 822.9607543945312 249.3684844970703 0.92378604 1.7404486 0.6207699 4.183593 1.4004135 15.307483 -1.7117384672164917 0.26490357518196106
Pedestrian 0.0 0 1.3268210887908936 562.7159423828125 166.58399963378906 585.4774169921875 215.26365661621094 1.0301515 1.7265856 0.59154433 -1.0199685 1.198597 26.052713 1.2876908779144287 0.21010722219944
Pedestrian 0.0 0 0.5248256325721741 490.0464782714844 178.9441680908203 531.5432739257812 246.48899841308594 0.81792015 1.5821394 0.56046784 -2.2074628 1.5234768 17.24003 0.3974757194519043 0.18568161129951477
Pedestrian 0.0 0 -1.7577627897262573 600.119384765625 168.7845458984375 617.4432373046875 208.0059814453125 0.9949703 1.6415015 0.56097233 0.29245433 1.1103115 30.600426 -1.7482059001922607 0.16088685393333435
Pedestrian 0.0 0 0.07490290701389313 626.9111938476562 173.3778839111328 642.172119140625 209.3249053955078 0.61242145 1.5172951 0.5352171 1.3985982 1.1754421 30.620224 0.12054681777954102 0.15818899869918823
Cyclist 0.0 0 -1.9287251234054565 678.538330078125 158.95669555664062 728.760498046875 239.0613250732422 2.174684 1.917798 0.5299527 2.5381873 1.3792828 18.314125 -1.7910106182098389 0.8206953406333923
Cyclist 0.0 0 1.4941264390945435 476.26654052734375 165.2593536376953 515.3593139648438 264.6598205566406 1.5264295 1.717976 0.58845675 -2.0035293 1.4385613 13.222498 1.3437460660934448 0.4043436050415039
Cyclist 0.0 0 -2.018968105316162 643.7850341796875 167.82984924316406 674.11083984375 210.74984741210938 1.7013869 1.6723027 0.526483 2.279554 1.1406833 28.874409 -1.9401843547821045 0.23502209782600403
Cyclist 0.0 0 -1.6786576509475708 582.9700927734375 169.70928955078125 610.3095092773438 236.95632934570312 1.1437129 1.7681419 0.61845434 -0.17162389 1.4592948 19.4887 -1.6874637603759766 0.14170463383197784
Cyclist 0.0 0 1.5638943910598755 502.52691650390625 178.42999267578125 530.3309936523438 253.466796875 1.3002656 1.7429291 0.64305955 -2.0962923 1.6728264 17.368246 1.44377863407135 0.13423152267932892
Cyclist 0.0 0 -3.1197214126586914 712.815673828125 186.09536743164062 855.2264404296875 338.5437927246094 1.6291333 1.7479249 0.6670416 2.1742496 1.8089899 8.800308 -2.877506732940674 0.1318063884973526
Cyclist 0.0 0 1.645216703414917 367.35552978515625 178.6622772216797 437.1515808105469 341.13641357421875 1.1097552 1.6529039 0.66474754 -2.2139697 1.6254003 7.9147363 1.3724607229232788 0.12395882606506348
Car 0.0 0 -0.9617053270339966 636.8150024414062 168.26702880859375 675.6465454101562 185.95648193359375 3.4959633 1.4605867 1.5820476 4.7180886 0.36844438 61.162632 -0.8847177624702454 0.3542022705078125
Car 0.0 0 0.6804986000061035 0.0 0.0 1130.140380859375 374.0 3.684108 1.5320877 1.6176529 1.1595039 1.6590595 0.9264538 1.5771586894989014 0.22770726680755615
Car 0.0 0 -1.125895380973816 702.5486450195312 191.12855529785156 927.1668701171875 316.4520263671875 3.6584852 1.3982319 1.6257118 3.1120217 1.5617362 10.201469 -0.8298063278198242 0.18882420659065247
Car 0.0 0 -2.736802101135254 435.1485900878906 164.24252319335938 532.5132446289062 200.59620666503906 4.0446267 1.5770981 1.570218 -5.3001084 0.8293935 32.408348 -2.8989086151123047 0.17225222289562225
