Cyclist 0.0 0 -2.1814424991607666 0.0 166.69296264648438 71.28981018066406 277.1260681152344 1.3522615 1.6905304 0.6326443 -9.49064 1.5965738 11.528694 -2.8701817989349365 0.11774137616157532
Car 0.0 0 1.9354537725448608 195.32078552246094 190.5988006591797 427.89227294921875 326.7146911621094 4.094319 1.4753233 1.6792763 -4.026505 1.7820452 10.403585 1.5661777257919312 0.9557269215583801
Car 0.0 0 2.5399041175842285 0.0 211.6001739501953 174.5283203125 375.0 3.9933362 1.5088264 1.6428102 -3.6436553 1.7543062 2.556995 1.5810182094573975 0.8097535371780396
Car 0.0 0 1.6818848848342896 488.31024169921875 179.6905059814453 541.9935302734375 223.81704711914062 3.9649665 1.5281239 1.6047869 -3.597189 1.8089392 27.600239 1.5522836446762085 0.7006741166114807
Car 0.0 0 1.7385025024414062 506.9756774902344 174.89219665527344 559.10107421875 212.10215759277344 4.3232565 1.6177994 1.7307237 -3.5710454 1.7199517 33.821716 1.6333078145980835 0.4177798330783844
Car 0.0 0 -0.09291848540306091 495.167724609375 166.5899658203125 546.6137084960938 185.83050537109375 4.0440907 1.5419453 1.6261666 -7.329566 1.0403005 59.049908 -0.2164117842912674 0.3614708483219147
Car 0.0 0 -1.4355448484420776 472.3367004394531 169.50924682617188 506.56085205078125 194.3454132080078 3.8802922 1.5601046 1.7059517 -7.8851786 1.3503592 47.28613 -1.6007790565490723 0.29407963156700134
Car 0.0 0 -1.6152888536453247 646.0494384765625 169.97952270507812 670.8053588867188 189.4792022705078 4.372775 1.4221957 1.6764393 3.615763 1.2129046 54.82589 -1.5494343042373657 0.1832679659128189
Car 0.0 0 0.14328178763389587 500.237548828125 167.71815490722656 552.446044921875 185.4764404296875 4.2159734 1.4860301 1.6101824 -7.096184 1.0566151 61.239826 0.027920961380004883 0.13214796781539917
Car 0.0 0 -2.5997819900512695 472.1114807128906 168.88052368164062 518.92724609375 186.38461303710938 4.0534906 1.5991073 1.6454089 -10.718617 1.2364621 67.43657 -2.7574071884155273 0.13143853843212128
