Car 0.0 0 3.404088258743286 323.2043762207031 180.65890502929688 463.80194091796875 236.63343811035156 3.6308591 1.5430306 1.5544918 -6.251917 1.77893 20.945267 3.1140189170837402 0.8712554574012756
Car 0.0 0 3.9367222785949707 0.0 194.42886352539062 113.7422866821289 375.0 3.7723746 1.5454515 1.6404299 -6.9498444 1.7645859 6.4406757 3.1133179664611816 0.847605288028717
Car 0.0 0 0.3794745206832886 231.19561767578125 177.4053955078125 446.0550842285156 254.70826721191406 4.1817565 1.6266383 1.6934391 -6.018026 1.7347304 16.181011 0.023407697677612305 0.8396010994911194
Car 0.0 0 3.539793014526367 138.60194396972656 184.0155029296875 385.1063232421875 269.662353515625 3.9015944 1.4941447 1.6099418 -6.515554 1.7204392 13.710216 3.09615421295166 0.8271379470825195
Car 0.0 0 3.471890687942505 270.1241149902344 180.69320678710938 432.3001403808594 245.07411193847656 3.6227283 1.5758559 1.6364962 -6.6629777 1.7885656 18.702723 3.129652500152588 0.8242326378822327
Car 0.0 0 0.4972824454307556 62.38518524169922 190.5990753173828 373.8999938964844 295.0373840332031 3.9635894 1.4622703 1.6242672 -5.9698715 1.758714 11.208734 0.007889270782470703 0.8145880103111267
Car 0.0 0 3.7058677673339844 0.0 196.66958618164062 310.36676025390625 331.469482421875 3.9884987 1.4724299 1.5838376 -6.130327 1.7993406 9.035786 3.1097519397735596 0.8045938611030579
Car 0.0 0 -1.7852838039398193 710.9848022460938 186.5633087158203 836.304443359375 275.5289001464844 3.4859924 1.3767639 1.5254902 2.8482726 1.66591 13.4491415 -1.5765864849090576 0.8022511005401611
Car 0.0 0 3.3576931953430176 349.4981994628906 178.7251434326172 480.3521423339844 229.60540771484375 3.833425 1.5697033 1.6106999 -6.280164 1.767414 23.357302 3.095031499862671 0.7206937670707703
Car 0.0 0 2.5931243896484375 717.6382446289062 176.58937072753906 819.033203125 217.17027282714844 3.6945 1.5511274 1.6466887 6.357545 1.7099081 29.215097 2.8073954582214355 0.6714497208595276
Car 0.0 0 -1.618088722229004 643.2849731445312 182.78768920898438 669.5948486328125 206.3499298095703 3.797498 1.431436 1.5379324 2.9821713 2.1100614 47.353024 -1.55519437789917 0.6017595529556274
Car 0.0 0 3.316099166870117 389.8338623046875 178.072265625 495.10955810546875 219.75978088378906 3.7354653 1.5449804 1.6447886 -6.4515147 1.7537026 27.888298 3.088763952255249 0.5543245077133179
Car 0.0 0 -0.24604937434196472 772.3383178710938 174.4642333984375 955.576416015625 240.90309143066406 4.1687965 1.6193362 1.743728 6.3938584 1.6637099 18.677324 0.08377861976623535 0.5423499941825867
Car 0.0 0 2.901723861694336 699.9650268554688 178.30380249023438 799.2916259765625 214.1053009033203 4.0069547 1.5141131 1.6549714 6.0494976 1.7611308 31.72482 3.090148448944092 0.5196967720985413
