Pedestrian 0.0 0 0.8026691675186157 232.59786987304688 167.1220245361328 253.61106872558594 199.8266143798828 0.86984444 1.7744671 0.58787364 -20.153818 1.4638231 39.565536 0.33154726028442383 0.13668666779994965
Pedestrian 0.0 0 1.1886237859725952 251.0409698486328 165.4088897705078 267.1785583496094 198.55670166015625 0.9127279 1.818397 0.5011363 -19.524822 1.4103372 40.070755 0.7352211475372314 0.11910355091094971
Pedestrian 0.0 0 3.0893006324768066 409.06585693359375 167.31549072265625 427.7596130371094 216.47596740722656 0.6435287 1.8153265 0.63915277 -7.227702 1.6111667 27.044365 2.8281502723693848 0.11126454919576645
Pedestrian 0.0 0 -1.8794996738433838 466.9830627441406 168.21826171875 491.5743408203125 215.2490692138672 0.91763574 1.710206 0.6489949 -4.9022784 1.5419924 26.792435 -2.0604703426361084 0.10185092687606812
Cyclist 0.0 0 -3.295151710510254 991.70751953125 150.17184448242188 1037.504638671875 197.88278198242188 1.5561857 1.9197838 0.6552229 16.544601 1.0074613 29.608599 -2.785594940185547 0.15776371955871582
Cyclist 0.0 0 -2.010395050048828 1078.3760986328125 163.0226593017578 1104.9488525390625 193.69874572753906 1.5364733 1.5076686 0.5025787 24.152351 1.0248364 36.256306 -1.4227463006973267 0.10949508100748062
Car 0.0 0 -1.052839756011963 759.017578125 167.8447265625 867.13330078125 218.34124755859375 3.7698882 1.4775668 1.6753117 6.491091 1.3313497 23.02972 -0.7781097888946533 0.8508240580558777
Car 0.0 0 2.400761127471924 576.1622924804688 172.95849609375 680.75830078125 215.70753479003906 3.9074523 1.4924583 1.5390604 0.69975764 1.4970053 27.058695 2.4266161918640137 0.828858494758606
Car 0.0 0 -1.8592133522033691 665.16650390625 179.4856414794922 828.359375 288.0625915527344 3.4118378 1.4301658 1.5970949 1.9486269 1.5527819 11.509562 -1.6914987564086914 0.7940175533294678
Car 0.0 0 -1.1179022789001465 840.8826904296875 159.76634216308594 938.6629638671875 205.90464782714844 3.996877 1.5313127 1.698705 10.059818 1.0972964 25.926512 -0.747772216796875 0.7337623238563538
Car 0.0 0 -0.9126614332199097 704.8775634765625 166.20555114746094 791.8760375976562 203.2623291015625 4.0526004 1.4918925 1.5002863 5.941951 1.2245862 30.94923 -0.7229792475700378 0.3083043098449707
Car 0.0 0 -2.0650384426116943 945.4606323242188 159.76075744628906 1031.789306640625 194.83193969726562 4.0341015 1.4388106 1.6179097 16.437468 0.90201294 31.627579 -1.5857399702072144 0.15651120245456696
Car 0.0 0 2.516948938369751 365.64288330078125 166.74395751953125 438.5163269042969 192.0701904296875 4.266781 1.507578 1.5693153 -12.971887 1.1442268 45.109947 2.2369422912597656 0.12209880352020264
Car 0.0 0 -1.519953966140747 658.5333251953125 182.3666534423828 728.12255859375 248.15951538085938 3.9694943 1.4294649 1.5538925 2.1605847 1.6994789 18.364029 -1.4028393030166626 0.1119626984000206
Car 0.0 0 -1.2112401723861694 1182.6126708984375 138.79409790039062 1242.0 375.0 4.1950626 1.5110297 1.6006472 5.3751655 1.3941092 3.7828727 -0.253694623708725 0.105550117790699
