Cyclist 0.0 0 2.1230368614196777 32.56394958496094 173.06503295898438 92.22337341308594 233.28646850585938 1.953162 1.7931771 0.5378181 -17.07337 1.8004045 22.487095 1.4736406803131104 0.685039222240448
Car 0.0 0 2.087038993835449 133.68988037109375 181.80125427246094 280.20782470703125 242.14524841308594 4.244254 1.453908 1.68052 -11.088978 1.7305794 20.147196 1.5838901996612549 0.9305263161659241
Car 0.0 0 1.9046823978424072 342.8222351074219 182.17124938964844 407.9295654296875 213.792236328125 4.378293 1.3696078 1.6351271 -11.242968 1.8472807 34.755184 1.5918165445327759 0.9224533438682556
Car 0.0 0 -1.552882194519043 541.5311889648438 187.38848876953125 704.9464721679688 334.5484619140625 3.8947315 1.4448135 1.6989758 0.14369343 1.6752717 9.445743 -1.5376708507537842 0.6540818810462952
Car 0.0 0 1.4981999397277832 587.3364868164062 174.31161499023438 649.8530883789062 230.57843017578125 3.833969 1.5504403 1.6041383 0.13446397 1.599112 21.94721 1.504326581954956 0.45073482394218445
Car 0.0 0 1.974327564239502 270.7060241699219 169.62806701660156 315.6964111328125 191.295166015625 4.0491724 1.571938 1.6476353 -23.839252 1.3382549 54.376945 1.5611557960510254 0.389286607503891
Car 0.0 0 1.9259920120239258 302.1816711425781 170.4231414794922 338.202880859375 189.3643798828125 3.9315948 1.6239718 1.6976775 -25.616865 1.4159126 63.847466 1.5444345474243164 0.277265727519989
Car 0.0 0 2.105978488922119 167.74375915527344 171.7290496826172 216.2412872314453 193.04856872558594 3.9746907 1.7183274 1.711327 -34.804047 1.6280143 60.148624 1.5814173221588135 0.22792261838912964
Car 0.0 0 -0.18283087015151978 625.8671264648438 167.37669372558594 672.7064208984375 185.14694213867188 4.0193896 1.5890356 1.6395849 3.5336308 1.0996063 65.58946 -0.12900792062282562 0.1743445098400116
Car 0.0 0 2.1012887954711914 118.9803695678711 176.5651397705078 165.48973083496094 199.0469207763672 3.1079438 1.6238548 1.5785946 -35.13104 1.9112926 54.22534 1.5264116525650024 0.16678577661514282
Car 0.0 0 -1.1257609128952026 216.10580444335938 166.4968719482422 268.365478515625 193.4874725341797 3.6491637 1.7528545 1.7422565 -24.788137 1.3403606 48.702633 -1.5965580940246582 0.15535573661327362
Car 0.0 0 -0.2843567430973053 634.50390625 166.14492797851562 685.9998779296875 184.97569274902344 4.21062 1.6217163 1.6843706 4.381927 1.0442843 63.409103 -0.21536079049110413 0.12635470926761627
Car 0.0 0 1.988157868385315 189.5058135986328 171.98081970214844 239.7085723876953 196.91644287109375 3.7007542 1.6605055 1.6944926 -27.34173 1.6027157 49.96018 1.487412691116333 0.12483439594507217
