Pedestrian 0.0 0 0.9733493328094482 909.1007080078125 146.02207946777344 994.1084594726562 291.1981506347656 0.8950062 1.7471921 0.5612802 4.38025 1.3215584 9.12695 1.42080819606781 0.7341471910476685
Pedestrian 0.0 0 1.4807039499282837 513.8368530273438 177.0300750732422 534.5005493164062 228.6134490966797 0.86692137 1.6746361 0.6032096 -2.5908926 1.5306156 23.802313 1.3722803592681885 0.6576489210128784
Pedestrian 0.0 0 -2.4128613471984863 770.5049438476562 157.58738708496094 873.0178833007812 315.68927001953125 0.8715536 1.6566321 0.67654216 2.4149902 1.4074312 8.072685 -2.1221792697906494 0.4021902084350586
Pedestrian 0.0 0 -1.6374636888504028 637.2222290039062 168.6810302734375 656.8551635742188 221.6331787109375 1.216442 1.796989 0.5986083 1.554632 1.3630387 24.98444 -1.575319766998291 0.24004635214805603
Pedestrian 0.0 0 -1.5111534595489502 663.1018676757812 171.19647216796875 683.2599487304688 221.12803649902344 0.867492 1.6998322 0.6473599 2.472174 1.3501413 24.931232 -1.4123167991638184 0.2354891002178192
Cyclist 0.0 0 2.857426404953003 649.821044921875 172.06051635742188 687.8713989257812 223.35006713867188 1.1943965 1.7501421 0.5950763 2.3101382 1.4291135 24.914848 2.949883460998535 0.1529473513364792
Cyclist 0.0 0 1.4812242984771729 513.2991943359375 176.72720336914062 534.3152465820312 228.07382202148438 0.94456923 1.6621783 0.6072155 -2.600497 1.5087698 23.774014 1.3722734451293945 0.13398593664169312
Cyclist 0.0 0 -2.450340509414673 103.69267272949219 174.13626098632812 197.9224395751953 259.5176696777344 1.5371503 1.6923316 0.7023097 -9.234741 1.5476236 14.683091 -3.011765956878662 0.10077725350856781
Car 0.0 0 2.1614599227905273 0.0 203.92129516601562 423.10601806640625 374.0 4.214867 1.3841238 1.6940933 -2.9473178 1.6237448 5.452462 1.6659023761749268 0.8882070183753967
Car 0.0 0 -1.5337419509887695 633.2119140625 176.5201873779297 682.27734375 221.9174041748047 4.0532675 1.5559878 1.6701845 2.139998 1.3863766 26.728523 -1.453848123550415 0.23747019469738007
Car 0.0 0 1.538096308708191 663.5948486328125 168.30154418945312 681.5277709960938 184.7810821533203 4.048625 1.5062373 1.545779 6.719021 0.30026606 67.724464 1.636983871459961 0.21907317638397217
Car 0.0 0 -1.6031590700149536 693.559814453125 165.89942932128906 746.5025634765625 218.38668823242188 4.1463695 1.7593547 1.7537793 4.2317743 1.2375098 26.243587 -1.443285346031189 0.17175477743148804
Car 0.0 0 -1.6257141828536987 545.66748046875 166.64828491210938 565.5340576171875 184.02284240722656 3.973244 1.5711473 1.6295397 -4.264838 0.22852045 67.02402 -1.6892600059509277 0.12969611585140228
Car 0.0 0 -2.27960467338562 654.060302734375 167.9397735595703 698.1585083007812 186.63792419433594 3.8751955 1.5803479 1.7238827 6.525837 0.43470818 62.79415 -2.1760520935058594 0.12485896795988083
Car 0.0 0 1.6575653553009033 552.5415649414062 179.1525421142578 585.1447143554688 202.38784790039062 4.355818 1.3986075 1.6908245 -2.0071967 1.2580613 45.44828 1.6134296655654907 0.12435664981603622
Car 0.0 0 -2.8115134239196777 0.0 0.0 1238.0 374.0 4.0673656 1.4813218 1.6960894 2.3790517 1.381852 0.69161 -1.5236278772354126 0.12326820194721222
Car 0.0 0 1.7396365404129028 445.30755615234375 169.30247497558594 479.07196044921875 192.3232879638672 4.0874667 1.4716022 1.5506887 -9.24203 0.6925857 47.97676 1.5493321418762207 0.11448008567094803
