Pedestrian 0.0 0 -0.6823256611824036 980.896728515625 129.88832092285156 1026.6680908203125 209.16551208496094 0.794725 1.9056621 0.5850909 9.606735 0.8732128 17.702234 -0.1851159930229187 0.10644547641277313
Car 0.0 0 -1.8322288990020752 743.1627197265625 184.70372009277344 924.010986328125 304.5356750488281 3.691248 1.3966991 1.5656388 3.0091074 1.6021867 10.631034 -1.5563946962356567 0.9311692714691162
Car 0.0 0 -1.7445751428604126 701.589599609375 180.3413543701172 802.0430908203125 255.99560546875 3.6928616 1.4313309 1.5136805 2.9403038 1.6156191 15.868658 -1.5613629817962646 0.8876807689666748
Car 0.0 0 1.7244839668273926 497.1027526855469 182.828857421875 555.1300659179688 223.9239501953125 4.107351 1.4306592 1.6418841 -3.241621 1.8498929 28.2126 1.6100858449935913 0.7597128748893738
Car 0.0 0 -1.6413373947143555 653.277099609375 177.90499877929688 692.4317626953125 209.87583923339844 3.807622 1.4116197 1.5820832 2.9039068 1.6660352 34.374985 -1.5570601224899292 0.4474189281463623
Car 0.0 0 1.6967905759811401 547.7760620117188 176.36024475097656 578.5256958007812 199.65982055664062 4.0626273 1.500204 1.5942086 -3.179564 1.749537 49.156677 1.6321983337402344 0.3799070715904236
Car 0.0 0 1.7375965118408203 535.5986938476562 180.1064910888672 572.3888549804688 207.015380859375 3.7866108 1.399583 1.4531585 -3.1347039 1.8269408 40.52805 1.6604037284851074 0.3525950312614441
Car 0.0 0 -1.217124104499817 423.5351257324219 165.8617401123047 470.0280456542969 193.3939208984375 3.4470844 1.6541525 1.754713 -10.199753 1.2344105 45.171535 -1.4392002820968628 0.1507992297410965
Car 0.0 0 -1.8964765071868896 1171.5318603515625 117.936279296875 1242.0 209.67214965820312 4.3663697 1.6401448 1.68055 13.55039 0.6586293 15.235587 -1.1695538759231567 0.12013202905654907
Car 0.0 0 -1.6114521026611328 670.79541015625 165.91136169433594 727.478271484375 228.31256103515625 4.3507686 1.8705676 1.6588081 2.8148477 1.6628098 23.859001 -1.4940165281295776 0.11616261303424835
Car 0.0 0 1.6832133531570435 635.7909545898438 175.91018676757812 666.3326416015625 198.9985809326172 4.090269 1.4925827 1.6393425 2.81958 1.7111747 49.366432 1.7402666807174683 0.11507701128721237
Car 0.0 0 -2.8206214904785156 434.2201232910156 169.8397216796875 482.9219970703125 184.8807373046875 4.0548573 1.3548511 1.6328436 -13.858886 1.0836912 66.033226 -3.027496337890625 0.11409438401460648
Car 0.0 0 -0.4074714779853821 626.2582397460938 169.6844482421875 673.3717041015625 186.53395080566406 4.0849786 1.545187 1.666366 3.7122893 1.254879 67.65335 -0.35265421867370605 0.10922983288764954
