Car 0.0 0 -1.7157394886016846 675.7310791015625 183.3104248046875 751.267333984375 236.4638214111328 3.9940193 1.3317868 1.5737284 2.8426402 1.6636618 20.868853 -1.5803581476211548 0.9124957323074341
Car 0.0 0 -1.9085270166397095 756.713134765625 186.46951293945312 1010.6963500976562 342.32415771484375 3.7292778 1.3984505 1.5942308 2.9109461 1.5979464 8.674755 -1.5847691297531128 0.8827196359634399
Car 0.0 0 0.4583524763584137 45.613487243652344 168.4202880859375 368.3033142089844 286.0711669921875 4.1892443 1.7317802 1.7282422 -6.303117 1.6668751 11.566473 -0.04060310497879982 0.8296289443969727
Car 0.0 0 -2.362337589263916 930.794921875 180.8871612548828 1242.0 375.0 3.7662182 1.4946837 1.6244103 2.8794658 1.5480834 2.8741376 -1.5760133266448975 0.8191409111022949
Car 0.0 0 0.35900062322616577 273.8926696777344 178.10015869140625 447.9108581542969 241.94528198242188 4.04639 1.6073232 1.6860657 -6.5867014 1.7539296 19.210985 0.028699636459350586 0.7934800982475281
Car 0.0 0 3.7112090587615967 0.0 189.42514038085938 312.1023864746094 321.0232238769531 3.959143 1.4865893 1.6078557 -6.1666737 1.7178209 9.2053385 3.1209700107574463 0.7891519069671631
Car 0.0 0 -1.6580994129180908 651.5516357421875 174.14816284179688 697.9638061523438 210.9312744140625 3.8052971 1.50356 1.6807564 2.728162 1.5638872 31.528526 -1.571784496307373 0.7215861082077026
Car 0.0 0 0.23019619286060333 351.6727294921875 172.1051025390625 488.6265563964844 227.8213653564453 4.133729 1.7880923 1.7259947 -6.2919683 1.7644162 24.068851 -0.025497179478406906 0.718285322189331
Car 0.0 0 -1.0077875852584839 775.3876342773438 163.34170532226562 826.4521484375 187.15411376953125 3.7254891 1.5650194 1.6376377 13.036069 0.94020104 49.28699 -0.7492155432701111 0.6156672835350037
Car 0.0 0 0.7759456038475037 0.0 156.0200958251953 159.84620666503906 375.0 3.8466783 1.8363153 1.735643 -6.699739 1.7011842 6.691718 -0.010051529854536057 0.4344247877597809
