Pedestrian 0.0 0 3.7175426483154297 67.46501922607422 141.84481811523438 129.84400939941406 224.3050079345703 1.0133022 1.8601664 0.58891577 -11.7948 1.1610086 16.589485 3.099485158920288 0.13203708827495575
Cyclist 0.0 0 -0.14683735370635986 648.8984375 174.3889923095703 684.78173828125 206.610107421875 1.6982769 1.5757349 0.60297835 2.7666588 1.6527629 35.67714 -0.06944513320922852 0.13886451721191406
Cyclist 0.0 0 2.864483118057251 652.3761596679688 169.24050903320312 665.2349243164062 188.16554260253906 1.0982617 1.7649314 0.5357031 4.5571795 1.4282968 67.66355 2.931732177734375 0.1087825819849968
Cyclist 0.0 0 0.6775414943695068 124.39496612548828 142.7362060546875 186.77450561523438 207.65032958984375 1.4586983 1.8213555 0.59298337 -13.025881 0.9766705 20.619724 0.11412477493286133 0.1016811653971672
Car 0.0 0 1.8041119575500488 386.03729248046875 177.1894989013672 501.0713195800781 261.2867736816406 4.1900997 1.6696464 1.6400019 -3.7239568 1.7826902 16.645302 1.5840121507644653 0.9504578709602356
Car 0.0 0 1.8734859228134155 239.06338500976562 191.57899475097656 444.2065124511719 335.5033264160156 4.1618843 1.6110079 1.6254278 -3.745196 1.9445355 10.728676 1.537628412246704 0.9183445572853088
Car 0.0 0 1.6636754274368286 514.824462890625 178.71170043945312 559.4061279296875 213.94598388671875 4.099723 1.5154899 1.7030773 -3.38733 1.8067278 33.771305 1.563707709312439 0.9154322147369385
Car 0.0 0 -0.2628311812877655 654.8966674804688 166.67965698242188 703.913818359375 184.77915954589844 4.164175 1.6245178 1.6811413 6.3066297 1.0706973 65.93465 -0.16747157275676727 0.19218528270721436
Car 0.0 0 -0.17112712562084198 598.3909912109375 168.6187744140625 646.3411865234375 185.42713928222656 4.2708597 1.5495094 1.687648 1.1246157 1.1594359 67.67597 -0.1545110046863556 0.14991818368434906
Car 0.0 0 2.7907016277313232 651.7860717773438 175.72821044921875 734.8219604492188 206.24948120117188 3.9356258 1.4943312 1.4596189 4.187767 1.6456282 36.7167 2.9042670726776123 0.1299176663160324
Car 0.0 0 3.7014687061309814 0.0 143.98434448242188 161.85153198242188 216.14208984375 3.9161386 1.6223233 1.6513176 -13.247942 0.9736048 17.228477 3.045945644378662 0.10543917119503021
