Pedestrian 0.0 0 2.746079444885254 773.5538330078125 165.1522979736328 787.1140747070312 192.0848388671875 0.64756316 1.7371128 0.675163 11.043626 1.2407209 46.921513 2.977236270904541 0.15463361144065857
Pedestrian 0.0 0 -0.3677886426448822 762.1593627929688 168.19126892089844 784.8863525390625 207.60751342773438 0.8475653 1.7219718 0.51941085 7.172545 1.51863 31.837643 -0.14620289206504822 0.11060485988855362
Pedestrian 0.0 0 -1.2242487668991089 225.51478576660156 182.369140625 237.68214416503906 204.79476928710938 0.8436147 1.723069 0.5897875 -29.5401 2.4717274 56.28324 -1.7075759172439575 0.10661952942609787
Car 0.0 0 1.9158934354782104 438.1976318359375 188.71121215820312 478.447265625 209.63949584960938 4.2427506 1.4262276 1.6511694 -11.478777 2.6783507 54.74037 1.709193468093872 0.7985944747924805
Car 0.0 0 -1.5408778190612793 601.49951171875 177.09432983398438 628.4622192382812 200.9158172607422 4.145857 1.4238672 1.5966632 0.32377177 1.7067685 45.974262 -1.533835530281067 0.5173227190971375
Car 0.0 0 1.4878261089324951 715.921630859375 169.65652465820312 742.0739135742188 190.16168212890625 3.8554459 1.5323561 1.6793362 9.158909 1.2937648 55.906204 1.6502100229263306 0.4129793345928192
Car 0.0 0 -0.6174859404563904 731.9172973632812 166.8843994140625 791.7915649414062 189.16256713867188 3.9047766 1.5217011 1.6282128 10.666001 1.1143067 50.80731 -0.41056036949157715 0.40805259346961975
Car 0.0 0 -0.4628978371620178 752.3590087890625 165.75274658203125 816.2116088867188 191.41152954101562 3.6925797 1.6240884 1.6313 11.275755 1.1749684 46.877407 -0.22684507071971893 0.33101508021354675
Car 0.0 0 0.967930257320404 1118.99462890625 154.31655883789062 1207.956787109375 183.93222045898438 4.1576796 1.5038167 1.7305602 29.562586 0.56288487 38.753895 1.6195913553237915 0.1974121630191803
Car 0.0 0 -1.1115847826004028 1168.7091064453125 148.28953552246094 1242.0 185.1275634765625 3.9678657 1.6709989 1.7077506 28.674244 0.5570953 34.308624 -0.4154079854488373 0.1385577768087387
Car 0.0 0 1.6544580459594727 885.1768798828125 156.63333129882812 918.7902221679688 182.80941772460938 4.0729833 1.5832158 1.6459255 18.547651 0.602494 45.826942 2.0390374660491943 0.1335698515176773
Car 0.0 0 2.5649986267089844 812.3701171875 168.01751708984375 926.4826049804688 205.73304748535156 4.46836 1.5534731 1.5980127 11.089126 1.3546207 31.010443 2.9084219932556152 0.11567032337188721
Car 0.0 0 2.1324307918548584 296.7582092285156 189.89198303222656 339.14495849609375 206.63580322265625 4.1844854 1.4091781 1.706529 -27.256723 3.0540493 67.43038 1.7482916116714478 0.11206638067960739
Car 0.0 0 2.5223336219787598 779.447509765625 165.89401245117188 858.4155883789062 194.9949493408203 3.9547467 1.5347588 1.6008605 11.386419 1.1680532 39.461945 2.8032453060150146 0.11186199635267258
Car 0.0 0 2.758641242980957 488.5146179199219 180.0247802734375 540.41748046875 201.95729064941406 3.580573 1.6032999 1.6883522 -7.358356 2.1704848 55.416134 2.6266298294067383 0.10656863451004028
