Pedestrian 0.0 0 0.9025882482528687 898.2454223632812 104.81523132324219 1049.1717529296875 370.0 0.6086737 1.7391369 0.6304112 2.327263 1.2854544 4.610484 1.3700495958328247 0.17882876098155975
Car 0.0 0 -1.8584495782852173 794.8369750976562 157.3449249267578 832.8204956054688 179.8174591064453 3.9582596 1.5669651 1.5827326 15.135118 -0.05027115 51.397774 -1.5720735788345337 0.42572301626205444
Car 0.0 0 1.6623011827468872 554.7059326171875 165.24659729003906 577.3818969726562 182.93368530273438 4.258228 1.570604 1.6995696 -3.5207286 0.21728262 64.940025 1.608139157295227 0.37575551867485046
Car 0.0 0 2.2367074489593506 12.20996379852295 161.2758026123047 106.7572250366211 193.46669006347656 4.02205 1.5163411 1.5957888 -27.135223 0.6122403 35.319885 1.5816154479980469 0.3062407374382019
Car 0.0 0 -2.940720796585083 497.1186218261719 164.95651245117188 543.8007202148438 181.64944458007812 4.1826973 1.5711101 1.6565561 -8.027265 0.109323174 67.539246 -3.059019088745117 0.1599811166524887
Car 0.0 0 -0.6850036382675171 967.03955078125 151.318359375 1047.4232177734375 177.4720916748047 4.135743 1.5240701 1.5900644 24.201548 -0.18589815 42.589638 -0.1682572364807129 0.14450998604297638
Car 0.0 0 -1.1545542478561401 420.0435791015625 168.502685546875 462.9828186035156 190.1498565673828 4.165235 1.5855958 1.6527268 -12.41691 0.70810205 53.985714 -1.3806260824203491 0.14339645206928253
Car 0.0 0 -0.5469623804092407 788.02001953125 159.37197875976562 840.6685180664062 179.15658569335938 4.1207943 1.6842858 1.7051573 18.28525 -0.11868149 61.72313 -0.25895291566848755 0.13683956861495972
Car 0.0 0 -0.9607614278793335 196.0036163330078 167.04747009277344 245.79100036621094 187.68389892578125 3.6004615 1.52288 1.5663811 -29.295328 0.53141356 54.04949 -1.4574490785598755 0.1286790370941162
Car 0.0 0 1.8173713684082031 431.7209167480469 169.93588256835938 459.7855224609375 186.0251922607422 4.0242057 1.4455632 1.6067559 -14.701227 0.49758494 65.55299 1.5967568159103394 0.11241884529590607
Car 0.0 0 1.5207741260528564 637.61962890625 165.529296875 657.1535034179688 182.0603790283203 3.612267 1.5194834 1.6591376 4.006065 0.14457977 66.79892 1.580674409866333 0.10386773198843002
