Car 0.0 0 1.1418092250823975 834.1510620117188 198.20196533203125 1242.0 375.0 3.9877284 1.3743105 1.6193129 2.9708023 1.6402019 5.5133376 1.6360433101654053 0.7822905778884888
Car 0.0 0 1.772717833518982 531.00537109375 172.12203979492188 606.705078125 225.10121154785156 4.2556696 1.6047708 1.6969134 -1.3146907 1.5829574 24.082422 1.7181806564331055 0.7317191958427429
Car 0.0 0 -1.7233704328536987 704.4752807617188 170.1085205078125 776.941162109375 224.74700927734375 3.8569472 1.6289675 1.728836 4.106152 1.5474731 23.454834 -1.5500603914260864 0.6954890489578247
Car 0.0 0 3.3271870613098145 357.0896301269531 177.8924560546875 509.1789855957031 234.61477661132812 3.8667126 1.4890134 1.5771925 -4.8535066 1.6351577 19.9855 3.0889477729797363 0.6036489605903625
Car 0.0 0 1.6171795129776 581.9813232421875 174.2711639404297 621.7607421875 209.5853271484375 3.8211625 1.4852619 1.6138705 -0.35367012 1.5531417 32.43762 1.6062768697738647 0.563757598400116
Car 0.0 0 1.6490399837493896 610.8575439453125 171.9233856201172 644.3212280273438 199.4107666015625 4.2728686 1.5902096 1.710378 1.085776 1.5367298 43.952938 1.6737381219863892 0.4193531572818756
Car 0.0 0 1.4799264669418335 635.1267700195312 166.72509765625 657.8447265625 183.91656494140625 3.9369378 1.4672779 1.643525 3.1637506 0.9445374 63.580574 1.5296452045440674 0.2138170599937439
Car 0.0 0 -1.6141793727874756 612.6578369140625 165.4793243408203 633.2418823242188 185.525146484375 3.7793465 1.7073684 1.6399873 1.0894853 1.0796003 63.363514 -1.5969868898391724 0.1501546949148178
Car 0.0 0 1.593309760093689 600.6259765625 168.1411895751953 633.3798217773438 201.4080352783203 4.282055 1.6870832 1.6626147 0.3868689 1.4484373 38.755966 1.603291630744934 0.1253066062927246
Car 0.0 0 1.7554173469543457 559.3886108398438 167.00057983398438 584.6260375976562 185.26173400878906 3.7904239 1.6195083 1.638091 -3.4626098 1.1007496 65.974174 1.7029811143875122 0.11455707997083664
Car 0.0 0 -0.8231706023216248 0.0 149.6988067626953 170.5181884765625 287.7364807128906 3.9544315 1.7279809 1.7903899 -8.97994 1.4384776 11.061326 -1.505084753036499 0.11168176680803299
