Car 0.0 0 1.7539496421813965 435.6241149902344 180.98101806640625 530.5045776367188 247.91287231445312 4.0245175 1.4853497 1.6811749 -3.176316 1.7171754 18.524235 1.5841329097747803 0.9305875301361084
Car 0.0 0 1.441422939300537 663.47265625 182.27749633789062 716.044677734375 222.57901000976562 3.721051 1.4570034 1.606905 3.0789204 1.8585871 28.83972 1.5477797985076904 0.888367772102356
Car 0.0 0 1.6829655170440674 530.9122924804688 181.44009399414062 573.44189453125 214.0282440185547 4.2385774 1.4574627 1.6241188 -2.8250103 1.9063168 35.542103 1.6036487817764282 0.8720443844795227
Car 0.0 0 -1.6360983848571777 654.4033813476562 182.15284729003906 691.7360229492188 213.46588134765625 3.9298728 1.4246589 1.5899372 3.0562747 1.914281 35.9813 -1.5513612031936646 0.7684639692306519
Car 0.0 0 -2.1958162784576416 918.2041015625 197.84677124023438 1242.0 375.0 3.5498352 1.449242 1.5521008 2.9263325 1.6370822 3.5925696 -1.5122653245925903 0.50795978307724
Car 0.0 0 -1.0035938024520874 737.3583984375 168.04608154296875 795.0667724609375 195.80833435058594 3.7382407 1.5625813 1.5577086 9.1958475 1.2923286 42.484825 -0.7904319167137146 0.26839542388916016
Car 0.0 0 2.9690654277801514 671.4917602539062 164.7685546875 724.1962280273438 184.99093627929688 4.1137066 1.650929 1.6586932 7.235737 0.9912014 59.83816 3.089402914047241 0.23779083788394928
Car 0.0 0 -2.899752616882324 628.4822387695312 168.74551391601562 679.0369873046875 185.83497619628906 4.4337163 1.5644921 1.753682 4.084472 1.1887288 67.54892 -2.8393592834472656 0.12192710489034653
Car 0.0 0 -1.2319010496139526 305.2354431152344 158.6629180908203 379.2261962890625 198.5539093017578 4.0954075 1.5800484 1.6757889 -11.306027 1.0183091 30.636497 -1.5854344367980957 0.11304078251123428
Car 0.0 0 1.7413599491119385 418.1662902832031 163.1889190673828 455.3916320800781 189.47784423828125 3.6706214 1.5532103 1.6349605 -10.670725 0.9825332 44.511692 1.5060715675354004 0.10164732486009598
