Cyclist 0.0 0 -3.363525629043579 829.821044921875 173.906982421875 903.2313842773438 239.92288208007812 1.6474311 1.6263112 0.61509955 6.3975596 1.653799 18.18631 -3.0252668857574463 0.36586689949035645
Car 0.0 0 2.538419723510742 946.2770385742188 173.09454345703125 1175.563720703125 244.67849731445312 4.0552855 1.4817286 1.6673739 9.758214 1.4876933 15.876894 3.089517831802368 0.8532887101173401
Car 0.0 0 2.389850616455078 0.0 191.98960876464844 100.19274139404297 300.8101806640625 4.239151 1.5879776 1.6619021 -12.034627 2.0039024 13.480991 1.6610772609710693 0.41920873522758484
Car 0.0 0 2.9465315341949463 466.78057861328125 164.4919891357422 520.0601806640625 185.32647705078125 4.0199814 1.6473756 1.663915 -9.484059 0.9865509 58.52884 2.7858870029449463 0.33830541372299194
Car 0.0 0 -0.7109637260437012 1175.087890625 139.86692810058594 1242.0 188.37844848632812 4.057185 1.6896052 1.6566038 22.995384 0.54105806 25.983278 0.013505935668945312 0.32357487082481384
Car 0.0 0 1.9239649772644043 127.70555877685547 188.68533325195312 226.31832885742188 236.24818420410156 3.7804184 1.355582 1.5851023 -14.251559 1.9243315 23.89901 1.386252522468567 0.3075679838657379
Car 0.0 0 0.6500350832939148 63.81515884399414 165.39601135253906 145.7531280517578 192.44105529785156 3.8917334 1.6078002 1.6109469 -30.643385 1.1647875 43.773212 0.0392763614654541 0.25587892532348633
Car 0.0 0 0.5583867430686951 91.25521850585938 168.69015502929688 172.6771240234375 191.9313507080078 4.1160603 1.4533014 1.5735614 -30.43366 1.1932892 45.95707 -0.026530612260103226 0.249790221452713
Car 0.0 0 -0.8844991326332092 4.576545238494873 170.7276611328125 82.83003234863281 196.85292053222656 3.970227 1.5353832 1.6451052 -34.779144 1.4107764 44.404716 -1.5489310026168823 0.24970771372318268
Car 0.0 0 -2.206484317779541 1094.468505859375 175.93714904785156 1242.0 244.38267517089844 3.464902 1.3916028 1.5756792 13.00071 1.470318 16.5801 -1.5415043830871582 0.20651409029960632
Car 0.0 0 -1.6747562885284424 680.32373046875 170.54867553710938 725.3120727539062 202.2714080810547 3.663399 1.4300764 1.7433976 4.325711 1.326509 34.37431 -1.5495729446411133 0.2058941274881363
Car 0.0 0 -0.3485163450241089 704.1915893554688 166.6085205078125 810.2081298828125 204.6495819091797 4.0601134 1.5485798 1.683569 6.1437216 1.2946966 30.504974 -0.14977435767650604 0.1346709430217743
