Car 0.0 0 -1.7906460762023926 694.9450073242188 175.11154174804688 813.3131713867188 259.6023254394531 3.617775 1.489879 1.5634108 2.7308788 1.5418389 14.654245 -1.606405258178711 0.935763955116272
Car 0.0 0 -2.0256407260894775 800.0939331054688 193.1977996826172 1242.0 375.0 4.094803 1.373197 1.643907 2.7535708 1.587637 5.53735 -1.5641776323318481 0.9336568713188171
Car 0.0 0 -1.6748759746551514 658.0401611328125 177.20205688476562 707.1227416992188 214.6643524169922 3.5322988 1.3593866 1.5471815 2.7509549 1.5413545 28.362658 -1.578186273574829 0.8180403709411621
Car 0.0 0 3.563453197479248 140.9346160888672 177.2198486328125 406.2754211425781 270.34881591796875 4.146437 1.6058573 1.6390451 -6.12501 1.6920941 13.353875 3.133413553237915 0.7933967709541321
Car 0.0 0 0.2665261924266815 353.1424560546875 175.37355041503906 491.0812683105469 224.5551300048828 4.1243987 1.563188 1.6713562 -6.187384 1.6499594 23.88143 0.013012886047363281 0.7704287171363831
Car 0.0 0 3.429142475128174 220.18075561523438 179.18243408203125 430.43292236328125 254.5754852294922 3.9988492 1.5384817 1.6512331 -6.171253 1.6867819 15.875982 3.058401107788086 0.7438594698905945
Car 0.0 0 1.826418399810791 393.4302978515625 165.54745483398438 428.5949401855469 187.8878173828125 4.0254 1.6759113 1.6757854 -15.461767 1.1281509 56.14849 1.5577056407928467 0.6815399527549744
Car 0.0 0 3.363807201385498 377.0508728027344 175.57928466796875 503.6697082519531 218.53785705566406 4.18209 1.4899065 1.6034964 -6.072429 1.5913532 25.943506 3.133882761001587 0.6450055241584778
Car 0.0 0 -0.29507535696029663 695.0534057617188 169.78179931640625 787.6311645507812 205.23577880859375 3.9157305 1.6036572 1.754332 6.0607405 1.4650528 33.734188 -0.11731016635894775 0.5598325133323669
Car 0.0 0 2.0906808376312256 144.19882202148438 166.60244750976562 200.8568115234375 191.77081298828125 3.7738352 1.6470493 1.6410007 -29.73962 1.2382977 49.122047 1.5462833642959595 0.38133716583251953
Car 0.0 0 -1.6345990896224976 627.3222045898438 170.3870086669922 649.1350708007812 188.25018310546875 3.9307246 1.4925166 1.6282977 2.385059 1.2867491 62.26917 -1.5963153839111328 0.376907616853714
