Cyclist 0.0 0 -0.7553077340126038 23.117307662963867 167.57025146484375 55.14213943481445 200.23085021972656 1.3201993 1.7158345 0.5589423 -30.562359 1.4386091 38.59714 -1.4250468015670776 0.10947071760892868
Car 0.0 0 2.0477025508880615 219.9987030029297 187.70826721191406 298.8701477050781 221.4757843017578 3.9886796 1.438715 1.758396 -16.70931 2.1915236 34.530434 1.5970169305801392 0.9471396207809448
Car 0.0 0 -1.6065796613693237 607.3828735351562 168.2045440673828 627.04248046875 185.9884490966797 3.921112 1.5356866 1.607111 0.595646 1.1345509 64.285095 -1.5973142385482788 0.19897086918354034
Car 0.0 0 1.848785638809204 494.6524963378906 175.3788299560547 539.6394653320312 203.95199584960938 3.8171797 1.5482453 1.5772307 -5.31437 1.7006861 41.45362 1.721280813217163 0.15183934569358826
Car 0.0 0 1.9997996091842651 265.2467956542969 179.4322967529297 309.14312744140625 200.3199920654297 3.7661479 1.4378836 1.4994777 -23.569891 1.9363883 52.746777 1.5795683860778809 0.14074315130710602
Car 0.0 0 -0.8275089263916016 0.0 173.46121215820312 33.47203063964844 206.31675720214844 3.8259413 1.6818924 1.7236483 -33.582447 1.7166585 38.944145 -1.539113998413086 0.1239686906337738
Car 0.0 0 -1.060237169265747 6.08775520324707 166.5697784423828 81.86424255371094 199.89918518066406 3.5077357 1.69913 1.6951132 -30.255688 1.3791193 38.644115 -1.7244833707809448 0.1232433095574379
Car 0.0 0 1.5310577154159546 730.5907592773438 166.46881103515625 749.9249267578125 185.0718994140625 3.8248196 1.6499596 1.5847129 11.868215 1.0839967 65.9958 1.7089887857437134 0.10844944417476654
Car 0.0 0 1.7833929061889648 545.2036743164062 167.8577423095703 571.1829833984375 185.96954345703125 3.7466931 1.6070517 1.6173098 -4.726316 1.1640933 65.98742 1.711890459060669 0.10484717041254044
Car 0.0 0 1.5480289459228516 635.9286499023438 173.1627197265625 660.5565795898438 196.51963806152344 3.6485853 1.5276235 1.583697 2.5402675 1.5497727 49.083565 1.5997366905212402 0.10064544528722763
