Pedestrian 0.0 0 -3.1144168376922607 684.42529296875 171.643798828125 696.9815063476562 205.4805145263672 0.604698 1.6619186 0.5324531 3.961864 1.6028367 35.74136 -3.004019260406494 0.14106960594654083
Cyclist 0.0 0 1.9394633769989014 364.7686767578125 164.13418579101562 381.84698486328125 197.1382598876953 1.0687946 1.816337 0.5589112 -13.234915 1.3368108 40.25411 1.6218125820159912 0.11937405914068222
Car 0.0 0 2.009443998336792 130.82968139648438 197.2206268310547 435.4395446777344 375.0 3.835735 1.4408121 1.6370472 -3.4316163 1.7884436 8.325915 1.6184983253479004 0.896051287651062
Car 0.0 0 2.9879908561706543 377.7587890625 184.07028198242188 472.65576171875 220.5978240966797 3.754517 1.4509339 1.5793648 -7.9863214 1.9564042 31.024632 2.736042022705078 0.7386724352836609
Car 0.0 0 1.684963345527649 516.1289672851562 178.5874786376953 558.4310913085938 213.84971618652344 4.3166485 1.7629701 1.79187 -3.898839 2.0900917 38.94823 1.5851925611495972 0.3276348114013672
Car 0.0 0 1.6816623210906982 503.3411560058594 178.3828887939453 524.5180053710938 195.4486083984375 3.6812832 1.5444411 1.5930699 -9.092689 2.0828445 68.35675 1.5494204759597778 0.2540537714958191
Car 0.0 0 -1.2374991178512573 238.2635498046875 175.71311950683594 347.8300476074219 234.6112518310547 3.699608 1.4912885 1.7051716 -8.847912 1.5799078 20.361488 -1.6474236249923706 0.22241710126399994
Car 0.0 0 -0.28130632638931274 659.7738037109375 169.31007385253906 721.4100341796875 195.4833526611328 3.7869105 1.7082027 1.6371769 5.334873 1.4772661 48.21756 -0.1711127907037735 0.18428578972816467
Car 0.0 0 0.33788418769836426 294.1808166503906 171.3262481689453 348.9730224609375 188.11984252929688 4.462253 1.5534683 1.7015991 -27.040247 1.4125028 67.68625 -0.04218586906790733 0.11280812323093414
Car 0.0 0 1.7282662391662598 426.85595703125 175.3807373046875 452.78961181640625 193.29571533203125 3.6344695 1.4954706 1.6430521 -14.760011 1.7217185 62.62966 1.4968181848526 0.10261891037225723
