Pedestrian 0.0 0 0.6323273181915283 333.5160827636719 174.60830688476562 399.64776611328125 291.2229919433594 0.67052716 1.7056297 0.70296746 -3.7540069 1.7337962 10.999317 0.30342888832092285 0.16791865229606628
Pedestrian 0.0 0 0.23253387212753296 814.5728759765625 164.4247283935547 827.2710571289062 184.84022521972656 1.0631099 1.8920801 0.4459177 19.662056 1.1112239 67.32482 0.516679048538208 0.14476478099822998
Cyclist 0.0 0 1.6421936750411987 341.8914489746094 169.97779846191406 392.215576171875 297.85516357421875 1.6981306 1.7904159 0.6116818 -3.7259142 1.750504 10.998307 1.3155566453933716 0.7484538555145264
Car 0.0 0 -1.9705753326416016 662.8506469726562 182.27276611328125 845.2988891601562 287.2830505371094 3.5389853 1.4157805 1.6721576 2.1449587 1.5974745 11.978354 -1.7933837175369263 0.9391682744026184
Car 0.0 0 1.3418010473251343 559.2810668945312 185.562255859375 625.1295776367188 228.91697692871094 3.8163369 1.4007976 1.5811266 -0.7736253 1.9049928 26.556898 1.3126784563064575 0.7324604988098145
Car 0.0 0 -0.8830097317695618 0.0 162.33383178710938 63.87505340576172 195.34129333496094 3.7786176 1.6047522 1.6107304 -30.25648 1.0936422 36.96771 -1.5689040422439575 0.5156658887863159
Car 0.0 0 2.5186233520507812 614.3322143554688 176.92868041992188 687.1752319335938 208.54112243652344 3.5927935 1.5900996 1.6291173 2.1448908 1.8164777 38.36843 2.574467658996582 0.43054163455963135
Car 0.0 0 2.394970417022705 725.3512573242188 175.656494140625 786.9193725585938 201.04063415527344 3.6460166 1.5151055 1.6100496 9.105731 1.6968489 45.061066 2.594360828399658 0.29559460282325745
Car 0.0 0 -0.6036936640739441 512.5249633789062 178.81182861328125 581.91455078125 206.18487548828125 3.862179 1.4941837 1.48428 -3.6545587 1.8559939 41.969707 -0.690550684928894 0.2632179856300354
Car 0.0 0 -0.8699751496315002 673.0579833984375 177.3300323486328 742.0437622070312 203.32412719726562 4.09921 1.3994274 1.6917114 5.617032 1.6698812 41.5343 -0.7355523109436035 0.23872341215610504
Car 0.0 0 -2.2158031463623047 269.35894775390625 169.61883544921875 313.6530456542969 187.71168518066406 4.067959 1.6506582 1.6859791 -29.84641 1.3558629 67.55335 -2.631833553314209 0.18256691098213196
Car 0.0 0 -1.6895357370376587 666.9616088867188 189.47157287597656 751.4955444335938 255.37283325195312 4.2399235 1.4484726 1.6835787 2.4482863 1.9367812 19.056654 -1.5617616176605225 0.14194604754447937
Car 0.0 0 2.0219850540161133 244.04501342773438 173.66665649414062 285.06622314453125 192.8326416015625 3.796799 1.5889081 1.6875317 -29.594604 1.6611043 61.878582 1.5758730173110962 0.12977395951747894
Car 0.0 0 -1.361702561378479 336.4955749511719 170.2971954345703 371.14849853515625 194.02452087402344 3.583427 1.6187407 1.6054764 -18.128666 1.4446657 51.10414 -1.7025935649871826 0.12922878563404083
Car 0.0 0 0.37892282009124756 0.0 160.64553833007812 66.85995483398438 200.5904083251953 3.9004312 1.5719341 1.625487 -25.096771 1.091857 29.778755 -0.32136136293411255 0.12754209339618683
