Cyclist 0.0 0 2.3353915214538574 42.367671966552734 174.6454315185547 105.1841812133789 223.96617126464844 1.683185 1.4809096 0.5751314 -16.806223 1.5395391 22.596386 1.6958976984024048 0.21866333484649658
Car 0.0 0 -1.8691959381103516 731.5204467773438 177.85821533203125 1026.93994140625 370.2315368652344 3.9344268 1.4675217 1.647692 2.3688276 1.5341057 7.575102 -1.5661176443099976 0.9498668909072876
Car 0.0 0 -1.4439289569854736 477.8013610839844 174.09555053710938 548.8306884765625 229.3492889404297 3.7824476 1.4806406 1.608792 -2.809708 1.520935 21.312119 -1.5750092267990112 0.9165592789649963
Car 0.0 0 -1.6426888704299927 640.3753051757812 169.80386352539062 676.3548583984375 202.8550567626953 3.591412 1.6039534 1.5679941 2.385873 1.4562894 36.81429 -1.5779709815979004 0.7983970046043396
Car 0.0 0 -1.4386769533157349 491.8733825683594 171.2563934326172 552.5667114257812 219.4871063232422 4.046951 1.6362442 1.6921448 -3.1844172 1.5824027 26.509632 -1.5582271814346313 0.7456341981887817
Car 0.0 0 3.6494948863983154 0.0 186.11590576171875 183.76632690429688 291.1602783203125 3.8355958 1.4440049 1.5862591 -9.141898 1.6726146 11.305937 2.969536304473877 0.7396758198738098
Car 0.0 0 -1.7537809610366821 661.4773559570312 168.443359375 744.7435302734375 233.5234832763672 3.6775649 1.636207 1.623298 2.4336402 1.5256755 20.023302 -1.63283371925354 0.7238994240760803
Car 0.0 0 -1.6937274932861328 642.3440551757812 172.3064422607422 699.9738159179688 220.53501892089844 3.8810167 1.6276819 1.6125519 2.1115181 1.6095604 26.321949 -1.6136800050735474 0.6094681620597839
Car 0.0 0 1.6141020059585571 561.3652954101562 168.7179718017578 582.0582885742188 186.7865447998047 3.9869297 1.5158125 1.6217753 -3.3112283 1.169189 62.529766 1.56119704246521 0.3907790780067444
Car 0.0 0 -1.5115485191345215 528.7631225585938 175.7123260498047 566.750732421875 207.2491455078125 3.926049 1.4466602 1.6303765 -3.0433583 1.5952781 35.439198 -1.597213864326477 0.3059963881969452
Car 0.0 0 -2.901379346847534 460.4797058105469 172.4225616455078 526.5056762695312 192.39913940429688 4.3092613 1.3669513 1.5086404 -8.124175 1.3377857 50.294643 -3.061527729034424 0.22705774009227753
Car 0.0 0 -1.0056086778640747 0.0 175.16722106933594 153.37294006347656 249.7200469970703 3.8746355 1.4126731 1.6213182 -11.956008 1.4700706 15.7911415 -1.6536598205566406 0.20904670655727386
