Cyclist 0.0 0 -3.5785746574401855 995.2926025390625 189.23472595214844 1091.2747802734375 273.08953857421875 1.4949768 1.6098968 0.6875074 8.587585 1.9473507 14.429096 -3.0417232513427734 0.1690773367881775
Car 0.0 0 -1.712133765220642 852.8236694335938 184.68910217285156 950.2243041992188 249.8587188720703 4.259281 1.3559412 1.6406678 7.1097136 1.6902076 18.092758 -1.3377118110656738 0.8907209038734436
Car 0.0 0 -2.7229104042053223 164.3933868408203 177.03135681152344 476.9759521484375 293.8070373535156 3.818141 1.503728 1.4989198 -3.9940288 1.5678846 10.182597 -3.096709728240967 0.5550989508628845
Car 0.0 0 -1.7613301277160645 807.1636352539062 177.33912658691406 858.09765625 211.21658325195312 3.5268881 1.4750321 1.6265764 10.307111 1.6965715 33.73983 -1.464846134185791 0.42982572317123413
Car 0.0 0 -1.7448161840438843 886.6865844726562 185.10433959960938 970.147705078125 242.01719665527344 3.7713947 1.4544517 1.6042966 9.249341 1.8512615 21.327314 -1.335612177848816 0.3836660385131836
Car 0.0 0 -1.9161109924316406 970.159912109375 188.02528381347656 1119.4224853515625 268.403564453125 3.995287 1.486006 1.5778972 9.520546 1.8722563 16.241438 -1.385908842086792 0.1824045330286026
Car 0.0 0 -2.1574840545654297 1115.6297607421875 180.14251708984375 1242.0 369.3822326660156 4.140996 1.5342323 1.6944319 7.712052 1.6394836 8.198262 -1.4026358127593994 0.1520308405160904
Car 0.0 0 1.414561152458191 843.8536987304688 167.99020385742188 868.7745361328125 185.37095642089844 3.9757996 1.5516435 1.5692406 22.64844 1.1177903 66.504425 1.7427973747253418 0.13908442854881287
Car 0.0 0 -0.3446913957595825 641.5836181640625 168.68605041503906 686.602783203125 185.30548095703125 3.8857074 1.5301208 1.6495218 5.0516458 1.1467426 67.74141 -0.2702566683292389 0.13594374060630798
Car 0.0 0 0.9835919141769409 1186.1103515625 134.38870239257812 1242.0 191.6558380126953 3.753152 1.8268924 1.6406422 22.040579 0.60015994 24.985477 1.706449031829834 0.10148218274116516
Car 0.0 0 -2.137558937072754 1223.61376953125 152.02261352539062 1242.0 306.45416259765625 4.2413325 1.6776011 1.6651427 10.7413225 1.4516661 10.095978 -1.3212001323699951 0.10045381635427475
