Car 0.0 0 3.9143455028533936 0.0 186.43113708496094 107.81805419921875 375.0 3.9211142 1.5416048 1.6123949 -7.1984596 1.6833882 6.598212 3.085468053817749 0.9008810520172119
Car 0.0 0 3.8008456230163574 0.0 181.17965698242188 170.79757690429688 324.6786804199219 3.6692023 1.5984614 1.6393679 -7.922186 1.7141718 9.068131 3.0827925205230713 0.8954533338546753
Car 0.0 0 3.6814093589782715 0.0 169.785888671875 256.536376953125 280.0977478027344 3.9175577 1.6275173 1.6480404 -8.102911 1.5826089 11.601409 3.071729898452759 0.8420183062553406
Car 0.0 0 2.151444673538208 1009.2871704101562 173.2733612060547 1242.0 375.0 3.9383705 1.4804314 1.5777322 5.016083 1.4843893 5.0181675 2.9366350173950195 0.8142350912094116
Car 0.0 0 0.09079405665397644 309.0543518066406 167.4019775390625 364.06561279296875 187.0972442626953 4.208371 1.6257493 1.7112312 -23.066778 1.1760681 60.944427 -0.2710317075252533 0.6040865778923035
Car 0.0 0 2.457486152648926 871.90771484375 186.91915893554688 1242.0 351.809814453125 3.7681208 1.4179626 1.5532836 4.7746763 1.5805008 7.3426685 3.0340473651885986 0.5948673486709595
Car 0.0 0 0.5224761962890625 70.64254760742188 177.81832885742188 317.5735778808594 266.2754211425781 3.9120312 1.6244866 1.6303843 -8.078596 1.7279767 14.163727 0.004126787185668945 0.46055909991264343
Car 0.0 0 -1.4635409116744995 469.1949157714844 176.54425048828125 503.3228759765625 203.2918701171875 3.7850924 1.5638521 1.6879654 -7.646233 1.8025643 44.660446 -1.6331050395965576 0.35925984382629395
Car 0.0 0 -0.009975522756576538 248.62075805664062 173.87789916992188 364.56439208984375 222.42132568359375 3.8128858 1.6761848 1.6209271 -11.125896 1.7162447 26.475033 -0.40780842304229736 0.24872645735740662
Car 0.0 0 0.5337984561920166 31.300827026367188 156.14085388183594 159.6363067626953 193.28750610351562 4.284101 1.5547006 1.6330441 -22.196444 0.8555626 31.19062 -0.08469587564468384 0.20579777657985687
Car 0.0 0 -0.96841961145401 0.0 146.94688415527344 92.27286529541016 201.07594299316406 3.7672586 1.5326273 1.5269486 -18.098774 0.7994431 22.364489 -1.648783802986145 0.18472056090831757
Car 0.0 0 -1.010261058807373 123.87621307373047 163.4215850830078 196.4918975830078 193.6935577392578 3.9509876 1.6133186 1.5960997 -25.142088 1.1109846 40.4298 -1.5666066408157349 0.1794874668121338
Car 0.0 0 2.453500747680664 1131.5001220703125 176.5446014404297 1236.702392578125 208.90065002441406 4.2696576 1.6808662 1.7432526 30.615042 1.883305 38.596638 3.12408447265625 0.17616789042949677
