Car 0.0 0 1.9058420658111572 219.49615478515625 192.85345458984375 446.5369567871094 325.84576416015625 4.432029 1.4372175 1.6916784 -3.806564 1.7954087 10.685083 1.5636099576950073 0.9473647475242615
Car 0.0 0 1.81315016746521 401.3309326171875 184.74819946289062 498.4794921875 253.8054962158203 3.8375106 1.5211226 1.5447563 -4.025916 1.8584373 18.498375 1.5988556146621704 0.9293110370635986
Car 0.0 0 -1.6311253309249878 642.4556884765625 175.5635986328125 684.9412841796875 210.12794494628906 3.9366806 1.4246944 1.6321896 2.2850914 1.5527521 32.02514 -1.559893012046814 0.9048876166343689
Car 0.0 0 2.1698966026306152 0.0 201.4137725830078 273.7604675292969 338.0185241699219 4.434926 1.370642 1.6163043 -6.782881 1.8714085 10.405386 1.5922130346298218 0.7660935521125793
Car 0.0 0 1.724021315574646 487.7899475097656 178.6171875 521.7998657226562 205.0736083984375 3.8985457 1.6374544 1.639391 -6.906022 2.0325694 47.463715 1.5795341730117798 0.5378158092498779
Car 0.0 0 -1.5624421834945679 759.427978515625 165.4130401611328 803.3076171875 206.37493896484375 4.066258 1.5261618 1.6017269 6.8651934 1.2492838 29.045715 -1.33034348487854 0.44076046347618103
Car 0.0 0 2.5914876461029053 925.279541015625 160.05772399902344 1002.71630859375 185.82968139648438 3.9738889 1.5396799 1.6511822 21.577707 0.7755569 44.1144 3.0464019775390625 0.29688549041748047
Car 0.0 0 2.7961039543151855 715.1368408203125 168.61074829101562 810.3357543945312 202.7045440673828 4.1194377 1.5684966 1.6184208 7.1837325 1.3736424 34.278442 3.0026843547821045 0.29047396779060364
Car 0.0 0 -0.30997776985168457 679.94580078125 167.6894989013672 733.5239868164062 187.18588256835938 4.079418 1.5887061 1.7403414 8.004108 1.1682224 60.009773 -0.1773802936077118 0.2707042992115021
Car 0.0 0 1.9419299364089966 310.76397705078125 170.00657653808594 358.3876953125 195.6512451171875 3.7733552 1.566858 1.5743183 -17.52006 1.3932414 45.974533 1.5778379440307617 0.2598695755004883
Car 0.0 0 1.6235002279281616 613.2654418945312 171.02301025390625 632.2859497070312 187.26951599121094 4.0642605 1.4416591 1.5324336 1.1770571 1.279541 66.105125 1.6413041353225708 0.1893068253993988
