Car 0.0 0 3.9153025150299072 0.0 184.16989135742188 147.46633911132812 375.0 4.0799103 1.5668893 1.6074036 -6.461865 1.6751406 5.9697375 3.0903382301330566 0.9242644906044006
Car 0.0 0 -1.7019201517105103 666.82373046875 183.35043334960938 741.495361328125 237.6468048095703 4.077546 1.3393174 1.5675681 2.540356 1.6696047 20.63156 -1.5794072151184082 0.9143472909927368
Car 0.0 0 -1.6646978855133057 653.0432739257812 175.8700408935547 703.1611328125 213.0899200439453 4.3206596 1.4236877 1.6661681 2.7258554 1.5589623 30.11053 -1.574415683746338 0.9031795859336853
Car 0.0 0 3.7515757083892822 0.0 190.10336303710938 236.28338623046875 338.8204040527344 3.739578 1.5145314 1.5745548 -6.719196 1.738618 8.455063 3.080077886581421 0.8822314739227295
Car 0.0 0 1.6920206546783447 550.8056030273438 174.3035125732422 584.3491821289062 198.2183380126953 4.0035973 1.4121163 1.6128539 -2.62716 1.5067949 44.89924 1.6335749626159668 0.8772536516189575
Car 0.0 0 0.44980448484420776 165.36050415039062 186.72470092773438 405.8815612792969 266.5347595214844 4.0721617 1.4624251 1.6567539 -6.4082756 1.7572201 14.421151 0.03164529800415039 0.8492562174797058
Car 0.0 0 -0.7615225911140442 1002.1734619140625 171.8738250732422 1242.0 372.3443298339844 4.161236 1.4651657 1.6297839 5.7789845 1.45836 6.0905213 -0.002365204505622387 0.7453129291534424
Car 0.0 0 -1.6350773572921753 636.546630859375 173.25352478027344 665.2756958007812 196.01536560058594 3.6890342 1.4666457 1.6837361 2.67793 1.4948324 48.40613 -1.5798115730285645 0.623525857925415
Car 0.0 0 0.23568981885910034 216.943115234375 161.4415740966797 305.2980651855469 191.9671630859375 3.9185948 1.5569824 1.6344923 -18.344406 0.9752408 38.01442 -0.21391227841377258 0.5132569670677185
Car 0.0 0 0.2704041004180908 385.5169677734375 180.58213806152344 507.2510070800781 221.86529541015625 4.1849246 1.4802929 1.6044686 -6.131935 1.7806883 27.10863 0.04794907569885254 0.445144921541214
Car 0.0 0 0.36156439781188965 410.9724426269531 177.29275512695312 510.38671875 214.94241333007812 3.708748 1.4904989 1.5995754 -6.194858 1.6814407 29.897026 0.15724921226501465 0.39789384603500366
Car 0.0 0 0.35355934500694275 316.39068603515625 174.1949462890625 464.5027160644531 233.33384704589844 3.9615192 1.7119365 1.6820549 -6.6323156 1.7547498 21.884459 0.05929708480834961 0.3787344694137573
