Car 0.0 0 -1.5371472835540771 583.9678955078125 176.9886016845703 621.59814453125 210.69839477539062 4.1243153 1.4821504 1.6265305 -0.21323739 1.1215537 33.686455 -1.5434772968292236 0.9302288889884949
Car 0.0 0 -1.2107869386672974 236.4783935546875 187.20431518554688 451.6681823730469 310.4886169433594 3.721196 1.4292893 1.6293234 -3.5466063 1.464058 10.27333 -1.543201208114624 0.9208976030349731
Car 0.0 0 -0.8960012793540955 0.0 189.8891143798828 191.1978302001953 316.9167175292969 3.874565 1.3670514 1.6537123 -7.7067647 1.4446969 9.820534 -1.561380386352539 0.8865680694580078
Car 0.0 0 1.840864658355713 364.8222961425781 183.5631103515625 439.96295166015625 225.5209503173828 4.0013046 1.3992491 1.5965424 -7.356316 1.3452688 25.974644 1.5648804903030396 0.8591932654380798
Car 0.0 0 2.1409568786621094 67.86410522460938 185.13377380371094 229.26193237304688 241.2557830810547 3.933911 1.2711397 1.5642334 -11.486728 1.2704157 18.251488 1.5792295932769775 0.7570834755897522
Car 0.0 0 1.6906603574752808 467.0519104003906 169.70054626464844 535.2438354492188 229.29331970214844 3.9360805 1.7022195 1.6492884 -3.2880147 1.260173 22.517899 1.5456671714782715 0.4928836226463318
Car 0.0 0 -1.1518651247024536 197.56163024902344 187.31307983398438 341.2981872558594 257.7928466796875 3.7309875 1.4206878 1.5840889 -7.614895 1.4753724 16.47459 -1.5848350524902344 0.4328431785106659
Car 0.0 0 -1.3188509941101074 409.3564758300781 168.6326141357422 450.2354431152344 192.99923706054688 3.830216 1.5044706 1.6545134 -11.433345 0.4817111 46.303783 -1.5609290599822998 0.35562387108802795
Car 0.0 0 2.3003897666931152 0.0 172.70651245117188 64.81721496582031 235.97894287109375 3.5984263 1.4271256 1.5517868 -15.801386 1.1461089 18.016785 1.5804071426391602 0.34430795907974243
Car 0.0 0 1.8683496713638306 334.2740478515625 177.48977661132812 386.796630859375 208.7099151611328 3.3579879 1.4866028 1.5676475 -12.327379 1.1198505 35.92974 1.5378378629684448 0.3355139493942261
Car 0.0 0 1.7507776021957397 432.5215148925781 177.60525512695312 480.3423156738281 208.57138061523438 4.2176557 1.4767454 1.6411122 -7.6254163 1.1149423 36.407608 1.5443164110183716 0.2843518555164337
