Car 0.0 0 -1.7628231048583984 699.5842895507812 173.67245483398438 835.2698364257812 269.6469421386719 3.9835484 1.5073917 1.6619122 2.6761913 1.5251721 13.36035 -1.5651309490203857 0.9417021870613098
Car 0.0 0 -1.7103757858276367 658.6735229492188 172.989990234375 721.5674438476562 222.15432739257812 3.814974 1.4924436 1.5290027 2.5207067 1.4976608 23.843664 -1.6050488948822021 0.9131689071655273
Car 0.0 0 -1.4646104574203491 500.7621154785156 172.15765380859375 557.66943359375 215.38816833496094 3.8848948 1.4499469 1.6446686 -2.8944967 1.4269497 26.143347 -1.5748777389526367 0.8744997382164001
Car 0.0 0 -1.3239500522613525 365.5709228515625 181.32672119140625 505.9546813964844 272.35003662109375 3.8542228 1.3926785 1.6010265 -3.0879793 1.5725316 13.340804 -1.5514129400253296 0.8726107478141785
Car 0.0 0 1.8936305046081543 188.7378387451172 185.17384338378906 468.514404296875 375.0 3.7863348 1.5628629 1.6442088 -2.776635 1.7310754 7.923354 1.556566596031189 0.8590863347053528
Car 0.0 0 -1.7457046508789062 678.8092041015625 176.7969207763672 765.726806640625 240.106201171875 3.766775 1.4573052 1.5696114 2.757233 1.5705442 18.748789 -1.5996893644332886 0.8246861100196838
Car 0.0 0 -1.6579463481903076 652.561279296875 168.06564331054688 702.4561767578125 211.85498046875 3.8225462 1.6161302 1.6225178 2.561978 1.4397649 28.5402 -1.5684189796447754 0.7572135925292969
Car 0.0 0 1.616416573524475 531.76904296875 169.32920837402344 570.3646240234375 200.05404663085938 4.319386 1.4943523 1.7928362 -3.0236917 1.3232764 37.28042 1.5354870557785034 0.6448517441749573
Car 0.0 0 -1.5889616012573242 634.6275634765625 170.0623779296875 659.1856689453125 192.95541381835938 3.8177903 1.4281538 1.5190967 2.3371344 1.2543596 46.94141 -1.5392143726348877 0.5090470910072327
Car 0.0 0 0.3545037806034088 0.0 149.92123413085938 136.61891174316406 193.42416381835938 4.1581335 1.6411966 1.6964388 -21.496298 0.7763902 28.62471 -0.2896178066730499 0.4648239016532898
