Pedestrian 0.0 0 -1.8851211071014404 631.6309814453125 158.61451721191406 676.2335815429688 250.9025421142578 1.1055919 1.8028836 0.589238 1.0170887 1.3570577 14.638092 -1.815750241279602 0.7188813090324402
Pedestrian 0.0 0 -1.7857427597045898 692.5548095703125 159.427978515625 722.735107421875 228.60916137695312 0.90033084 1.7601066 0.59800565 2.7302284 1.1997298 18.74331 -1.6410958766937256 0.5629017353057861
Pedestrian 0.0 0 -3.0662460327148438 611.651611328125 163.1859130859375 643.6824951171875 220.14610290527344 0.9816888 1.7890428 0.56477827 0.8147636 1.2149282 22.894308 -3.030673027038574 0.5620216727256775
Pedestrian 0.0 0 1.4840894937515259 296.74334716796875 127.26273345947266 410.59271240234375 374.0 1.0298357 1.745923 0.6000801 -1.6978552 1.4379785 4.6880608 1.13661789894104 0.5314249396324158
Pedestrian 0.0 0 -2.0495975017547607 669.900390625 164.9462432861328 712.7659301757812 250.59742736816406 0.7876834 1.6833452 0.5617155 1.7786752 1.3592558 14.582394 -1.928222894668579 0.5196793675422668
Pedestrian 0.0 0 -1.8101879358291626 722.7771606445312 163.79086303710938 756.4508056640625 230.88160705566406 0.96219265 1.7031454 0.6496599 3.5600507 1.2547668 18.73002 -1.6223565340042114 0.463758260011673
Pedestrian 0.0 0 1.260354995727539 462.8412170410156 170.88133239746094 490.9698486328125 226.1741943359375 0.79782313 1.661806 0.63769805 -3.8612254 1.3437889 22.088083 1.0872933864593506 0.46346864104270935
Pedestrian 0.0 0 1.3455390930175781 699.7660522460938 160.46612548828125 736.6163330078125 234.9073028564453 0.77274144 1.7532189 0.7205034 2.7725549 1.2590368 17.324902 1.5042264461517334 0.42834407091140747
Pedestrian 0.0 0 1.5657074451446533 451.5395202636719 170.5995635986328 471.71771240234375 224.69070434570312 0.59705395 1.6857957 0.61915743 -4.4541655 1.3471837 22.738613 1.372271180152893 0.3534524738788605
Pedestrian 0.0 0 -1.7286193370819092 663.7612915039062 164.51336669921875 694.579345703125 237.3271026611328 1.0469477 1.7221063 0.5864873 1.8516139 1.3215593 17.524775 -1.6233530044555664 0.3162177801132202
Pedestrian 0.0 0 -1.8293743133544922 487.90478515625 168.53863525390625 513.4677124023438 223.83657836914062 0.9653158 1.663958 0.55049795 -3.1424866 1.2750634 22.164352 -1.9702167510986328 0.21663321554660797
Pedestrian 0.0 0 -1.0841987133026123 0.0 130.2128448486328 163.38072204589844 374.0 0.88506055 1.6530483 0.6462697 -2.708595 1.4421357 3.4641259 -1.7478042840957642 0.16208858788013458
Pedestrian 0.0 0 2.4976143836975098 0.0 115.92961120605469 134.76731872558594 374.0 0.72332877 1.7195929 0.6497959 -3.3097887 1.3842407 4.1176043 1.8205519914627075 0.1409805566072464
Cyclist 0.0 0 1.7265955209732056 527.0955810546875 166.82601928710938 547.36376953125 206.044189453125 1.843456 1.6653887 0.60768235 -2.8117661 1.0432341 31.441187 1.6374033689498901 0.2924712598323822
Cyclist 0.0 0 -2.936574935913086 501.82672119140625 167.19219970703125 541.8379516601562 213.82008361816406 1.3919934 1.7122825 0.57915384 -2.9770217 1.1879089 26.729975 -3.0474917888641357 0.24584531784057617
Cyclist 0.0 0 -1.638598084449768 620.141357421875 163.4781951904297 640.7947387695312 220.71331787109375 1.2638222 1.7784287 0.57161385 0.89268965 1.2195596 22.95764 -1.5997334718704224 0.19847001135349274
Cyclist 0.0 0 -1.8190491199493408 628.2410888671875 159.93331909179688 671.2283325195312 250.114013671875 1.2357148 1.7581496 0.58441734 0.93111163 1.3389404 14.662979 -1.7556334733963013 0.18866953253746033
Cyclist 0.0 0 -2.0296103954315186 739.416259765625 178.43362426757812 827.7169799804688 300.7701110839844 1.6563116 1.6542624 0.57522565 2.5934002 1.6141226 10.581684 -1.7892640829086304 0.16545262932777405
Cyclist 0.0 0 1.411314606666565 662.4324340820312 165.4326934814453 694.2417602539062 236.5008544921875 1.1524153 1.677816 0.59293497 1.8323101 1.299692 17.547981 1.5153547525405884 0.12900756299495697
Cyclist 0.0 0 -0.2936389148235321 711.8519287109375 158.0326690673828 760.1138305664062 227.03709411621094 1.0918815 1.7518197 0.6304588 3.4445734 1.1572332 18.60736 -0.11059223860502243 0.12672579288482666
Car 0.0 0 1.6170897483825684 554.3356323242188 171.1464080810547 586.2418212890625 200.21397399902344 4.0609837 1.5791466 1.6373606 -1.7352241 1.0174962 41.05599 1.574850082397461 0.7567998170852661
Car 0.0 0 2.212512493133545 0.0 153.16038513183594 121.39698028564453 201.6836700439453 3.7930257 1.5073975 1.5359704 -18.23378 0.6281254 24.212164 1.5670409202575684 0.15617825090885162
Car 0.0 0 -1.4364721775054932 613.3512573242188 170.77313232421875 673.962646484375 221.2219696044922 3.646162 1.6238947 1.6366857 1.5190302 1.2797055 25.066862 -1.3759469985961914 0.15447001159191132
Car 0.0 0 1.3026219606399536 743.8160400390625 194.63307189941406 932.1636352539062 318.3699035644531 3.7499366 1.3916177 1.5591896 3.1232934 1.617175 10.371139 1.5951356887817383 0.14526143670082092
