Car 0.0 0 -1.5052763223648071 543.1607666015625 165.98106384277344 584.8761596679688 200.8013916015625 4.1371026 1.4733194 1.614601 -1.9513481 0.66059434 32.485474 -1.565272569656372 0.9102470278739929
Car 0.0 0 -1.6779102087020874 617.1807861328125 167.01231384277344 657.4819946289062 197.9879913330078 4.1180406 1.5434027 1.6820389 1.4743093 0.63752747 37.92573 -1.6390562057495117 0.8504640460014343
Car 0.0 0 1.8869997262954712 382.9123840332031 170.1810760498047 413.9212341308594 187.6213836669922 3.9339812 1.558624 1.6007115 -19.254902 0.2161244 66.232185 1.6040799617767334 0.363757848739624
Car 0.0 0 1.9843145608901978 517.0130004882812 168.8939208984375 550.211181640625 186.0617218017578 4.0084596 1.5409575 1.5871856 -6.846161 0.07706933 66.67068 1.8819869756698608 0.21399706602096558
Car 0.0 0 -0.1347559094429016 572.3855590820312 166.31781005859375 615.2805786132812 183.711181640625 3.8584192 1.6102262 1.6685574 -1.3369308 -0.14325224 67.860886 -0.15445441007614136 0.18874840438365936
Car 0.0 0 1.835502028465271 496.615234375 168.39093017578125 528.9147338867188 188.51121520996094 4.011394 1.6035919 1.6550292 -7.819291 0.26378587 59.387363 1.7045891284942627 0.1867104321718216
Car 0.0 0 1.8549103736877441 364.6335754394531 168.9215087890625 392.8891906738281 187.07199096679688 3.3960197 1.6466275 1.6214303 -21.29527 0.16953497 66.92835 1.5468591451644897 0.1810128390789032
Car 0.0 0 1.683788537979126 534.426025390625 163.13914489746094 568.33837890625 189.63404846191406 4.1384254 1.5656915 1.6415404 -3.4727142 0.2622294 44.57319 1.6060352325439453 0.16243672370910645
Car 0.0 0 -3.195875644683838 656.1318359375 168.03128051757812 706.6827392578125 185.54232788085938 4.636315 1.6221248 1.7637287 6.8822823 0.031387974 67.57726 -3.0943825244903564 0.1417505443096161
Car 0.0 0 1.708513617515564 469.926025390625 168.0857391357422 511.1213684082031 199.58937072753906 3.5517185 1.4366341 1.4830545 -5.6198945 0.65660214 34.57036 1.5473593473434448 0.1319524347782135
Car 0.0 0 -0.16480880975723267 665.0549926757812 166.7479248046875 712.73779296875 184.9187469482422 3.986939 1.5879596 1.6405481 7.1650414 -0.025596153 63.772324 -0.052924543619155884 0.1194511353969574
Car 0.0 0 1.5801303386688232 578.7977294921875 169.38861083984375 603.0633544921875 189.98069763183594 3.7722688 1.4596689 1.7200978 -1.239376 0.33889773 52.850357 1.5566840171813965 0.1103515774011612
Car 0.0 0 -0.8600718379020691 142.9130401611328 166.397216796875 205.17645263671875 192.07659912109375 3.9419453 1.7783235 1.6832608 -31.23374 0.476256 51.862007 -1.4021419286727905 0.10888340324163437
