Pedestrian 0.0 0 2.0470800399780273 986.76806640625 141.8516845703125 1028.9521484375 211.61886596679688 1.0472466 1.7361537 0.5165675 10.276543 0.77598727 18.092312 2.5636422634124756 0.3370715081691742
Pedestrian 0.0 0 -3.614744186401367 983.4857788085938 141.5287628173828 1085.0653076171875 275.87200927734375 1.0434 1.7801548 0.5710445 5.81166 1.2654276 9.683975 -3.074227809906006 0.22223757207393646
Pedestrian 0.0 0 2.5766706466674805 966.172119140625 138.10958862304688 1021.9552612304688 210.32054138183594 1.1328709 1.8872381 0.6436778 10.317541 0.780949 18.83104 3.0779006481170654 0.12230607867240906
Cyclist 0.0 0 -2.013702392578125 877.0267333984375 159.27171325683594 904.030517578125 198.1647186279297 1.597118 1.8059776 0.5580899 13.555377 0.8217059 33.640335 -1.6306554079055786 0.23036780953407288
Cyclist 0.0 0 -2.800947427749634 483.3634033203125 163.96826171875 517.7999877929688 197.2661895751953 1.7477969 1.7873179 0.6109732 -5.681289 0.90135705 38.41508 -2.947775363922119 0.16424041986465454
Cyclist 0.0 0 -1.7023036479949951 702.4952392578125 166.86585998535156 710.2064208984375 184.7954864501953 1.581406 1.7048906 0.5300851 9.774599 0.40958142 68.02053 -1.5595799684524536 0.11412863433361053
Cyclist 0.0 0 1.3199113607406616 710.620849609375 166.39492797851562 721.3425903320312 189.41928100585938 1.4143884 1.7205732 0.46415365 8.411406 0.6677907 53.557724 1.4756919145584106 0.10336069017648697
Car 0.0 0 -0.794167697429657 0.0 201.5560760498047 296.37921142578125 370.0 3.9896085 1.4076214 1.6517321 -3.175833 1.5657555 3.2504578 -1.5679539442062378 0.9071118235588074
Car 0.0 0 -2.1714720726013184 1189.0765380859375 150.94876098632812 1224.0 192.09234619140625 4.4679847 1.5028087 1.7612829 25.731537 0.42494026 28.15557 -1.4310272932052612 0.2473023384809494
Car 0.0 0 1.7597839832305908 475.1744079589844 168.09800720214844 501.9065856933594 185.88270568847656 3.733478 1.5334164 1.6749753 -10.296255 0.46529496 62.845955 1.5973933935165405 0.16808702051639557
Car 0.0 0 -0.9408689737319946 55.4743766784668 170.47994995117188 126.79405975341797 195.45941162109375 4.237015 1.6214021 1.7608836 -34.787598 0.97233796 48.0102 -1.5679068565368652 0.1578092873096466
Car 0.0 0 2.427577018737793 1089.2266845703125 151.10826110839844 1194.91796875 181.6994171142578 4.337829 1.5221653 1.5564238 27.36038 0.06111205 36.094948 3.076185703277588 0.15123987197875977
Car 0.0 0 -0.1544218361377716 908.7301635742188 135.96722412109375 1090.4686279296875 208.6854248046875 3.9453735 1.760185 1.665643 10.138785 0.683844 18.561277 0.34552478790283203 0.12568143010139465
Car 0.0 0 -1.2702528238296509 1188.25146484375 125.48654174804688 1224.0 370.0 4.207518 1.5294603 1.6262108 5.399031 1.3497308 3.733725 -0.3044918477535248 0.11605842411518097
