Pedestrian 0.0 0 -0.47117555141448975 789.8140869140625 161.28732299804688 816.3699951171875 199.19793701171875 1.0560454 1.7380128 0.54708993 8.911162 1.2080963 33.454166 -0.21085084974765778 0.13381166756153107
Cyclist 0.0 0 -3.0973758697509766 632.8565063476562 174.93966674804688 659.371826171875 206.58859252929688 1.3422755 1.6163979 0.6359098 1.8335118 1.7256129 37.27728 -3.048229694366455 0.1348685473203659
Car 0.0 0 -1.4923688173294067 509.5386962890625 179.2775421142578 553.1021118164062 217.33131408691406 3.4972825 1.5106083 1.5930932 -3.369148 1.8028272 31.009602 -1.600592851638794 0.8874080777168274
Car 0.0 0 1.8382353782653809 377.4787292480469 190.33645629882812 433.3451232910156 222.4896697998047 4.3585253 1.445924 1.6623462 -10.446537 2.3959622 37.006973 1.5631084442138672 0.5241155028343201
Car 0.0 0 1.607140064239502 580.2704467773438 180.95480346679688 606.6038208007812 204.63656616210938 3.679745 1.4315748 1.5745573 -1.0706913 1.9773886 46.730736 1.5842320919036865 0.520689070224762
Car 0.0 0 2.25817608833313 0.0 183.50843811035156 137.4394073486328 305.14324951171875 3.6906977 1.608333 1.664642 -9.756493 1.8090311 11.713427 1.5636744499206543 0.32581159472465515
Car 0.0 0 -1.7651963233947754 766.3465576171875 165.5435791015625 793.0154418945312 183.9515380859375 3.8113446 1.6085292 1.6274045 15.225926 0.97008514 64.980415 -1.5350329875946045 0.18445366621017456
Car 0.0 0 -0.4367987811565399 842.7009887695312 160.27166748046875 911.4926147460938 184.46728515625 3.8718925 1.54133 1.6253716 17.312222 0.74015766 46.932404 -0.0834081768989563 0.1534109264612198
Car 0.0 0 -1.3027596473693848 382.65753173828125 175.83682250976562 419.0942687988281 196.5338592529297 4.1698666 1.5283885 1.671558 -16.19828 1.7688425 55.980015 -1.5844249725341797 0.13504551351070404
Car 0.0 0 2.874511241912842 718.3634033203125 168.4544677734375 790.9845581054688 193.59213256835938 4.110647 1.5169044 1.6054709 8.854139 1.2517779 44.483376 3.0709872245788574 0.13421645760536194
Car 0.0 0 1.6731070280075073 493.3722839355469 185.3248748779297 525.849365234375 210.27439880371094 4.38202 1.4860755 1.6761359 -6.577936 2.3443058 47.412537 1.5352487564086914 0.1317203789949417
Car 0.0 0 -0.2245999574661255 796.2446899414062 162.83541870117188 910.1065673828125 203.6224822998047 4.0403633 1.5697457 1.6134661 9.574285 1.1845251 28.764662 0.09671449661254883 0.12465613335371017
Car 0.0 0 1.904625654220581 385.69781494140625 177.7454071044922 418.2110900878906 197.11402893066406 3.7386992 1.5632215 1.505027 -17.600006 1.9907398 61.101692 1.6241729259490967 0.11061517149209976
Car 0.0 0 -1.1594536304473877 239.8720245361328 179.10464477539062 283.8290100097656 201.19512939453125 3.796341 1.6003733 1.6546816 -26.646265 2.0964248 55.289146 -1.6085522174835205 0.10653794556856155
