Pedestrian 0.0 0 1.0412925481796265 562.9141235351562 161.04983520507812 625.660888671875 277.14794921875 0.88827497 1.7986087 0.65919703 -0.16812131 1.4830922 11.676543 1.02689528465271 0.7741530537605286
Pedestrian 0.0 0 -3.2267637252807617 780.4929809570312 163.0164794921875 906.8045043945312 349.7082214355469 1.0975465 1.6863852 0.561691 2.237413 1.5208029 6.8842173 -2.9125263690948486 0.5689180493354797
Pedestrian 0.0 0 -2.0071513652801514 707.27978515625 161.69967651367188 778.2380981445312 293.52935791015625 0.89465636 1.7423869 0.6483878 1.906163 1.4820151 10.004824 -1.8188832998275757 0.5605639219284058
Pedestrian 0.0 0 -3.302990198135376 853.6428833007812 159.99183654785156 990.1534423828125 374.0 0.8333723 1.6596096 0.6002235 2.2918568 1.5129428 5.3347483 -2.8972220420837402 0.5395196676254272
Pedestrian 0.0 0 0.6550144553184509 607.3731689453125 166.46983337402344 720.4788208007812 335.700439453125 0.9979767 1.6580116 0.6609501 0.60697883 1.5121258 7.6148686 0.7345559597015381 0.5061416029930115
Pedestrian 0.0 0 0.59637051820755 608.2855224609375 160.26683044433594 671.19140625 262.43603515625 0.90768033 1.7387866 0.64931124 0.6384556 1.3787074 12.75502 0.6463840007781982 0.4789714217185974
Pedestrian 0.0 0 -1.7136006355285645 556.5139770507812 161.3394317626953 578.7662353515625 214.71197509765625 1.046777 1.7601012 0.6053184 -1.1728679 1.0963403 24.25773 -1.7619132995605469 0.3128262758255005
Pedestrian 0.0 0 1.541081428527832 351.9459228515625 166.269287109375 388.31927490234375 259.6648864746094 0.7741218 1.7278808 0.63752633 -4.4774456 1.4473662 13.759008 1.2264704704284668 0.3106929063796997
Pedestrian 0.0 0 -1.8917710781097412 608.3477172851562 162.21835327148438 634.3215942382812 211.00872802734375 1.139841 1.7718586 0.6365799 0.7112918 1.0726781 26.722012 -1.8651591539382935 0.30394577980041504
Pedestrian 0.0 0 -1.723621129989624 501.3711853027344 163.8031463623047 559.3311767578125 300.7510986328125 1.0736679 1.6670996 0.58528286 -0.98817253 1.4530126 9.335617 -1.829078197479248 0.2408582717180252
Pedestrian 0.0 0 0.5426861047744751 626.3038330078125 158.89564514160156 735.5021362304688 309.3917236328125 1.1216989 1.6995392 0.6930948 0.91367316 1.4456217 8.724073 0.6470358371734619 0.22846196591854095
Cyclist 0.0 0 -1.8247079849243164 487.6700744628906 164.56411743164062 558.4085693359375 303.9620666503906 1.3836154 1.694235 0.5890163 -1.107302 1.4897381 9.479483 -1.9409914016723633 0.3855920732021332
Car 0.0 0 1.7649846076965332 457.80517578125 167.7454071044922 551.4945678710938 227.0499267578125 4.053339 1.421997 1.733323 -2.5042474 1.0933881 19.300333 1.6359539031982422 0.8142889142036438
Car 0.0 0 1.8645317554473877 538.4815673828125 167.04446411132812 568.3720703125 184.16966247558594 4.179869 1.5346128 1.6255401 -4.3746986 0.23962805 66.58794 1.7989280223846436 0.44569018483161926
Car 0.0 0 -1.2410650253295898 322.3566589355469 162.69622802734375 388.79571533203125 198.90992736816406 3.9084742 1.5079908 1.6084288 -10.830424 0.72595626 31.865814 -1.5686923265457153 0.40546736121177673
Car 0.0 0 1.8366564512252808 384.429443359375 164.76861572265625 423.3359069824219 186.784423828125 3.8743618 1.4756955 1.6574738 -13.709132 0.35487947 50.08492 1.569482684135437 0.26797929406166077
