Pedestrian 0.0 0 0.35588696599006653 581.6314086914062 163.69708251953125 598.7777709960938 195.5019073486328 0.9463149 1.9668318 0.5242723 -1.2663646 1.4009192 45.01813 0.32776427268981934 0.13036884367465973
Pedestrian 0.0 0 -2.7963008880615234 576.5775756835938 162.53358459472656 594.2222900390625 192.3955535888672 1.0194616 1.9220419 0.55007637 -1.6275388 1.2581342 46.856144 -2.831021785736084 0.12301316112279892
Car 0.0 0 2.9931344985961914 349.0860900878906 190.9287872314453 417.5241394042969 220.7366943359375 3.6259847 1.608198 1.6382965 -13.326087 2.7069218 42.31284 2.6880264282226562 0.5778024196624756
Car 0.0 0 -0.5523109436035156 594.3065185546875 168.44142150878906 640.319580078125 185.9242401123047 3.891941 1.5487665 1.6632874 0.65480334 1.1582217 65.633484 -0.5423346161842346 0.447918176651001
Car 0.0 0 1.5507004261016846 570.5922241210938 165.3816375732422 596.2930297851562 190.17974853515625 4.2533727 1.5422543 1.5807298 -1.7996166 1.0778875 47.040592 1.5124623775482178 0.4081241488456726
Car 0.0 0 -0.6258048415184021 962.142578125 148.99989318847656 1058.00634765625 182.0167694091797 4.033171 1.638074 1.7418226 20.384907 0.45495245 36.90327 -0.12113042175769806 0.2714153528213501
Car 0.0 0 -1.1459078788757324 1164.80419921875 153.77175903320312 1237.4000244140625 184.1532440185547 3.7496545 1.5803297 1.6451397 32.001408 0.58810234 39.09831 -0.4599963128566742 0.24478507041931152
Car 0.0 0 -3.441068172454834 1056.557861328125 157.12905883789062 1140.423583984375 182.90748596191406 3.919063 1.5175843 1.5923464 29.547514 0.59221035 43.80419 -2.847637176513672 0.1746760904788971
Car 0.0 0 3.4264724254608154 310.5967102050781 190.76107788085938 371.93316650390625 214.0048065185547 3.8400364 1.5898247 1.5265695 -19.221342 2.8939474 51.631935 3.070091962814331 0.14806590974330902
Car 0.0 0 2.372086763381958 455.2851867675781 182.10508728027344 506.6927490234375 203.45668029785156 3.8521132 1.5072088 1.5375327 -9.765167 2.2345467 54.686054 2.1953814029693604 0.14475898444652557
Car 0.0 0 -1.281251311302185 1190.4268798828125 111.39974212646484 1242.0 375.0 4.2488356 1.4781045 1.6237026 5.310562 1.2817175 3.75699 -0.32616758346557617 0.1287325769662857
Car 0.0 0 -3.8068952560424805 1169.4139404296875 152.87826538085938 1242.0 182.1912841796875 3.9927216 1.4506888 1.6764164 31.0269 0.4624566 36.618546 -3.103970766067505 0.11844541877508163
Car 0.0 0 1.7664936780929565 545.1348266601562 167.77072143554688 570.5719604492188 187.10601806640625 3.5774357 1.7146587 1.6534052 -4.7501607 1.2642298 65.86047 1.6944937705993652 0.10905744880437851
