Pedestrian 0.0 0 -0.4173164367675781 742.3062133789062 166.86085510253906 766.7843627929688 208.301025390625 0.8795552 1.7526742 0.549618 6.142531 1.4995577 30.878544 -0.22095423936843872 0.38570547103881836
Pedestrian 0.0 0 -0.23299941420555115 839.1890258789062 161.813720703125 851.4708862304688 187.0606689453125 0.7217886 1.8058516 0.5959299 16.908123 1.0165253 51.93348 0.08175039291381836 0.12157709151506424
Pedestrian 0.0 0 -0.32293441891670227 747.599853515625 166.33294677734375 759.8134155273438 186.8355255126953 0.94048595 1.837856 0.5903583 12.929949 1.2536646 65.02832 -0.12665867805480957 0.11382856220006943
Cyclist 0.0 0 -1.6788851022720337 742.380859375 167.9408721923828 758.5682373046875 208.53292846679688 1.4377427 1.7026448 0.5277414 5.9867687 1.4969206 31.000557 -1.4881154298782349 0.19958284497261047
Car 0.0 0 2.2046432495117188 0.0 194.85011291503906 162.6971435546875 253.36976623535156 4.3804803 1.4233234 1.6497242 -15.503249 2.1428702 21.393013 1.5775400400161743 0.9676134586334229
Car 0.0 0 1.9364960193634033 289.97125244140625 186.74879455566406 360.1432800292969 219.79327392578125 4.3864784 1.3788847 1.6252636 -13.421735 2.079419 34.156242 1.562080979347229 0.8253529667854309
Car 0.0 0 -1.698807716369629 799.0120239257812 165.91030883789062 826.2952880859375 184.6886749267578 4.2063026 1.4408232 1.5643191 16.09919 0.9084052 57.55319 -1.4260519742965698 0.570692777633667
Car 0.0 0 1.5926986932754517 824.729736328125 160.27915954589844 849.83740234375 184.33790588378906 4.7561145 1.7129551 1.686661 16.984587 0.81799877 53.892853 1.8980002403259277 0.3546518385410309
Car 0.0 0 -3.402855157852173 804.2473754882812 165.4940185546875 856.7285766601562 183.05650329589844 4.1922774 1.5428483 1.6229733 19.586905 0.8966372 64.26712 -3.107024908065796 0.3007490038871765
Car 0.0 0 1.2645089626312256 800.9382934570312 165.4044952392578 846.593505859375 190.93197631835938 4.007094 1.5962007 1.7234153 13.871216 1.1307508 47.13455 1.5507187843322754 0.21178090572357178
Car 0.0 0 1.3578088283538818 742.2847290039062 166.25599670410156 768.68603515625 183.80174255371094 3.780474 1.5793089 1.6306899 13.425423 0.9857731 66.845634 1.556014060974121 0.18119500577449799
Car 0.0 0 2.3445897102355957 1200.1405029296875 150.78646850585938 1242.0 185.3896484375 3.7725048 1.5959309 1.5847569 30.409414 0.5785134 34.197933 3.071415901184082 0.18109580874443054
Car 0.0 0 2.4481496810913086 1087.9149169921875 154.1334991455078 1189.5662841796875 186.26324462890625 4.018382 1.5774354 1.6322584 26.561703 0.658696 36.361855 3.0790421962738037 0.15976183116436005
Car 0.0 0 -0.6270055770874023 899.9990844726562 155.72935485839844 1000.0684204101562 189.13865661621094 4.242914 1.5607507 1.6074463 16.378313 0.7611128 34.890934 -0.18812431395053864 0.11564064770936966
Car 0.0 0 -3.7403602600097656 1083.69873046875 143.22567749023438 1242.0 189.4605712890625 4.030553 1.442677 1.5911137 17.890696 0.5185361 23.414118 -3.0878970623016357 0.11267926543951035
Car 0.0 0 -0.27427437901496887 801.9026489257812 164.81674194335938 853.178466796875 181.81985473632812 4.190129 1.533369 1.6677557 19.8303 0.8089131 65.937904 0.017863035202026367 0.11078359186649323
Car 0.0 0 -1.1154422760009766 303.8306579589844 180.3872833251953 360.8100891113281 208.3215789794922 3.563625 1.4855462 1.6374807 -15.828821 1.9354999 41.21227 -1.4821498394012451 0.10821863263845444
