Pedestrian 0.0 0 0.6703011393547058 819.4351196289062 166.33792114257812 918.0004272460938 323.31121826171875 0.8573697 1.6394428 0.5844201 2.818968 1.5717461 8.051549 1.0070784091949463 0.2607491612434387
Pedestrian 0.0 0 2.600736379623413 588.0841064453125 166.89529418945312 659.6084594726562 301.0157470703125 0.6541741 1.6551841 0.7120105 0.11874842 1.5820054 9.374103 2.6134033203125 0.1877177506685257
Car 0.0 0 -2.1036746501922607 405.9383544921875 186.87637329101562 563.5723876953125 264.0633850097656 3.9286668 1.4025306 1.6159289 -2.9067404 1.7501607 15.8530655 -2.28501558303833 0.9144942164421082
Car 0.0 0 -1.9740103483200073 300.3956604003906 183.68505859375 382.662353515625 221.3111572265625 4.3056893 1.3591069 1.5626782 -11.026614 1.8317575 29.363688 -2.333235740661621 0.8771197199821472
Car 0.0 0 1.2625709772109985 942.6007080078125 158.9559783935547 1089.1556396484375 236.24124145507812 3.8886292 1.4299694 1.5793108 8.408442 1.1731795 15.406509 1.7621623277664185 0.845372200012207
Car 0.0 0 1.4166233539581299 842.52978515625 165.81045532226562 938.425537109375 233.68789672851562 3.6542842 1.4229215 1.5391437 6.4575543 1.2756251 17.069414 1.7782939672470093 0.7633295655250549
Car 0.0 0 2.209101676940918 0.0 195.25514221191406 81.59017944335938 301.7420349121094 4.016499 1.4282327 1.6932074 -11.473113 1.8855214 12.632835 1.471775770187378 0.3643115162849426
Car 0.0 0 -3.009270668029785 495.3997497558594 166.02528381347656 586.7743530273438 204.167236328125 3.9083574 1.6675146 1.6295513 -3.0906067 1.3693303 32.428997 -3.1042873859405518 0.3617226481437683
Car 0.0 0 1.9362434148788452 309.6165771484375 181.72886657714844 369.5931701660156 213.51156616210938 3.471026 1.3844122 1.5171198 -12.762157 1.8261454 34.14028 1.5785118341445923 0.34465187788009644
Car 0.0 0 1.6927878856658936 508.0732421875 162.6724853515625 540.4485473632812 188.9789276123047 3.939376 1.7284318 1.7350941 -5.853425 1.0598254 49.378136 1.5747957229614258 0.34247246384620667
Car 0.0 0 -1.8078080415725708 854.1273193359375 164.74278259277344 884.7445678710938 181.94921875 3.9981987 1.4892285 1.6793461 23.136831 0.7875546 64.52434 -1.4635143280029297 0.3009507954120636
Car 0.0 0 2.1282646656036377 109.86026000976562 189.28994750976562 188.9151611328125 219.83522033691406 4.1171727 1.4787788 1.6999916 -24.960968 2.4196446 39.219093 1.561474323272705 0.2664519250392914
