Pedestrian 0.0 0 1.2553858757019043 825.7027587890625 139.94602966308594 917.4309692382812 326.54998779296875 0.9235663 1.7886009 0.6155941 2.687601 1.3916783 7.3548837 1.6057288646697998 0.4073448181152344
Pedestrian 0.0 0 1.261821985244751 946.646484375 145.72740173339844 1059.6644287109375 356.6194763183594 0.97045374 1.7871754 0.6356016 3.612079 1.4854116 6.62142 1.7612147331237793 0.39578551054000854
Car 0.0 0 -1.358514666557312 529.874755859375 172.48776245117188 577.4835205078125 202.11520385742188 3.810184 1.3911152 1.5962619 -2.3245568 0.9688749 35.727417 -1.4234867095947266 0.9135852456092834
Car 0.0 0 3.3317058086395264 58.94382095336914 178.27627563476562 232.56924438476562 238.080078125 3.7934923 1.5248934 1.6240195 -12.391005 1.4438726 19.75671 2.771540641784668 0.790259838104248
Car 0.0 0 2.030416488647461 325.9089660644531 179.17486572265625 392.8662414550781 207.26246643066406 4.439597 1.4070392 1.5750021 -12.808984 1.2914407 38.28858 1.7075821161270142 0.6926024556159973
Car 0.0 0 -1.4108235836029053 585.6763305664062 169.70498657226562 615.0301513671875 189.3386688232422 4.080486 1.4457889 1.6213077 -0.023991723 0.57781625 55.037357 -1.4112595319747925 0.4886572062969208
Car 0.0 0 -2.6527490615844727 386.2303466796875 170.08761596679688 437.56915283203125 188.2078094482422 3.910008 1.5027255 1.5983099 -16.001406 0.5567625 60.795994 -2.9101107120513916 0.45375776290893555
Car 0.0 0 -1.3073524236679077 576.3248291015625 168.06787109375 604.8483276367188 184.85079956054688 3.88744 1.4867839 1.6556786 -0.92331314 0.2972522 65.72191 -1.3214002847671509 0.4427455961704254
Car 0.0 0 -1.6441969871520996 640.56591796875 171.79212951660156 674.2046508789062 198.6160430908203 3.4818454 1.4844022 1.6782277 3.1918623 0.94799465 41.492916 -1.5674227476119995 0.23848064243793488
Car 0.0 0 -3.6612868309020996 1058.88330078125 148.30467224121094 1167.03466796875 179.61427307128906 3.997122 1.4662887 1.592197 24.660185 -0.09292519 34.74499 -3.044048547744751 0.2188945710659027
Car 0.0 0 -2.7768163681030273 524.8777465820312 166.817138671875 574.1151123046875 184.06350708007812 4.3003516 1.58866 1.6953858 -4.8428016 0.23650312 67.60039 -2.8483328819274902 0.21265119314193726
Car 0.0 0 0.21935254335403442 396.25244140625 168.20489501953125 441.7820129394531 185.61935424804688 3.776988 1.5786749 1.7069315 -16.701899 0.37381476 66.023445 -0.028418701142072678 0.2105955332517624
Car 0.0 0 -0.8018978834152222 1055.3287353515625 132.16278076171875 1230.1483154296875 192.41497802734375 3.791103 1.5453591 1.6166667 14.619219 0.28112623 19.519758 -0.15907248854637146 0.20933730900287628
Car 0.0 0 2.5050909519195557 1038.288818359375 147.34548950195312 1138.0653076171875 178.46351623535156 4.104833 1.5496727 1.5670209 24.889235 -0.15843171 36.809494 3.099639415740967 0.1937585473060608
