Car 0.0 0 -1.723509430885315 655.5829467773438 182.25006103515625 728.4304809570312 232.16859436035156 4.2168717 1.3527304 1.6062616 2.4070132 1.6740358 22.50009 -1.6169368028640747 0.9819429516792297
Car 0.0 0 3.7097091674804688 0.0 195.05409240722656 290.5901184082031 338.048828125 3.9168985 1.5077884 1.5976367 -6.2549953 1.8060185 8.781293 3.0907697677612305 0.9063447713851929
Car 0.0 0 3.4678168296813965 196.0003662109375 185.85621643066406 401.23590087890625 260.22540283203125 3.7692757 1.4814465 1.6149586 -6.6710544 1.7810128 15.6518755 3.064918041229248 0.9026361703872681
Car 0.0 0 3.3337039947509766 373.3754577636719 182.48085021972656 493.9440002441406 225.82339477539062 4.0220647 1.4962429 1.5879002 -6.3702226 1.8578465 26.186178 3.0950727462768555 0.874274492263794
Car 0.0 0 -1.8013687133789062 713.8082885742188 188.8984832763672 855.505615234375 283.5914306640625 3.7889855 1.3825699 1.6150525 2.929657 1.7161396 13.07951 -1.5810173749923706 0.8502257466316223
Car 0.0 0 3.5481531620025635 116.58641052246094 190.52244567871094 362.17156982421875 277.7158508300781 3.7690268 1.4754989 1.5616804 -6.8177404 1.8276331 13.46671 3.079505205154419 0.7865748405456543
Car 0.0 0 -1.579440951347351 632.4400024414062 176.97784423828125 654.3528442382812 197.63233947753906 4.2955947 1.4287477 1.5414119 2.4011557 1.7441877 52.95168 -1.534125804901123 0.6854110360145569
Car 0.0 0 1.5283480882644653 648.4703979492188 178.8961181640625 686.7937622070312 212.2787628173828 3.942253 1.4202752 1.5904273 2.5767834 1.7172028 33.415707 1.6053087711334229 0.661933958530426
Car 0.0 0 3.4842722415924072 244.69381713867188 182.6668701171875 428.1268310546875 248.446533203125 4.011989 1.5593241 1.640171 -6.8460836 1.8189903 18.210178 3.1246705055236816 0.660060465335846
Car 0.0 0 0.5587952136993408 3.456932306289673 183.72109985351562 322.3701171875 294.58892822265625 3.9588032 1.566482 1.6059979 -6.809929 1.7477075 11.180115 0.0117034912109375 0.6428009867668152
Car 0.0 0 0.09400184452533722 404.4866638183594 168.18739318847656 454.8434753417969 186.73130798339844 4.063582 1.5659963 1.6829666 -15.495333 1.1722684 62.066544 -0.15065374970436096 0.5415991544723511
