Car 0.0 0 1.9724838733673096 224.5386962890625 191.6085662841797 349.7734069824219 253.46572875976562 4.241244 1.4327351 1.6470867 -8.872282 2.011884 20.133429 1.5574122667312622 0.9233803749084473
Car 0.0 0 1.8194875717163086 475.31207275390625 178.5216522216797 503.0316162109375 195.36434936523438 3.9007714 1.4869267 1.6326151 -11.213444 2.0298727 67.06189 1.653809905052185 0.8273877501487732
Car 0.0 0 1.737932562828064 428.911376953125 183.4001007080078 466.8784484863281 208.84817504882812 4.1823277 1.4124657 1.5830538 -9.849759 2.0862591 43.94157 1.5174217224121094 0.6144490242004395
Car 0.0 0 1.6120505332946777 589.45703125 177.4888916015625 615.3934936523438 200.2222137451172 3.9268923 1.3977381 1.5365063 -0.491278 1.7137876 47.15645 1.601632833480835 0.44798898696899414
Car 0.0 0 1.8728947639465332 408.1297912597656 182.7390594482422 440.5803527832031 200.429931640625 4.2694077 1.5154088 1.7005147 -17.059727 2.4554186 66.410126 1.621447205543518 0.23612789809703827
Car 0.0 0 -0.47168105840682983 706.4038696289062 165.12550354003906 763.5746459960938 188.59390258789062 3.8200002 1.6974355 1.7155085 9.243081 1.1388013 53.57021 -0.30082187056541443 0.2262779325246811
Car 0.0 0 -1.1899216175079346 684.3523559570312 169.95887756347656 718.0720825195312 186.57373046875 4.296478 1.5005246 1.6489012 8.541475 1.2394174 67.4393 -1.0639381408691406 0.21991369128227234
Car 0.0 0 1.6459145545959473 552.6536254882812 175.9977264404297 574.2809448242188 196.0985565185547 3.996958 1.6742946 1.5829474 -4.0375566 1.9567318 62.732307 1.5816415548324585 0.2184528261423111
Car 0.0 0 2.539700984954834 871.939697265625 153.20901489257812 955.8087768554688 184.50379943847656 3.7205627 1.5518831 1.5715116 15.492067 0.5780617 36.92513 2.9369494915008545 0.20421355962753296
Car 0.0 0 1.3585901260375977 1030.2716064453125 155.74642944335938 1080.9024658203125 185.7434844970703 4.0656686 1.6538115 1.6783707 25.81133 0.7109866 41.973637 1.9099236726760864 0.19270826876163483
Car 0.0 0 2.742180585861206 693.5841064453125 169.9003448486328 750.0707397460938 190.7970428466797 3.9900558 1.5823514 1.6737617 8.630629 1.3590509 55.932026 2.8952786922454834 0.16766992211341858
Car 0.0 0 2.1654698848724365 335.6025695800781 184.02090454101562 379.010009765625 202.4774932861328 4.406175 1.5453286 1.5138559 -22.917295 2.5960903 65.54469 1.8291124105453491 0.15886300802230835
Car 0.0 0 -0.15255622565746307 717.2398071289062 164.23243713378906 777.9837646484375 187.8209991455078 3.992936 1.6328677 1.6913188 9.632984 1.0364152 50.85843 0.03463411331176758 0.1520342379808426
Car 0.0 0 1.1939893960952759 830.18115234375 161.24620056152344 872.8497924804688 187.16275024414062 3.5499582 1.7466801 1.6313261 16.805445 0.96471465 50.443558 1.515578031539917 0.13323216140270233
Car 0.0 0 -1.0859384536743164 239.435546875 186.38575744628906 337.4563903808594 234.07327270507812 3.794993 1.5148792 1.6387545 -11.495373 2.0389407 25.973146 -1.5026105642318726 0.12556025385856628
