Car 0.0 0 -1.6076734066009521 630.7117309570312 179.52154541015625 699.022216796875 240.75537109375 3.5099585 1.4815007 1.6518376 1.3995686 1.3448669 19.171894 -1.5348016023635864 0.8805346488952637
Car 0.0 0 1.7363600730895996 435.062255859375 182.24510192871094 496.3651428222656 221.67616271972656 4.4121356 1.3914319 1.5986966 -5.3957934 1.287738 27.59027 1.5432289838790894 0.7517574429512024
Car 0.0 0 1.7252391576766968 464.8852233886719 176.87600708007812 512.1035766601562 209.05023193359375 4.002441 1.4436091 1.6235411 -5.651437 1.0705512 34.258686 1.5617479085922241 0.6267358064651489
Car 0.0 0 1.393256425857544 762.2138671875 182.6809844970703 786.419677734375 198.41094970703125 3.602514 1.4241413 1.5792971 15.467356 1.1957879 66.91744 1.620408058166504 0.5638020038604736
Car 0.0 0 2.2013843059539795 0.0 194.32958984375 172.37037658691406 310.1628112792969 3.7416868 1.380486 1.527764 -8.416419 1.542074 10.756967 1.5374579429626465 0.5620506405830383
Car 0.0 0 -1.0002614259719849 45.62784957885742 146.6997528076172 197.9081268310547 207.54690551757812 3.6247034 1.4724789 1.6720202 -12.847637 0.5415385 19.219946 -1.5894999504089355 0.5085060596466064
Car 0.0 0 -0.6974835991859436 0.0 164.0837860107422 52.52564239501953 197.87689208984375 3.9672 1.5211192 1.6842005 -29.209597 0.5710461 34.451378 -1.4007281064987183 0.33218005299568176
Car 0.0 0 2.787921190261841 634.2749633789062 170.73719787597656 680.6080322265625 187.6170654296875 3.9834967 1.5432395 1.662625 4.6212645 0.22067492 67.07512 2.8567092418670654 0.23993924260139465
Car 0.0 0 -0.07206661999225616 602.923583984375 172.98878479003906 655.772216796875 192.09864807128906 4.1418157 1.5138271 1.6422163 1.6962304 0.54637897 57.850773 -0.04275422543287277 0.21895907819271088
Car 0.0 0 1.7607743740081787 453.93231201171875 167.0137939453125 484.6864318847656 186.7367706298828 3.8567653 1.4888934 1.6638918 -10.797457 0.11595769 56.191364 1.570933222770691 0.21243515610694885
