Pedestrian 0.0 0 1.0949575901031494 705.2974243164062 163.1427001953125 759.76611328125 259.65673828125 0.9988586 1.7464229 0.6198798 2.4213226 1.4155159 13.564263 1.2716045379638672 0.8956491947174072
Pedestrian 0.0 0 -2.2080178260803223 663.718994140625 163.69241333007812 722.4264526367188 262.79071044921875 1.0636268 1.7756189 0.56803995 1.6654694 1.4578177 13.471071 -2.0850090980529785 0.692804753780365
Pedestrian 0.0 0 -1.6061304807662964 425.6319274902344 167.49468994140625 460.5697021484375 262.9742126464844 0.8808867 1.6774424 0.5883388 -2.9412596 1.4326638 13.1180935 -1.8266966342926025 0.65492182970047
Pedestrian 0.0 0 1.620766520500183 618.0664672851562 170.845947265625 633.6701049804688 214.5845947265625 1.2617881 1.7032131 0.5613502 0.9621142 1.289351 28.621964 1.6543684005737305 0.23959647119045258
Pedestrian 0.0 0 3.120462656021118 566.132568359375 167.1108856201172 589.677001953125 210.54791259765625 0.956908 1.7715752 0.57606494 -0.99089336 1.1857085 29.608324 3.087008476257324 0.18742191791534424
Pedestrian 0.0 0 -2.9570350646972656 566.3641967773438 166.49798583984375 600.8285522460938 226.5066375732422 0.965869 1.8047321 0.57169014 -0.56824243 1.3546762 21.959543 -2.9829061031341553 0.1715380698442459
Cyclist 0.0 0 -1.5920988321304321 579.9911499023438 163.7054901123047 601.297119140625 224.385498046875 1.8280756 1.7762107 0.6061902 -0.3709401 1.2564666 21.94926 -1.608997106552124 0.6912729144096375
Cyclist 0.0 0 1.6110912561416626 618.024658203125 169.5454559326172 633.7272338867188 214.14955139160156 1.6261555 1.7283521 0.56403947 0.96595865 1.2661455 28.663649 1.6447782516479492 0.5047441124916077
Cyclist 0.0 0 1.5469117164611816 570.6290893554688 167.67518615722656 585.4591674804688 211.6332244873047 1.5344586 1.762813 0.5706235 -0.98792166 1.2094085 29.586489 1.513533115386963 0.4512770175933838
Cyclist 0.0 0 -2.2353768348693848 943.9166870117188 8.441970825195312 1238.0 374.0 1.8337883 1.8969859 0.5855149 2.0969367 1.4195392 2.9132743 -1.6114943027496338 0.34598037600517273
Cyclist 0.0 0 -2.1518924236297607 660.2313842773438 159.9821014404297 722.7110595703125 260.0595397949219 1.153712 1.7731056 0.61955184 1.620458 1.3931388 13.378795 -2.031358242034912 0.1492922604084015
Cyclist 0.0 0 1.295714020729065 710.5801391601562 160.6751708984375 759.8276977539062 255.18760681152344 1.0838747 1.7253217 0.64724255 2.4908416 1.3464316 13.680755 1.4758102893829346 0.1488814651966095
Car 0.0 0 1.6942024230957031 501.8813171386719 168.07955932617188 526.3766479492188 186.05319213867188 4.0097322 1.5187764 1.64354 -7.555724 0.38520402 62.704567 1.5742833614349365 0.48267269134521484
Car 0.0 0 -3.751732349395752 848.6962890625 176.1917266845703 1238.0 374.0 3.6159158 1.5357356 1.5927145 3.984861 1.5011184 5.6726794 -3.1393537521362305 0.4564637243747711
Car 0.0 0 2.0850095748901367 892.9204711914062 108.15799713134766 1238.0 374.0 4.1037264 1.609404 1.7005342 3.4770641 1.4390146 2.8797317 2.9641001224517822 0.2921927273273468
Car 0.0 0 2.2975168228149414 78.9780044555664 161.00503540039062 185.15060424804688 196.2779998779297 4.0861754 1.459398 1.6415828 -20.693514 0.61241513 31.861237 1.7215012311935425 0.24273614585399628
Car 0.0 0 -1.4605704545974731 591.114013671875 174.76968383789062 641.1456909179688 213.09413146972656 4.233272 1.5289369 1.6927607 0.68580186 1.2614368 30.864914 -1.4383546113967896 0.2399824857711792
Car 0.0 0 -0.9931699633598328 47.02069854736328 150.7324676513672 170.9022674560547 199.0420379638672 3.8350074 1.5237452 1.6703541 -16.715967 0.55440295 24.58796 -1.5902396440505981 0.21515734493732452
Car 0.0 0 -1.5700205564498901 652.7648315429688 169.57762145996094 671.6970825195312 186.0690460205078 3.9956143 1.4679184 1.6808642 5.6211658 0.4070982 65.99953 -1.4850558042526245 0.2002304047346115
Car 0.0 0 -0.9369540214538574 0.0 159.44786071777344 85.3053970336914 200.24545288085938 3.614505 1.6632396 1.6532255 -24.455305 0.7652079 31.115517 -1.6030702590942383 0.18664918839931488
Car 0.0 0 0.31607845425605774 0.0 145.79147338867188 71.44602966308594 222.99346923828125 4.039293 1.5153854 1.6606525 -14.278764 0.81571853 15.682903 -0.4224894344806671 0.18290327489376068
Car 0.0 0 1.7913119792938232 457.2335205078125 165.5959014892578 489.2030029296875 187.93959045410156 3.8401124 1.5950105 1.5310278 -9.441638 0.46031043 53.228443 1.6157584190368652 0.17660681903362274
