Pedestrian 0.0 0 -0.1218511164188385 813.16162109375 162.38333129882812 824.62451171875 182.89500427246094 0.9014787 1.7923363 0.59498084 18.335094 0.87775254 63.411476 0.15961718559265137 0.11451519280672073
Car 0.0 0 1.826346516609192 425.2511901855469 177.31149291992188 460.417724609375 198.2006378173828 4.079967 1.4972403 1.6174824 -12.640619 1.8480047 54.65589 1.599066138267517 0.8115934729576111
Car 0.0 0 1.542865514755249 804.5233764648438 163.34231567382812 825.6724853515625 183.3299560546875 4.2282553 1.6802632 1.6502714 17.827301 0.88101923 62.905464 1.8190226554870605 0.4000436067581177
Car 0.0 0 2.6272175312042236 910.076416015625 164.17840576171875 962.7503662109375 180.73011779785156 4.2390685 1.5274633 1.6358479 30.536222 0.7271998 67.58905 3.051561117172241 0.30269286036491394
Car 0.0 0 -0.4792022407054901 880.2772827148438 154.8539276123047 973.2550048828125 186.52264404296875 4.116839 1.5960747 1.6259674 16.301199 0.68924534 37.311665 -0.06730154156684875 0.2581644058227539
Car 0.0 0 2.344329833984375 0.0 177.5157470703125 73.93781280517578 203.6167449951172 4.063457 1.4620659 1.7086588 -34.67245 1.7556221 43.272453 1.6688214540481567 0.2555982172489166
Car 0.0 0 -1.1050306558609009 84.55064392089844 172.67495727539062 146.2457275390625 199.03952026367188 3.6297772 1.5374879 1.6476573 -30.103348 1.5274045 43.983723 -1.7052236795425415 0.2531907260417938
Car 0.0 0 -0.12226013839244843 701.7544555664062 169.47479248046875 749.9998779296875 187.15391540527344 4.2850494 1.6334814 1.7018614 10.806055 1.321614 67.59261 0.03626871109008789 0.24236680567264557
Car 0.0 0 2.391199827194214 1195.27734375 154.8245086669922 1242.0 201.78578186035156 4.1409264 1.670201 1.6549581 24.193998 1.0293314 26.50851 3.1309807300567627 0.24008925259113312
Car 0.0 0 -0.4773327708244324 775.3326416015625 163.94911193847656 825.0390014648438 182.07769775390625 4.0657554 1.621863 1.6820164 17.315527 0.82554924 65.81369 -0.2200639843940735 0.2065628468990326
Car 0.0 0 -0.47647348046302795 949.7634887695312 162.99887084960938 1005.614501953125 181.687255859375 3.9834218 1.5805254 1.5772879 31.452057 0.7474094 61.81983 -0.005834754556417465 0.1954178661108017
Car 0.0 0 -2.2098982334136963 1148.5609130859375 160.68350219726562 1229.9119873046875 187.56121826171875 4.0117955 1.512536 1.6811345 34.080982 0.8280023 42.635883 -1.5355539321899414 0.16448307037353516
Car 0.0 0 -0.5745999813079834 922.8665771484375 165.02755737304688 975.6019287109375 182.04928588867188 4.1198792 1.5290947 1.6585566 30.951841 0.82638705 65.91447 -0.13558658957481384 0.14998313784599304
Car 0.0 0 -0.6039279699325562 1001.520751953125 157.7744598388672 1068.7186279296875 180.53909301757812 3.9212966 1.6039331 1.634757 30.456993 0.54182744 51.79174 -0.07232920825481415 0.14293597638607025
