Pedestrian 0.0 0 -0.24076488614082336 812.1279907226562 162.13172912597656 827.7638549804688 187.82858276367188 0.994451 1.8751382 0.56864023 15.377976 1.093075 52.95384 0.041864633560180664 0.17099875211715698
Pedestrian 0.0 0 2.69813871383667 830.2747192382812 164.72943115234375 842.6752319335938 185.39306640625 0.90264565 1.863848 0.5999838 20.518976 1.1313736 65.43941 3.001986265182495 0.1252804696559906
Car 0.0 0 -1.5968117713928223 622.857177734375 178.70558166503906 670.9151611328125 222.60423278808594 3.6930394 1.4940611 1.6684426 1.2760149 1.7278355 26.91512 -1.5494383573532104 0.9410926103591919
Car 0.0 0 1.9409598112106323 286.24371337890625 183.04458618164062 408.2534484863281 247.16407775878906 4.154111 1.4904217 1.7007366 -6.9890733 1.7963648 19.535088 1.5973795652389526 0.878123939037323
Car 0.0 0 1.817659854888916 426.17694091796875 183.82643127441406 490.7064208984375 222.60430908203125 4.156449 1.4049503 1.6068457 -6.1354885 1.8851678 29.442698 1.6122125387191772 0.8640116453170776
Car 0.0 0 1.4219017028808594 771.1596069335938 169.12350463867188 798.02392578125 186.80955505371094 4.1054997 1.416955 1.5705068 14.43661 1.1184348 59.918316 1.6583335399627686 0.578485369682312
Car 0.0 0 1.4749014377593994 824.5390625 164.61558532714844 846.8887939453125 182.48204040527344 3.8463135 1.614188 1.6220257 20.98301 0.870225 67.234924 1.7774081230163574 0.23714548349380493
Car 0.0 0 2.220473289489746 402.99456787109375 189.83143615722656 465.0804138183594 214.27017211914062 4.2301435 1.3932512 1.6753844 -11.3188505 2.5428133 46.564594 1.9820196628570557 0.22218233346939087
Car 0.0 0 -0.7681910395622253 1075.752685546875 153.31935119628906 1161.1463623046875 180.4285125732422 4.1312637 1.5674088 1.6951754 30.14868 0.43830416 42.872322 -0.15530718863010406 0.17407837510108948
Car 0.0 0 1.3832792043685913 1053.3944091796875 155.61810302734375 1097.8846435546875 180.6816864013672 3.9860659 1.5229868 1.6618658 29.589647 0.47600707 46.00062 1.9548907279968262 0.1509406566619873
Car 0.0 0 0.9801519513130188 1031.44091796875 146.73947143554688 1154.4625244140625 193.02279663085938 4.1864624 1.5893648 1.7583555 17.767963 0.6929523 26.873648 1.5643372535705566 0.1433979570865631
Car 0.0 0 1.6598715782165527 531.1105346679688 179.87252807617188 560.9666137695312 203.72109985351562 4.147045 1.4764725 1.6160173 -4.2396474 1.9635794 47.963055 1.5717066526412964 0.1384711116552353
Car 0.0 0 1.291724681854248 940.1954345703125 157.7454376220703 984.12744140625 183.72947692871094 3.8772855 1.6582652 1.6190281 23.381807 0.69441485 48.094105 1.7442454099655151 0.12557709217071533
Car 0.0 0 -0.4221705198287964 828.6316528320312 164.78451538085938 880.9488525390625 182.42921447753906 4.0705504 1.5398533 1.6594254 21.665363 0.83598673 63.98623 -0.09569273889064789 0.12209516763687134
