Pedestrian 0.0 0 -2.234297037124634 649.4017333984375 144.08299255371094 719.2509155273438 296.31878662109375 0.70159763 1.8249569 0.5612397 0.9447664 1.3900819 8.917084 -2.1287407875061035 0.7336508631706238
Pedestrian 0.0 0 0.7197129130363464 729.262451171875 150.8788604736328 790.3956909179688 283.1484375 0.54985464 1.6247243 0.53434914 1.9337629 1.2625542 9.060125 0.9299943447113037 0.6323763132095337
Pedestrian 0.0 0 1.7848232984542847 712.7343139648438 142.3822021484375 745.8191528320312 231.7718505859375 0.32944867 1.652917 0.55789447 2.3012452 0.94971335 13.326603 1.9558175802230835 0.60188889503479
Pedestrian 0.0 0 0.9218910336494446 682.1353149414062 139.36605834960938 724.0184326171875 236.65956115722656 0.58185506 1.7400478 0.5168565 1.7595567 1.0060289 13.0207 1.0562126636505127 0.5836501717567444
Pedestrian 0.0 0 0.7879692912101746 616.4519653320312 139.0389862060547 661.8167114257812 245.35476684570312 0.5993357 1.8031418 0.5232868 0.55230105 1.1016011 12.384482 0.832535982131958 0.5823235511779785
Pedestrian 0.0 0 0.9133226871490479 595.2682495117188 138.37498474121094 632.2426147460938 232.2574005126953 0.51205075 1.8221219 0.5349206 0.13118385 1.0061682 14.083399 0.9226372241973877 0.45178788900375366
Pedestrian 0.0 0 -1.7168537378311157 510.5417785644531 142.19923400878906 536.4553833007812 211.41563415527344 0.7684745 1.7622586 0.5634446 -2.1682045 0.78870803 18.44087 -1.8338924646377563 0.35173505544662476
Pedestrian 0.0 0 0.7075439095497131 570.52685546875 150.01536560058594 620.5236206054688 249.4903106689453 0.5933027 1.6440917 0.62498504 -0.20524158 1.141902 12.110773 0.6905984878540039 0.33448484539985657
Pedestrian 0.0 0 0.88983553647995 548.4415893554688 143.63174438476562 596.3643188476562 238.86502075195312 0.6712381 1.7478405 0.6262557 -0.66381925 1.072827 13.430588 0.8404498100280762 0.3310159146785736
Pedestrian 0.0 0 -1.7827746868133545 687.5474853515625 152.11544799804688 712.9747314453125 209.6739959716797 0.9488064 1.7898335 0.6129197 2.9899137 0.9087457 22.478653 -1.6505396366119385 0.30767664313316345
Pedestrian 0.0 0 1.3002246618270874 540.2551879882812 139.2384796142578 573.8037719726562 231.6976776123047 0.5870703 1.807119 0.5320868 -1.0088774 1.0022919 14.180025 1.229196548461914 0.26509711146354675
Pedestrian 0.0 0 1.3808848857879639 551.8703002929688 145.23133850097656 576.677978515625 214.8888702392578 0.49203354 1.8140002 0.57197154 -1.1174536 0.89713234 18.716808 1.321252465248108 0.2544347047805786
Pedestrian 0.0 0 0.8638925552368164 598.7545776367188 139.21226501464844 631.3258666992188 209.94081115722656 0.71547544 1.8250846 0.5198961 0.2266617 0.7612823 18.681007 0.8760251998901367 0.2454112470149994
Pedestrian 0.0 0 0.6921022534370422 562.61181640625 137.96803283691406 591.0828857421875 208.1466827392578 0.56285983 1.8827953 0.5416143 -0.8050739 0.74330467 19.3501 0.6505205631256104 0.20929819345474243
Pedestrian 0.0 0 0.7435903549194336 504.1531066894531 128.11245727539062 565.767578125 239.20394897460938 0.95523614 1.9735116 0.6388234 -1.3426378 1.0445033 13.097273 0.6414344310760498 0.18744498491287231
Pedestrian 0.0 0 3.7421746253967285 62.373653411865234 145.59909057617188 114.28339385986328 205.47897338867188 1.0996025 1.7184638 0.5548743 -15.065836 0.71842957 20.580814 3.11027193069458 0.1484992653131485
Pedestrian 0.0 0 1.0733709335327148 479.187255859375 141.9092559814453 525.3580322265625 245.01597595214844 0.68391126 1.7955686 0.5649755 -1.9006008 1.125169 12.751141 0.9254069328308105 0.110874243080616
Cyclist 0.0 0 2.152742385864258 313.370361328125 156.94613647460938 335.86358642578125 191.8279571533203 1.0392802 1.6569469 0.52653956 -13.550488 0.53954405 34.143322 1.774936556816101 0.1116466298699379
Car 0.0 0 2.2057909965515137 0.0 149.2799835205078 112.10855865478516 200.2781524658203 3.9514883 1.6255242 1.6108658 -19.268578 0.6319611 24.53126 1.5399725437164307 0.3285558223724365
Car 0.0 0 3.976202964782715 0.0 85.2117919921875 257.1173095703125 370.0 4.4484096 1.8668461 1.7302879 -4.826901 1.4063163 4.3071203 3.133960008621216 0.16030286252498627
Car 0.0 0 -2.837283134460449 539.2818603515625 153.64117431640625 637.052490234375 191.3814239501953 3.8207247 1.526462 1.6379517 -0.7158878 0.44160837 29.90834 -2.8612146377563477 0.15344154834747314
Car 0.0 0 -1.245753526687622 315.9524230957031 141.60137939453125 411.1463623046875 197.2864227294922 4.243541 1.6833193 1.7189373 -7.910626 0.50900185 23.490574 -1.570582628250122 0.13827471435070038
Car 0.0 0 0.633737325668335 24.682079315185547 160.16232299804688 137.84620666503906 193.54656982421875 4.1383295 1.5562383 1.7197962 -25.003035 0.6096299 33.82064 -0.002869725227355957 0.12384259700775146
Car 0.0 0 0.9788877964019775 61.83274459838867 148.24493408203125 184.55128479003906 196.5771026611328 3.746852 1.529393 1.5936055 -16.249304 0.5102845 23.80317 0.379899263381958 0.11663739383220673
Car 0.0 0 -1.1117277145385742 143.6435546875 151.57872009277344 231.26844787597656 193.29783630371094 3.7609782 1.682507 1.7641823 -17.885159 0.5176224 30.448984 -1.6428169012069702 0.11365743726491928
