Pedestrian 0.0 0 0.5786449313163757 150.73341369628906 164.08644104003906 170.26583862304688 197.32530212402344 0.7418973 1.907512 0.6179302 -26.023495 1.4047174 41.72153 0.0209503173828125 0.17647685110569
Pedestrian 0.0 0 0.36546072363853455 83.03791809082031 167.25486755371094 103.32456970214844 196.8000946044922 0.8455888 1.7813003 0.5992918 -31.471245 1.4440829 43.89636 -0.2565470039844513 0.15075454115867615
Cyclist 0.0 0 -1.9971418380737305 1191.032470703125 166.3170623779297 1242.0 286.7898864746094 1.6827773 1.7542057 0.55278385 9.860437 1.6593791 11.388792 -1.2835452556610107 0.13155394792556763
Cyclist 0.0 0 0.9323991537094116 1025.3848876953125 160.0041046142578 1074.457275390625 217.84104919433594 1.6458437 1.8619431 0.51559037 14.604331 1.448625 24.068998 1.4777812957763672 0.11370207369327545
Car 0.0 0 0.6336780786514282 1.4048570394515991 186.28343200683594 239.78350830078125 258.0924072265625 4.1556206 1.4559845 1.6995687 -10.717459 1.7699045 15.910345 0.04087996482849121 0.8592566251754761
Car 0.0 0 -0.955921471118927 1172.73974609375 172.01719665527344 1242.0 271.82501220703125 3.8242133 1.4739722 1.5726151 11.487469 1.4619719 11.773854 -0.18283440172672272 0.671010434627533
Car 0.0 0 -1.2036620378494263 219.39291381835938 169.9858856201172 265.904296875 192.51295471191406 4.012004 1.540631 1.6226088 -26.14309 1.3448371 51.422264 -1.6740071773529053 0.27440571784973145
Car 0.0 0 0.5845251679420471 48.10132598876953 167.0229034423828 140.0343475341797 194.42042541503906 4.120528 1.5604905 1.6636219 -30.009916 1.2287244 41.99933 -0.03588820993900299 0.242741659283638
Car 0.0 0 -2.542656183242798 237.41026306152344 173.65647888183594 288.01922607421875 189.8611297607422 4.0136228 1.4731421 1.6092739 -32.152733 1.5490108 66.79591 -2.991279125213623 0.1927265226840973
Car 0.0 0 1.1779389381408691 685.978759765625 176.3802490234375 720.5462646484375 195.71353149414062 3.6847034 1.5232604 1.5306343 7.6358824 1.8243151 59.54719 1.3054753541946411 0.1540932059288025
