Pedestrian 0.0 0 -0.831027626991272 833.7615966796875 158.95713806152344 853.3651123046875 197.3267364501953 0.70817137 1.790088 0.5462846 10.990376 1.1421049 34.072556 -0.5190060138702393 0.11704125255346298
Cyclist 0.0 0 -2.9653995037078857 527.0022583007812 204.29005432128906 668.7136840820312 364.4374694824219 1.3919936 1.542876 0.64813805 -0.16133143 1.890656 7.5439672 -2.9867818355560303 0.24238109588623047
Car 0.0 0 1.9044002294540405 315.7469787597656 180.46975708007812 384.07177734375 216.55137634277344 4.130567 1.427495 1.534671 -11.295308 1.7821631 31.492123 1.5600217580795288 0.905556857585907
Car 0.0 0 1.8459019660949707 407.7978210449219 177.64273071289062 449.6107482910156 201.61392211914062 4.0527034 1.4316361 1.5405965 -11.521557 1.7506099 45.956295 1.6002581119537354 0.7745970487594604
Car 0.0 0 -1.5609928369522095 552.4851684570312 186.69093322753906 714.2301025390625 333.4388427734375 3.859289 1.4434407 1.67982 0.2550997 1.6621337 9.423215 -1.5339280366897583 0.7493364214897156
Car 0.0 0 1.5008606910705566 586.9449462890625 175.63246154785156 650.9182739257812 232.31414794921875 3.9362059 1.5375661 1.6351534 0.13837174 1.6295812 21.783646 1.50721275806427 0.3801858425140381
Car 0.0 0 -0.9972687363624573 172.5130615234375 170.35714721679688 221.63966369628906 192.5041961669922 4.024926 1.7855268 1.6378285 -34.422066 1.5845842 60.22254 -1.5165297985076904 0.22320589423179626
Car 0.0 0 1.9751827716827393 237.52993774414062 170.45297241210938 285.48980712890625 194.48158264160156 3.6995099 1.5692288 1.6078676 -23.636002 1.4127833 49.00254 1.5257607698440552 0.1601870208978653
Car 0.0 0 2.3821253776550293 0.0 185.3325653076172 19.56301498413086 309.05328369140625 3.491917 1.4733249 1.6084639 -11.051277 1.6890575 10.697047 1.580440878868103 0.1551261842250824
Car 0.0 0 2.0808446407318115 119.34176635742188 177.08242797851562 166.77223205566406 199.6644744873047 3.273958 1.6247475 1.5988476 -35.06586 1.9527781 54.22659 1.5068249702453613 0.13123007118701935
