Pedestrian 0.0 0 -1.5041627883911133 249.14454650878906 170.51690673828125 276.1318664550781 229.09315490722656 1.1497222 1.7489606 0.67534685 -10.722895 1.6795379 22.200249 -1.9541244506835938 0.4708564877510071
Pedestrian 0.0 0 0.5487295389175415 402.81964111328125 172.92312622070312 436.6885681152344 232.40689086914062 0.73158735 1.7451462 0.68430287 -5.7371078 1.7476153 21.599108 0.2891066074371338 0.37828806042671204
Pedestrian 0.0 0 -1.2338871955871582 159.64830017089844 168.2441864013672 213.94546508789062 243.80731201171875 1.6318097 1.7399905 0.63248307 -10.267208 1.6341983 17.473703 -1.7651246786117554 0.20941954851150513
Pedestrian 0.0 0 -1.6020994186401367 446.2030944824219 169.31385803222656 459.3673095703125 206.2427215576172 0.9387208 1.8130056 0.61035967 -7.875167 1.6395618 35.950523 -1.817748785018921 0.17338553071022034
Pedestrian 0.0 0 -2.643548011779785 480.0194091796875 165.48570251464844 494.6685485839844 195.0196075439453 0.7100581 1.8857331 0.6428074 -7.932304 1.4156269 46.48619 -2.8125579357147217 0.14204107224941254
Pedestrian 0.0 0 -1.3464468717575073 305.30975341796875 170.23023986816406 327.8911437988281 217.38034057617188 0.8911422 1.7557429 0.6115862 -11.159853 1.6583989 27.354662 -1.7338041067123413 0.13490676879882812
Pedestrian 0.0 0 -2.5551040172576904 414.9124755859375 169.18746948242188 444.1330261230469 216.42593383789062 0.92895025 1.8037094 0.5886339 -7.039599 1.6640676 27.980143 -2.8015811443328857 0.12162894010543823
Cyclist 0.0 0 -1.2338871955871582 159.64830017089844 168.2441864013672 213.94546508789062 243.80731201171875 1.6318097 1.7399905 0.63248307 -10.267208 1.6341983 17.473703 -1.7651246786117554 0.6118333339691162
Cyclist 0.0 0 -1.3991503715515137 244.8873291015625 169.94679260253906 278.1452331542969 228.2432098388672 1.6049465 1.7304754 0.66282225 -10.787456 1.6445358 22.278173 -1.8500914573669434 0.24150696396827698
Cyclist 0.0 0 1.689518690109253 403.7843933105469 167.58621215820312 431.2987976074219 228.79812622070312 1.3785737 1.7685115 0.6388474 -5.787375 1.6166744 21.571508 1.427403211593628 0.19011631608009338
Cyclist 0.0 0 -1.6144366264343262 427.906494140625 168.41455078125 445.1460876464844 215.9529266357422 1.352836 1.8123573 0.5947021 -6.8389845 1.6434648 28.237595 -1.852055311203003 0.1641721874475479
Cyclist 0.0 0 -1.3472604751586914 337.989013671875 172.177001953125 359.5625915527344 211.0460205078125 1.363751 1.7179946 0.6319206 -11.834401 1.6884297 32.60478 -1.6954386234283447 0.10164934396743774
Car 0.0 0 -1.5630123615264893 576.5078735351562 176.03030395507812 603.6238403320312 200.15150451660156 3.770673 1.3896502 1.5810591 -1.2348036 1.5919387 43.96749 -1.5910894870758057 0.7810868620872498
Car 0.0 0 1.6983364820480347 543.7409057617188 171.85939025878906 571.67578125 193.17617797851562 3.8517823 1.5150474 1.580768 -3.850002 1.4447141 53.245747 1.6261558532714844 0.7672736048698425
Car 0.0 0 1.3635435104370117 695.896728515625 182.12913513183594 724.1423950195312 198.57215881347656 4.1004863 1.3505583 1.6575272 8.775891 2.1973171 63.737694 1.5003708600997925 0.2516295611858368
Car 0.0 0 -0.9920045137405396 87.32333374023438 163.04867553710938 157.05625915527344 191.97622680664062 3.6988447 1.5735716 1.5146875 -27.738016 1.0405492 41.107147 -1.5855985879898071 0.11472578346729279
Car 0.0 0 -1.588135004043579 632.1213989257812 177.5004425048828 662.1484985351562 203.96653747558594 4.1045213 1.4230335 1.644061 2.0655692 1.7046801 41.60029 -1.5385229587554932 0.10331524908542633
Car 0.0 0 2.5028553009033203 0.0 174.53343200683594 87.85765075683594 243.86756896972656 3.911208 1.5377814 1.732721 -15.735384 1.5853875 18.199217 1.7899352312088013 0.10288853198289871
Car 0.0 0 1.7344166040420532 475.3757019042969 166.6639862060547 509.5667419433594 191.7861785888672 3.9662554 1.6084206 1.6303233 -7.8314877 1.2124697 48.178062 1.5732730627059937 0.10149489343166351
