Pedestrian 0.0 0 0.9508079290390015 185.64205932617188 154.33770751953125 302.28192138671875 345.4193115234375 0.9416504 1.71442 0.5592963 -3.4868073 1.4720948 6.9088674 0.48341870307922363 0.7412137985229492
Pedestrian 0.0 0 -1.926810622215271 687.1748046875 154.6678009033203 789.2367553710938 353.96502685546875 0.9508001 1.7187877 0.63780713 1.2002555 1.4887646 6.7171073 -1.7499903440475464 0.6220518350601196
Pedestrian 0.0 0 0.8748720288276672 859.3065185546875 155.05418395996094 926.3583374023438 266.4765319824219 0.8243832 1.7640541 0.6464299 4.756893 1.3466563 11.862128 1.2562532424926758 0.36763909459114075
Pedestrian 0.0 0 -1.9887166023254395 830.8034057617188 160.04556274414062 862.942138671875 216.57504272460938 1.02929 1.7182881 0.5767226 7.606329 1.0672705 22.370647 -1.6609656810760498 0.2794278860092163
Pedestrian 0.0 0 2.464998245239258 966.6965942382812 144.63951110839844 1064.978271484375 295.5299377441406 0.70691437 1.7056382 0.7333026 4.857236 1.2903254 8.53537 2.982365608215332 0.2489210069179535
Cyclist 0.0 0 1.9992214441299438 0.0 97.03205871582031 241.09803771972656 374.0 1.7743409 1.7313279 0.5940308 -2.3256645 1.4491285 3.3356607 1.3903687000274658 0.7560361623764038
Cyclist 0.0 0 -3.408294677734375 816.71142578125 160.17068481445312 871.1589965820312 217.66395568847656 1.5080897 1.7590715 0.55167085 7.487739 1.1075934 22.294237 -3.0842719078063965 0.36003580689430237
Cyclist 0.0 0 1.0714824199676514 762.63037109375 155.51502990722656 875.95703125 307.561767578125 1.6011838 1.69184 0.6317757 2.578557 1.4040564 8.839996 1.355299949645996 0.2997390925884247
Cyclist 0.0 0 -3.3481431007385254 761.6331787109375 160.2583770751953 844.4678344726562 253.35011291503906 1.532587 1.851536 0.59896463 4.0490303 1.4303002 14.632059 -3.0781755447387695 0.2671501040458679
Cyclist 0.0 0 -3.2888448238372803 675.1257934570312 154.26336669921875 804.7186279296875 346.0790100097656 1.0903089 1.6888106 0.6571269 1.2046835 1.450392 6.667421 -3.110091209411621 0.10419656336307526
Car 0.0 0 1.5191596746444702 601.2330322265625 169.99034118652344 621.9517211914062 186.6771697998047 4.1115637 1.4726285 1.6729311 0.9322875 0.4573016 65.47677 1.5333971977233887 0.7055131793022156
Car 0.0 0 1.6747627258300781 534.3267822265625 172.00440979003906 576.90771484375 204.80084228515625 4.2786345 1.5775197 1.7378868 -2.2865176 1.1216812 36.723305 1.612579584121704 0.6788809299468994
Car 0.0 0 2.579024314880371 0.0 0.0 1238.0 374.0 4.144346 1.5317312 1.692172 -2.790719 1.6918123 1.8423818 1.5917274951934814 0.4684866666793823
Car 0.0 0 -1.6117388010025024 577.7398071289062 168.33642578125 607.1898193359375 195.6384735107422 4.0664325 1.5571139 1.5900731 -0.57531583 0.8071515 43.03945 -1.6251051425933838 0.41063323616981506
Car 0.0 0 2.3518550395965576 0.0 191.20562744140625 78.44046020507812 374.0 3.9094012 1.4885324 1.5967797 -7.9506035 1.622183 7.826967 1.558620810508728 0.3304540514945984
Car 0.0 0 -0.2058318704366684 630.857177734375 166.1051483154297 684.5096435546875 187.36019897460938 3.8635757 1.6072657 1.6680111 4.3366137 0.4437035 55.389687 -0.12769845128059387 0.3259052038192749
Car 0.0 0 -1.522895097732544 643.556884765625 170.8179168701172 667.0447387695312 192.31185913085938 3.7747104 1.502411 1.5242914 3.957964 0.75637704 52.175404 -1.4471813440322876 0.21222767233848572
