Pedestrian 0.0 0 0.9963576793670654 0.0 159.65353393554688 93.69277954101562 341.96478271484375 0.67497146 1.7353877 0.58707863 -5.781533 1.6100928 7.2509756 0.32323741912841797 0.2274451106786728
Cyclist 0.0 0 1.8316813707351685 352.321533203125 171.23562622070312 393.3632507324219 238.77357482910156 1.2965304 1.6618875 0.6866532 -6.0845704 1.622423 18.419062 1.5126264095306396 0.15234774351119995
Cyclist 0.0 0 2.0867669582366943 0.0 164.69586181640625 115.30438232421875 362.4942626953125 1.3682088 1.7881594 0.5966139 -5.7078614 1.7147651 7.241478 1.419251799583435 0.1416507363319397
Car 0.0 0 1.7151302099227905 444.01324462890625 182.7244415283203 542.5700073242188 249.55612182617188 4.4603686 1.416582 1.8103145 -2.8388097 1.6964784 18.192207 1.560333251953125 0.9616429805755615
Car 0.0 0 1.364058494567871 681.698486328125 186.23312377929688 817.184326171875 278.1174011230469 4.3367276 1.422694 1.6571945 2.4545174 1.7234493 14.003029 1.5375803709030151 0.9434632062911987
Car 0.0 0 1.6466199159622192 532.2152099609375 180.11471557617188 570.8560791015625 215.4586181640625 3.5480182 1.5075245 1.5135816 -2.688816 1.8606987 33.280983 1.566003680229187 0.9356850385665894
Car 0.0 0 -1.6740068197250366 642.8887329101562 180.76071166992188 684.5493774414062 214.35409545898438 3.619182 1.440094 1.5602924 2.4127758 1.8290361 33.624706 -1.6023736000061035 0.849776029586792
Car 0.0 0 1.6814998388290405 528.9473266601562 169.18710327148438 551.8641967773438 186.73129272460938 3.9140449 1.5683572 1.6810572 -6.3996663 1.2409146 66.468155 1.5855140686035156 0.5174501538276672
Car 0.0 0 -1.7112857103347778 673.4171752929688 177.12100219726562 746.290771484375 237.69883728027344 3.4724429 1.5572026 1.5610075 2.7074876 1.6893206 20.534046 -1.5801883935928345 0.3215036690235138
Car 0.0 0 -1.6242529153823853 636.4439697265625 175.46632385253906 666.5889282226562 202.5272979736328 3.847916 1.5466973 1.6039957 2.431632 1.7116568 43.535126 -1.5684564113616943 0.14277859032154083
Car 0.0 0 0.06863425672054291 564.4400024414062 183.45053100585938 620.9966430664062 206.7310028076172 3.7022495 1.5112427 1.602816 -1.1643175 2.2372203 48.522884 0.04464364051818848 0.1356452852487564
Car 0.0 0 -1.631019115447998 629.6546020507812 174.0338134765625 650.61669921875 193.3668975830078 3.710874 1.4953951 1.4547278 2.3673344 1.5934954 57.90476 -1.5901585817337036 0.11406122148036957
Car 0.0 0 -0.22144146263599396 618.5543212890625 167.80331420898438 663.4367065429688 185.25091552734375 3.8162189 1.5648856 1.6866693 2.795405 1.1122429 65.88207 -0.1790364682674408 0.11247014254331589
Car 0.0 0 0.08273573219776154 445.17730712890625 169.01805114746094 495.137939453125 186.08811950683594 4.4755893 1.5751354 1.6994008 -13.095457 1.2215309 67.66382 -0.10843782126903534 0.1006784662604332
