Pedestrian 0.0 0 -0.26870429515838623 712.0615234375 168.19454956054688 742.87060546875 223.3862762451172 0.82536453 1.6960394 0.5708741 3.612061 1.553213 22.498907 -0.10951879620552063 0.2221846729516983
Pedestrian 0.0 0 -3.753295421600342 1168.7647705078125 134.03851318359375 1242.0 277.1532897949219 1.0568813 1.7190666 0.6008554 7.696057 1.2531803 9.013432 -3.046574354171753 0.12019583582878113
Cyclist 0.0 0 -1.7945828437805176 716.325927734375 165.45596313476562 743.3489990234375 222.54624938964844 1.2419748 1.7285391 0.5657554 3.6767929 1.5049046 22.4807 -1.63246488571167 0.21452990174293518
Car 0.0 0 1.6982414722442627 396.9680480957031 182.14622497558594 476.7591247558594 242.22206115722656 3.4391809 1.4345001 1.6766335 -4.64765 1.7102242 19.580936 1.4651981592178345 0.9232127070426941
Car 0.0 0 2.662402629852295 625.81689453125 171.53439331054688 696.4236450195312 197.19561767578125 4.156398 1.5739461 1.7118901 3.2198906 1.4933656 45.86522 2.7324910163879395 0.6764208078384399
Car 0.0 0 -0.6474665999412537 508.2114562988281 174.16441345214844 574.069091796875 201.09536743164062 3.6148682 1.5075635 1.6055263 -4.0497885 1.5881846 42.378304 -0.7427400350570679 0.6382832527160645
Car 0.0 0 0.09001563489437103 498.6285095214844 168.98255920410156 546.786865234375 185.76942443847656 4.3567185 1.5540606 1.6237825 -8.176549 1.1960142 67.67164 -0.03022829070687294 0.2804558277130127
Car 0.0 0 2.2673511505126953 0.0 175.62001037597656 51.797489166259766 248.19322204589844 3.744047 1.5208807 1.6577408 -15.557457 1.5943544 17.166706 1.531089425086975 0.1704249233007431
Car 0.0 0 1.9914393424987793 372.29803466796875 178.1244354248047 453.5378723144531 218.2933349609375 4.275159 1.4981546 1.6205126 -8.05192 1.7320586 29.73277 1.726973056793213 0.15036152303218842
Car 0.0 0 1.399665355682373 734.82177734375 164.22378540039062 764.4277954101562 186.3800048828125 3.9309719 1.7418107 1.7143716 11.295375 1.0637035 58.702297 1.5897599458694458 0.13205890357494354
