Car 0.0 0 -1.833221435546875 728.8079833984375 187.1211395263672 957.39404296875 333.97686767578125 4.2160144 1.3859992 1.6380672 2.6274312 1.6128877 9.336068 -1.5588890314102173 0.9253768920898438
Car 0.0 0 3.911926746368408 0.0 200.4935760498047 142.35972595214844 375.0 4.060743 1.4606307 1.6402352 -6.522601 1.726225 5.9848123 3.083557367324829 0.8611075282096863
Car 0.0 0 3.3173017501831055 346.3423156738281 177.16494750976562 486.2869873046875 224.64321899414062 4.155314 1.4601063 1.6057762 -6.216857 1.6057556 23.339571 3.056980609893799 0.8135544061660767
Car 0.0 0 2.88358736038208 733.5945434570312 174.52420043945312 861.9127807617188 219.51193237304688 4.202898 1.5700793 1.6595623 6.6727576 1.6327881 26.087534 3.1340017318725586 0.7632787823677063
Car 0.0 0 -1.5810825824737549 636.9594116210938 174.4342803955078 659.5565795898438 195.5641632080078 4.0755205 1.4824307 1.5939333 2.7580006 1.6033996 52.997665 -1.5290894508361816 0.7549635767936707
Car 0.0 0 0.3060382604598999 313.7767333984375 174.81411743164062 464.5876770019531 231.64048767089844 3.869522 1.5754019 1.6091315 -6.356767 1.6347373 20.882324 0.010541439056396484 0.7018870115280151
Car 0.0 0 0.24950282275676727 402.2100830078125 173.03439331054688 518.1176147460938 215.30252075195312 4.1362634 1.5900123 1.6476097 -5.8125153 1.5976166 28.063934 0.045273542404174805 0.631046712398529
Car 0.0 0 -0.18078768253326416 732.0543212890625 172.88510131835938 829.3198852539062 212.47015380859375 3.4783454 1.5066984 1.6428483 6.607487 1.5083184 28.366114 0.048067331314086914 0.6280158162117004
Car 0.0 0 -0.44754284620285034 856.6211547851562 178.61953735351562 1109.844970703125 257.2646789550781 4.1621804 1.4547267 1.6709715 7.217775 1.5767239 14.345989 0.01859879493713379 0.5246738791465759
Car 0.0 0 2.795644760131836 747.3089599609375 173.25746154785156 934.11865234375 238.9248046875 4.293637 1.6144537 1.6655823 5.8275814 1.6257722 18.67311 3.0981507301330566 0.4981380105018616
Car 0.0 0 3.7394723892211914 0.0 157.34005737304688 196.13153076171875 337.2205810546875 3.8721325 1.7903091 1.6523895 -7.20448 1.6362603 8.232444 3.0205671787261963 0.46191340684890747
Car 0.0 0 2.975369453430176 684.259033203125 173.8984375 766.6842651367188 204.0396728515625 4.0715075 1.5526352 1.6780787 6.0117264 1.6093665 38.083267 3.131934881210327 0.4437461793422699
Car 0.0 0 3.6107470989227295 50.42160415649414 188.67977905273438 380.3258056640625 295.3597717285156 4.0377045 1.4280828 1.5676625 -5.7335973 1.6819698 10.728979 3.119957447052002 0.4336986541748047
