Pedestrian 0.0 0 -0.4956952929496765 922.439208984375 161.82435607910156 969.1923217773438 235.00120544433594 0.856431 1.6776106 0.49215576 7.7688684 1.4251093 16.811289 -0.06280644237995148 0.5611570477485657
Pedestrian 0.0 0 -0.28969302773475647 765.3809814453125 164.3643341064453 792.1056518554688 206.76913452148438 0.9948235 1.7639353 0.48456702 7.0377316 1.4111443 30.28378 -0.06135325878858566 0.17927636206150055
Pedestrian 0.0 0 2.77786922454834 788.7626953125 164.6270294189453 800.8430786132812 184.3634033203125 0.950887 1.8062634 0.5260952 16.972717 1.0536911 66.347145 3.0283150672912598 0.13061653077602386
Pedestrian 0.0 0 -0.4689903259277344 890.4838256835938 157.2036590576172 950.8815307617188 244.15919494628906 0.92231447 1.612196 0.5023077 5.8204985 1.3223894 13.655957 -0.06608327478170395 0.12200932949781418
Cyclist 0.0 0 -2.1508336067199707 882.1574096679688 153.93714904785156 958.2002563476562 251.04689025878906 1.7370979 1.7384077 0.45127583 5.843043 1.4001261 13.808741 -1.7505385875701904 0.8034196496009827
Cyclist 0.0 0 -1.7097517251968384 771.0039672851562 166.46456909179688 789.135009765625 208.69989013671875 1.5204066 1.735916 0.5358403 7.1231313 1.4736613 30.434597 -1.4798429012298584 0.19301246106624603
Car 0.0 0 2.709580421447754 844.0933227539062 178.9241180419922 914.100341796875 206.0388946533203 3.8852854 1.6869204 1.6184145 17.193579 2.0845854 46.269333 3.0653650760650635 0.3189440369606018
Car 0.0 0 2.868729591369629 761.04736328125 161.24473571777344 810.611083984375 180.19906616210938 4.1613255 1.737758 1.7404531 16.30339 0.6737625 67.0902 3.1071159839630127 0.20114296674728394
Car 0.0 0 -1.104326605796814 662.3772583007812 170.69532775878906 704.237060546875 190.31080627441406 4.05662 1.4881665 1.6347647 5.7917333 1.3247519 56.88771 -1.002866268157959 0.18169695138931274
Car 0.0 0 1.5634921789169312 647.8451538085938 168.67147827148438 664.7071533203125 185.44065856933594 3.806889 1.5119641 1.5182021 4.2615123 1.1352105 66.99655 1.6270145177841187 0.16063039004802704
Car 0.0 0 -0.32067054510116577 706.7473754882812 164.3622283935547 755.809814453125 183.29812622070312 4.1705923 1.7325424 1.7357552 11.257502 0.95594454 67.19326 -0.15467306971549988 0.1599576473236084
Car 0.0 0 1.3329048156738281 876.1127319335938 158.18272399902344 925.974365234375 192.22586059570312 3.964398 1.7462659 1.6055485 15.659124 0.994051 39.085472 1.713961124420166 0.1163935512304306
