Pedestrian 0.0 0 -0.9520959854125977 424.6553955078125 163.5965576171875 449.7972717285156 207.89315795898438 0.79092807 1.7203525 0.62470645 -6.650381 1.0653749 27.938606 -1.1857826709747314 0.5332152247428894
Pedestrian 0.0 0 0.22794365882873535 412.55426025390625 166.9317626953125 431.01312255859375 208.05142211914062 0.634139 1.6894542 0.55119723 -7.619873 1.1334739 29.328875 -0.026244431734085083 0.2909489572048187
Pedestrian 0.0 0 -2.7594003677368164 365.0130615234375 167.07093811035156 376.6445007324219 188.6771240234375 0.7398762 1.7511598 0.57336044 -19.065212 0.66397345 57.60991 -3.0789921283721924 0.24403496086597443
Pedestrian 0.0 0 2.719757080078125 853.5734252929688 145.4927978515625 882.14990234375 191.86094665527344 0.95320064 1.877397 0.5515168 10.729296 0.46148467 28.929596 3.0749073028564453 0.19958411157131195
Pedestrian 0.0 0 2.644412040710449 860.66845703125 148.7345733642578 890.1205444335938 195.2478790283203 0.9750539 1.841286 0.5113744 10.797864 0.5853111 28.302372 3.008884906768799 0.19651734828948975
Pedestrian 0.0 0 -1.5576002597808838 338.8544006347656 168.37181091308594 357.39947509765625 218.14804077148438 1.179993 1.7364192 0.610826 -9.218978 1.3148625 25.31779 -1.906807541847229 0.18645691871643066
Cyclist 0.0 0 -1.3095585107803345 320.6971435546875 166.25453186035156 352.6517028808594 220.2007598876953 1.868233 1.8400655 0.60022616 -9.522813 1.3556976 25.071709 -1.672550916671753 0.5524410605430603
Cyclist 0.0 0 -2.1836657524108887 1056.776611328125 128.63356018066406 1130.1778564453125 211.3040008544922 1.6774489 1.745053 0.45982358 10.808945 0.65184844 15.7611685 -1.5825363397598267 0.21887768805027008
Cyclist 0.0 0 -1.4716696739196777 519.7216796875 161.20916748046875 535.9412231445312 204.10926818847656 1.3628012 1.8132443 0.5673513 -3.3492336 0.99936616 30.56385 -1.5808156728744507 0.19555944204330444
Cyclist 0.0 0 -2.077972888946533 1077.178955078125 143.04605102539062 1129.1129150390625 201.2868194580078 1.6642182 1.6396831 0.4964653 14.561046 0.5867964 20.754438 -1.4661827087402344 0.19000576436519623
Car 0.0 0 -1.3916606903076172 465.3065490722656 172.74400329589844 535.4107055664062 219.75164794921875 4.031256 1.4301461 1.6124413 -3.4172802 1.1957388 23.548708 -1.5357701778411865 0.9619525074958801
Car 0.0 0 -0.4906008243560791 944.902587890625 155.6202850341797 1009.388671875 176.55508422851562 4.0808086 1.567586 1.6201175 28.436356 -0.3050655 54.072433 -0.006453442387282848 0.6014936566352844
Car 0.0 0 -0.6143367886543274 987.6048583984375 150.45977783203125 1080.737548828125 179.2259063720703 4.3027544 1.5728369 1.6592654 24.058329 -0.071962774 39.71866 -0.06972308456897736 0.5873192548751831
Car 0.0 0 -0.5297275185585022 925.3582763671875 156.64479064941406 987.5889282226562 176.03211975097656 4.2277927 1.5145606 1.6083351 28.129835 -0.3625448 56.61485 -0.06859251856803894 0.5202663540840149
Car 0.0 0 -1.2070122957229614 338.3757019042969 168.31227111816406 378.95635986328125 190.0070343017578 3.9146082 1.5848672 1.6216118 -18.62073 0.6957954 53.627502 -1.541211485862732 0.30978888273239136
Car 0.0 0 -0.4181247651576996 905.7528076171875 154.53579711914062 996.1702880859375 183.90110778808594 4.195823 1.5964546 1.6855055 19.188982 0.18630296 39.35085 0.03558468818664551 0.30531179904937744
Car 0.0 0 2.502326250076294 973.61181640625 153.46791076660156 1057.6583251953125 179.9785919189453 4.155838 1.5299925 1.6263767 24.289042 -0.030303057 41.885883 3.027824878692627 0.30067262053489685
Car 0.0 0 -1.2238752841949463 357.85028076171875 166.986572265625 394.2525634765625 187.80126953125 4.0575237 1.6819733 1.6176167 -19.098366 0.5912204 59.18517 -1.5360149145126343 0.29474321007728577
Car 0.0 0 -0.9330418109893799 1080.5028076171875 155.54969787597656 1145.641845703125 178.067138671875 4.2254586 1.5909511 1.6838734 37.161232 -0.18165827 51.710487 -0.3099149167537689 0.2889447510242462
Car 0.0 0 -0.4065515995025635 842.5873413085938 161.2174072265625 902.4058837890625 179.80198669433594 4.1855745 1.4621236 1.5970771 21.391443 -0.055521067 56.581196 -0.045095380395650864 0.27147719264030457
Car 0.0 0 -0.8180639147758484 1046.092529296875 155.0255889892578 1106.15966796875 175.90316772460938 3.809871 1.5487795 1.6864626 36.149445 -0.35969886 54.25638 -0.23033542931079865 0.22625184059143066
