Car 0.0 0 2.0609023571014404 89.3305892944336 200.10372924804688 336.6262512207031 322.19512939453125 4.179948 1.4447721 1.6438684 -6.0619707 1.9612405 11.5672 1.578188180923462 0.9195299744606018
Car 0.0 0 1.7507364749908447 476.7804260253906 183.95286560058594 517.9290771484375 213.46629333496094 3.8330476 1.4840676 1.5756887 -6.1754384 2.1244845 39.671513 1.5963115692138672 0.8996050953865051
Car 0.0 0 1.7426053285598755 454.2164001464844 183.7702178955078 499.5470275878906 217.5875701904297 3.4642758 1.468921 1.5444435 -6.294786 2.0130858 34.20181 1.560593843460083 0.8727570176124573
Car 0.0 0 -1.0987393856048584 208.6647491455078 191.95687866210938 272.8680419921875 220.7721405029297 3.9381943 1.4542537 1.6346749 -20.925497 2.5920897 40.99197 -1.5707341432571411 0.8599349856376648
Car 0.0 0 -1.830110788345337 814.11328125 183.93702697753906 1106.4393310546875 375.0 3.5902467 1.4418467 1.5475103 2.9891121 1.579603 7.0560527 -1.4294062852859497 0.7851126790046692
Car 0.0 0 1.9946151971817017 258.3809509277344 190.5455780029297 319.544921875 220.2554473876953 4.0781655 1.5040022 1.6432079 -18.193153 2.5598943 41.002285 1.5770037174224854 0.7036342620849609
Car 0.0 0 -1.7813701629638672 805.3252563476562 164.07266235351562 835.16015625 182.2231903076172 4.0679145 1.539001 1.6929924 18.371145 0.7947798 63.266735 -1.4987659454345703 0.4807060956954956
Car 0.0 0 -1.7209506034851074 642.9400634765625 174.47341918945312 684.9338989257812 205.85165405273438 3.9213774 1.5491177 1.6171721 2.7374365 1.6389499 37.844967 -1.6487433910369873 0.4144535958766937
Car 0.0 0 -2.0423672199249268 109.79145812988281 188.244140625 174.83267211914062 217.4727783203125 3.801818 1.5376397 1.5652786 -26.817013 2.4536397 41.29756 -2.618292808532715 0.36455604434013367
Car 0.0 0 -1.0455057621002197 163.82321166992188 195.2349395751953 232.17556762695312 223.66526794433594 3.9691541 1.4250609 1.6248808 -23.518572 2.7679636 41.288853 -1.563280463218689 0.2589619755744934
Car 0.0 0 1.275164008140564 929.5789794921875 164.6640625 962.3027954101562 181.7280731201172 4.061731 1.5391123 1.6461052 31.223265 0.8007666 67.20285 1.7101027965545654 0.2500864267349243
