Pedestrian 0.0 0 -3.163922071456909 745.7800903320312 162.3159942626953 767.0098266601562 198.4213104248047 0.99657714 1.7336546 0.519732 7.0555325 1.2280135 34.986446 -2.964926242828369 0.25387734174728394
Car 0.0 0 -1.6862918138504028 656.5042724609375 176.74609375 714.0838012695312 221.28041076660156 3.7031906 1.4099488 1.5520061 2.4943678 1.5553957 25.030712 -1.5869674682617188 0.9569578170776367
Car 0.0 0 -1.8593465089797974 737.247802734375 189.82720947265625 983.2426147460938 346.9403381347656 3.8117166 1.3629117 1.6188208 2.5961967 1.6100818 8.57922 -1.5654927492141724 0.9508445262908936
Car 0.0 0 1.4007269144058228 671.1259155273438 184.2408447265625 761.5396728515625 245.55117797851562 4.2188954 1.367415 1.629352 2.6244473 1.7016425 19.018064 1.5378583669662476 0.9434756636619568
Car 0.0 0 1.9434211254119873 146.3332977294922 182.94924926757812 436.6268005371094 357.1354064941406 4.0782957 1.5037557 1.6520497 -3.4005685 1.6518174 8.508753 1.5632119178771973 0.8885814547538757
Car 0.0 0 1.7385026216506958 438.7972106933594 181.76756286621094 522.7001342773438 238.38720703125 3.8487916 1.341621 1.6188406 -3.4527962 1.6083672 19.631392 1.5644018650054932 0.6985336542129517
Car 0.0 0 1.4994378089904785 652.5587768554688 174.3085174560547 700.384765625 214.14064025878906 4.17157 1.5085573 1.6414932 2.6136415 1.572775 29.576544 1.5875775814056396 0.5337504148483276
Car 0.0 0 -0.890605628490448 0.0 131.77163696289062 182.97540283203125 242.84011840820312 3.9586632 1.9206843 1.8021787 -10.757609 1.2106133 14.489711 -1.5292448997497559 0.17895567417144775
Car 0.0 0 1.8495734930038452 430.44696044921875 170.390869140625 464.2521667480469 190.81686401367188 3.9067013 1.6202259 1.6989405 -13.331434 1.4252024 59.22974 1.6281828880310059 0.12339017540216446
Car 0.0 0 -2.6464030742645264 0.0 0.0 1242.0 375.0 3.9740283 1.4704447 1.6527401 2.752668 1.5740799 1.6029475 -1.602928638458252 0.10584066063165665
