Pedestrian 0.0 0 2.687960147857666 908.3616943359375 159.5984649658203 934.3159790039062 202.0460662841797 0.83507425 1.799114 0.61537325 13.290921 1.2376447 30.90632 3.0940909385681152 0.15201406180858612
Car 0.0 0 2.1010637283325195 153.80126953125 185.13201904296875 256.7189636230469 226.35690307617188 4.1182613 1.4295572 1.6655178 -15.79108 1.9474108 28.33191 1.5925871133804321 0.9576455354690552
Car 0.0 0 1.9842636585235596 303.99755859375 182.18682861328125 359.9347229003906 209.7310791015625 3.802854 1.4563228 1.6017164 -15.914537 2.0171988 41.395382 1.6172322034835815 0.9559211730957031
Car 0.0 0 1.9532179832458496 387.59747314453125 174.60836791992188 422.0169677734375 190.3164825439453 4.2535334 1.4185988 1.6461452 -19.267 1.5892963 67.85289 1.676547884941101 0.43166086077690125
Car 0.0 0 1.962803602218628 378.2599792480469 171.4665985107422 414.1750183105469 189.68345642089844 4.059911 1.5510917 1.6040558 -18.798512 1.4333163 63.53569 1.6751371622085571 0.2857789993286133
Car 0.0 0 -0.25312530994415283 748.2801513671875 164.42019653320312 795.8645629882812 182.87538146972656 3.9771576 1.6716964 1.6400164 14.835208 0.90810716 66.23987 -0.0327991358935833 0.20062829554080963
Car 0.0 0 1.38944673538208 825.7638549804688 164.6366424560547 851.4793701171875 183.65289306640625 3.6718743 1.6870499 1.5994028 20.837368 0.9583943 65.93054 1.6955628395080566 0.11527601629495621
Car 0.0 0 2.220444679260254 0.0 172.2303009033203 72.95043182373047 202.8026123046875 3.912848 1.5654002 1.7400051 -31.296242 1.5338228 38.921963 1.5432229042053223 0.11425503343343735
Car 0.0 0 -0.7379786968231201 8.801487922668457 173.44305419921875 93.4660415649414 201.11488342285156 3.9847023 1.6242115 1.7623733 -34.437553 1.6626716 44.55356 -1.3960050344467163 0.11174933612346649
Car 0.0 0 1.5558887720108032 768.752685546875 165.65953063964844 788.4972534179688 186.0668487548828 4.068925 1.7107403 1.6031255 14.589067 1.1079876 62.64186 1.7847063541412354 0.1114494577050209
