Pedestrian 0.0 0 -1.904472827911377 778.2740478515625 166.82273864746094 806.6298217773438 222.41842651367188 0.954387 1.7597455 0.60819185 5.847631 1.5691988 23.337885 -1.6589635610580444 0.4902573823928833
Pedestrian 0.0 0 -0.2754921317100525 738.890380859375 166.4100799560547 754.2364501953125 191.82553100585938 0.9625425 1.7746521 0.48601618 9.558527 1.3250582 50.66397 -0.0890187919139862 0.130446195602417
Pedestrian 0.0 0 -3.058828830718994 671.7327270507812 172.03878784179688 686.386474609375 197.4835205078125 0.9953899 1.7864726 0.47213265 4.852082 1.7295943 50.97668 -2.9639322757720947 0.12249642610549927
Pedestrian 0.0 0 -2.414430618286133 131.2457275390625 170.4786834716797 148.84402465820312 196.80796813964844 0.81123126 1.8104455 0.62536335 -32.581913 1.647472 49.980988 -2.9921305179595947 0.10562694072723389
Pedestrian 0.0 0 -0.40372908115386963 687.4486694335938 168.71054077148438 709.5242309570312 204.69090270996094 0.9570489 1.7722056 0.53641975 4.366538 1.568478 35.92752 -0.2827848494052887 0.10515353083610535
Cyclist 0.0 0 -1.7517693042755127 675.2210083007812 172.252685546875 687.0070190429688 196.8896942138672 1.5808161 1.7159346 0.55269045 4.997995 1.6744107 51.062065 -1.6541993618011475 0.25215283036231995
Cyclist 0.0 0 -1.8561220169067383 773.083251953125 164.8263397216797 804.4142456054688 220.8970947265625 1.3793453 1.7629873 0.6190635 5.734153 1.5109379 23.386839 -1.6156781911849976 0.23859438300132751
Cyclist 0.0 0 -1.5863008499145508 691.7177734375 168.73019409179688 703.2154541015625 205.4294891357422 1.5059198 1.7926191 0.54381263 4.3225694 1.5915453 36.018692 -1.4668630361557007 0.18792995810508728
Car 0.0 0 -1.665149211883545 712.4169921875 169.6052703857422 734.3834228515625 186.84527587890625 4.087023 1.4970334 1.5634271 10.123049 1.2152884 64.73906 -1.5100383758544922 0.3791252076625824
Car 0.0 0 0.9332176446914673 1119.3907470703125 161.27801513671875 1194.0120849609375 186.96633911132812 4.1705036 1.5934669 1.7087151 35.3586 0.87575704 46.847664 1.579756259918213 0.16323915123939514
Car 0.0 0 1.231935739517212 949.8765258789062 147.33189392089844 1032.403564453125 194.0577850341797 3.8271654 1.6563047 1.5921834 14.4129095 0.7519742 27.581116 1.713471531867981 0.14577160775661469
Car 0.0 0 2.0336952209472656 289.3594665527344 174.4947052001953 334.4992980957031 194.32354736328125 4.136612 1.5382327 1.713417 -24.107338 1.676329 58.446842 1.6424885988235474 0.140193372964859
Car 0.0 0 2.109076976776123 101.31767272949219 171.86737060546875 160.36566162109375 194.19949340820312 3.8538704 1.4645648 1.6122742 -32.67667 1.4002182 49.27937 1.5235545635223389 0.11456631869077682
Car 0.0 0 0.9597781896591187 1043.4063720703125 151.87921142578125 1148.2666015625 198.0562744140625 3.2085972 1.5740378 1.600593 17.493748 0.8594281 26.21425 1.5482449531555176 0.11032494902610779
Car 0.0 0 2.1298482418060303 83.38710021972656 172.980224609375 135.55706787109375 197.31588745117188 3.1723602 1.6533289 1.56641 -35.111782 1.662833 50.655582 1.5237361192703247 0.10896212607622147
Car 0.0 0 -1.5389888286590576 662.7847290039062 173.48281860351562 685.3936157226562 194.8990936279297 3.551147 1.4945023 1.5227783 4.6450167 1.542068 52.311707 -1.4504261016845703 0.10800528526306152
