Pedestrian 0.0 0 -0.4271193742752075 1028.936767578125 151.80178833007812 1055.5704345703125 187.1093292236328 1.0851191 1.8691953 0.56065714 23.044273 0.7550402 38.534878 0.11183619499206543 0.2051766961812973
Pedestrian 0.0 0 -0.4998123049736023 1021.4860229492188 154.0814666748047 1045.1796875 186.87890625 0.9592417 1.7798475 0.5744462 23.109573 0.76145995 39.455074 0.03004002571105957 0.14287921786308289
Pedestrian 0.0 0 -0.10449852049350739 783.61474609375 160.89247131347656 797.6309204101562 186.16168212890625 0.9091112 1.7848604 0.5971094 12.816 0.94032943 51.321377 0.14021706581115723 0.11399096995592117
Cyclist 0.0 0 0.118634432554245 860.2632446289062 165.17369079589844 876.5839233398438 185.32591247558594 1.3958462 1.8856652 0.53586024 24.359278 1.1673671 68.063446 0.46232151985168457 0.10609263181686401
Car 0.0 0 -1.5648291110992432 576.9807739257812 177.02418518066406 602.2921142578125 201.4143829345703 3.8612866 1.4687111 1.5475892 -1.3219889 1.7465489 46.06006 -1.5935226678848267 0.8526317477226257
Car 0.0 0 1.3518208265304565 770.0831298828125 162.42510986328125 804.9013061523438 184.27793884277344 4.0591283 1.5502702 1.6446584 13.018219 0.8107884 53.23047 1.591676115989685 0.4715215563774109
Car 0.0 0 -0.574836790561676 733.3158569335938 162.6160888671875 790.9041748046875 183.909912109375 4.24524 1.6613632 1.7611576 12.174919 0.8629496 57.876682 -0.3675001561641693 0.2547570466995239
Car 0.0 0 -0.6629434823989868 1006.773681640625 153.33154296875 1098.1292724609375 183.28358459472656 4.0788226 1.5907491 1.6861883 24.080585 0.5542722 39.38805 -0.11420723795890808 0.20829153060913086
Car 0.0 0 -0.851454496383667 855.3514404296875 162.07115173339844 910.3724365234375 183.58152770996094 4.074688 1.5997769 1.6813818 20.918839 0.7981879 55.36055 -0.4901740252971649 0.2079968899488449
Car 0.0 0 -0.7162177562713623 977.1839599609375 158.09544372558594 1041.7666015625 180.12765502929688 4.1884727 1.6222087 1.6750851 30.065727 0.5359093 54.381195 -0.2111738622188568 0.20795822143554688
Car 0.0 0 -3.044806957244873 864.3492431640625 163.7074432373047 913.9366455078125 181.0360870361328 4.1565447 1.5705183 1.6814781 25.925606 0.7419107 67.07555 -2.675980567932129 0.19599443674087524
Car 0.0 0 1.1852606534957886 899.045654296875 161.1833953857422 946.691650390625 184.39520263671875 3.7393544 1.4780605 1.6025461 20.647814 0.73526806 47.829567 1.592788815498352 0.1343715935945511
Car 0.0 0 -3.2059106826782227 806.910400390625 162.04315185546875 872.2757568359375 184.9740447998047 4.0427384 1.4848107 1.6497396 15.186769 0.78514963 48.003334 -2.8995048999786377 0.13318966329097748
Car 0.0 0 -1.5555648803710938 612.9601440429688 175.0338134765625 634.3317260742188 196.04124450683594 3.906205 1.5724773 1.6125869 1.069504 1.7492027 56.39711 -1.536603331565857 0.12744922935962677
Car 0.0 0 -2.0120768547058105 1006.9646606445312 159.3461151123047 1057.773681640625 182.9984588623047 3.9556115 1.6098084 1.5621451 29.839668 0.69080186 51.14414 -1.4839210510253906 0.11265788227319717
