Pedestrian 0.0 0 1.419628620147705 757.1141967773438 166.60313415527344 779.096923828125 217.239990234375 1.0802034 1.8409044 0.63947463 5.818437 1.6140122 26.78786 1.633510708808899 0.27214598655700684
Pedestrian 0.0 0 -0.20561692118644714 682.9862670898438 171.35313415527344 704.7412109375 203.93563842773438 1.0817584 1.7313939 0.47725973 4.450643 1.6519973 38.625614 -0.09089765697717667 0.14730432629585266
Pedestrian 0.0 0 0.27428632974624634 718.1398315429688 168.36021423339844 729.8135986328125 188.6341094970703 0.9410916 1.8597714 0.588538 10.510053 1.4479024 66.6494 0.43069005012512207 0.11906097829341888
Pedestrian 0.0 0 -3.094496965408325 722.1400146484375 166.6551055908203 735.2160034179688 191.8302764892578 0.9455697 1.8777057 0.5216022 8.884478 1.4157138 54.167103 -2.931924819946289 0.11466661840677261
Pedestrian 0.0 0 3.6962833404541016 56.038455963134766 165.2174835205078 76.5068588256836 195.8195343017578 0.7540358 1.755064 0.5775431 -31.45592 1.3174591 41.700367 3.050015449523926 0.11395125091075897
Cyclist 0.0 0 -1.7701075077056885 684.4708251953125 169.7179412841797 700.4871826171875 203.6816864013672 1.6944165 1.7936358 0.53175485 4.4096947 1.6283776 38.96893 -1.6574275493621826 0.4115605652332306
Cyclist 0.0 0 -1.7724846601486206 755.4130249023438 168.94598388671875 778.5152587890625 217.28692626953125 1.4166019 1.7498269 0.5637261 5.781601 1.608724 26.826435 -1.5602127313613892 0.10000447928905487
Car 0.0 0 2.1465957164764404 121.10183715820312 173.94427490234375 169.507568359375 196.3233184814453 3.2308853 1.6320387 1.5616263 -35.005363 1.7170367 54.393112 1.5747593641281128 0.21538077294826508
Car 0.0 0 2.40016508102417 0.0 167.99981689453125 77.40901184082031 199.24806213378906 3.8801918 1.7257918 1.7278073 -33.431362 1.4580606 41.897366 1.726684808731079 0.1741282045841217
Car 0.0 0 2.5912678241729736 696.5259399414062 170.10394287109375 738.1752319335938 187.63600158691406 3.5221133 1.5970523 1.5906615 9.970482 1.3468974 67.146645 2.7386789321899414 0.14619408547878265
Car 0.0 0 1.0316972732543945 992.696044921875 152.2768096923828 1077.1591796875 192.57177734375 3.2179787 1.5793445 1.5795552 17.471834 0.77318764 29.894583 1.560603141784668 0.14153572916984558
Car 0.0 0 3.6690070629119873 0.0 167.1485137939453 70.10779571533203 197.82595825195312 4.0898514 1.5696685 1.681647 -31.275585 1.2780951 38.0725 2.9813084602355957 0.11210855841636658
Car 0.0 0 1.2768981456756592 910.4893798828125 149.18002319335938 977.7354736328125 191.62599182128906 3.764687 1.7312353 1.6218808 14.40924 0.766008 31.401543 1.707104206085205 0.10788235068321228
Car 0.0 0 1.0143554210662842 1049.2237548828125 165.1511993408203 1106.677978515625 186.2642822265625 4.2215977 1.5472621 1.6946007 35.56103 0.98312354 55.000076 1.588310956954956 0.10358481109142303
Car 0.0 0 -1.6315258741378784 683.4462890625 172.69139099121094 705.5181274414062 194.05319213867188 3.808912 1.7686782 1.6406444 7.170792 1.7555709 61.684566 -1.5157959461212158 0.103424072265625
