Pedestrian 0.0 0 2.769348621368408 746.9431762695312 165.79266357421875 758.6475219726562 185.8682861328125 0.8888902 1.818705 0.59869367 12.9885845 1.1793559 65.73631 2.9644219875335693 0.13331998884677887
Pedestrian 0.0 0 1.6647529602050781 811.28515625 164.30686950683594 821.3612670898438 189.8135223388672 0.4704117 1.761127 0.6323772 14.31279 1.1713408 50.15046 1.9427592754364014 0.13279154896736145
Pedestrian 0.0 0 2.907569646835327 747.3178100585938 166.493408203125 758.1497802734375 186.38302612304688 0.83337086 1.7829647 0.63082474 12.838255 1.2131388 65.00944 3.102543830871582 0.11322218179702759
Pedestrian 0.0 0 -2.2457964420318604 1087.9376220703125 136.01942443847656 1166.417236328125 228.74560546875 1.4148678 1.7911493 0.5226323 10.418501 1.0799905 14.656046 -1.6278142929077148 0.1020641028881073
Cyclist 0.0 0 -2.238643169403076 1083.1865234375 137.6609649658203 1168.15673828125 230.21971130371094 1.5788132 1.7786264 0.5386046 10.386105 1.102708 14.664708 -1.622409701347351 0.4132775664329529
Cyclist 0.0 0 -2.082171678543091 877.6822509765625 157.19296264648438 917.4736938476562 214.25830078125 1.5312362 1.7349185 0.47171733 8.992019 1.2591445 22.724005 -1.7053728103637695 0.13528989255428314
Car 0.0 0 1.7790062427520752 369.51239013671875 190.38632202148438 545.2193603515625 320.91253662109375 4.0775228 1.5035369 1.7365277 -2.1158984 1.8190198 10.913166 1.587497353553772 0.9516931772232056
Car 0.0 0 1.337009072303772 751.9598388671875 167.05398559570312 807.2659301757812 201.37637329101562 3.9949708 1.4852846 1.5828809 7.6946893 1.2346497 33.223797 1.5645982027053833 0.376823365688324
Car 0.0 0 -1.1008050441741943 747.93896484375 166.6082763671875 785.5390014648438 183.70228576660156 4.1051655 1.5074193 1.671008 14.290157 0.95700395 65.74422 -0.8867743015289307 0.22324462234973907
Car 0.0 0 2.858332633972168 637.71826171875 171.0078125 686.1290893554688 187.21083068847656 4.2312083 1.4906039 1.655934 4.8362436 1.3211203 67.629814 2.9297215938568115 0.20486637949943542
Car 0.0 0 2.855910062789917 761.3619995117188 163.46487426757812 817.2470092773438 183.37103271484375 4.077853 1.5778003 1.6033719 14.380802 0.83395743 58.076176 3.098647117614746 0.15341497957706451
Car 0.0 0 2.8547890186309814 784.3829345703125 162.5211639404297 848.4544067382812 185.62197875976562 4.0071707 1.585111 1.5968374 14.33388 0.8764596 50.324184 3.1322717666625977 0.13510197401046753
Car 0.0 0 -0.31745654344558716 829.3274536132812 158.0381622314453 909.4457397460938 185.47804260253906 3.9030035 1.495305 1.5559571 14.351404 0.68829125 40.14484 0.02587580680847168 0.11511946469545364
Car 0.0 0 2.411067485809326 647.176513671875 169.953857421875 701.5426635742188 191.89788818359375 3.919018 1.5589755 1.5959743 4.726624 1.3532965 53.069767 2.4998974800109863 0.10122745484113693
Car 0.0 0 2.77779483795166 774.6258544921875 163.15133666992188 832.6600341796875 184.46055603027344 3.914408 1.58725 1.6755327 14.649321 0.86488914 54.775658 3.039121150970459 0.10108684003353119
