Pedestrian 0.0 0 0.9781337976455688 199.1554718017578 165.4265594482422 316.12017822265625 365.6007995605469 0.8557898 1.7160087 0.59519106 -3.2198591 1.5796028 6.627543 0.5258862972259521 0.7324451208114624
Pedestrian 0.0 0 2.566406726837158 992.5283813476562 149.55126953125 1086.5347900390625 304.01104736328125 0.73479503 1.7587826 0.60909945 5.1150007 1.3963435 8.49338 3.1084671020507812 0.5484268069267273
Pedestrian 0.0 0 -2.0093090534210205 895.7015380859375 165.12156677246094 933.0673217773438 231.01344299316406 0.9344088 1.699812 0.560253 8.236188 1.2784728 19.003544 -1.600342869758606 0.5429915189743042
Pedestrian 0.0 0 -1.7874934673309326 782.5231323242188 164.9334716796875 815.7866821289062 242.03465270996094 0.9597624 1.725014 0.542342 4.512211 1.3555814 16.561628 -1.521499752998352 0.3791904151439667
Pedestrian 0.0 0 -3.7817604541778564 1143.3350830078125 130.90621948242188 1238.0 311.35784912109375 0.95579284 1.7161798 0.60107017 6.0605865 1.2363827 7.158813 -3.0792489051818848 0.21258342266082764
Pedestrian 0.0 0 1.0500568151474 735.879150390625 147.70933532714844 858.669921875 374.0 0.9031442 1.8106161 0.61071956 1.548688 1.5550345 5.976499 1.3036094903945923 0.1971956491470337
Pedestrian 0.0 0 -1.59811270236969 813.0892944335938 161.0723419189453 842.0096435546875 244.00234985351562 0.95034707 1.7576355 0.5754735 4.9132614 1.3259186 15.757369 -1.2958590984344482 0.14356614649295807
Pedestrian 0.0 0 -1.9545105695724487 844.6930541992188 161.24940490722656 918.1920776367188 277.3372802734375 1.214427 1.7602483 0.68564147 4.411004 1.4544915 11.502677 -1.5883294343948364 0.13310809433460236
Cyclist 0.0 0 1.7584260702133179 397.5885009765625 172.2220001220703 440.73974609375 261.73504638671875 1.7614686 1.7990133 0.5780441 -3.9013088 1.61379 15.331163 1.50924551486969 0.3672700524330139
Cyclist 0.0 0 0.9216054081916809 844.0062255859375 178.05320739746094 1029.5723876953125 374.0 1.4971565 1.713565 0.6288233 2.701111 1.6896492 6.0740104 1.3400429487228394 0.24985747039318085
Cyclist 0.0 0 -0.3821219801902771 839.5616455078125 171.99005126953125 943.4461059570312 283.7348937988281 1.3923504 1.7220024 0.626674 4.531747 1.5767541 11.382601 -0.0032293153926730156 0.21718263626098633
Cyclist 0.0 0 -1.7629833221435547 692.69091796875 167.35887145996094 711.2765502929688 211.48837280273438 1.4164951 1.8075635 0.50816303 4.194579 1.2293268 30.141603 -1.624708890914917 0.20756252110004425
Cyclist 0.0 0 -1.7807904481887817 613.16064453125 172.50132751464844 632.360595703125 207.57284545898438 1.5204917 1.7075962 0.6506581 1.0453794 1.2703552 35.778717 -1.751580834388733 0.15386013686656952
Cyclist 0.0 0 -3.490216016769409 883.4891967773438 164.04537963867188 942.581298828125 233.50753784179688 1.3125948 1.8048142 0.58158803 8.193199 1.3524688 18.99045 -3.0829050540924072 0.13335749506950378
Cyclist 0.0 0 1.73766028881073 211.22894287109375 161.08253479003906 304.9388122558594 365.2250671386719 1.0211834 1.725453 0.62464267 -3.1903708 1.5542669 6.646022 1.2901060581207275 0.12342129647731781
Car 0.0 0 1.6385102272033691 621.3084716796875 173.50453186035156 647.5624389648438 193.4879608154297 4.0157924 1.4836951 1.7576258 2.6019716 0.89064354 55.426308 1.6854205131530762 0.23651881515979767
Car 0.0 0 2.134178400039673 147.790283203125 160.6764373779297 227.63784790039062 196.22300720214844 3.857675 1.6706544 1.633118 -20.477108 0.6928832 35.72048 1.6136530637741089 0.233372762799263
Car 0.0 0 1.6005796194076538 554.1571044921875 178.6079864501953 594.073974609375 212.5861053466797 4.5077353 1.4929686 1.7443755 -1.234071 1.3668498 33.820045 1.5641064643859863 0.23190729320049286
Car 0.0 0 -2.8129124641418457 0.0 0.0 1238.0 374.0 3.9098907 1.5517204 1.6234311 2.9790828 1.4305793 1.1076748 -1.5980936288833618 0.186842679977417
Car 0.0 0 -0.9362701177597046 290.1971740722656 166.75148010253906 354.9077453613281 192.66696166992188 3.9925742 1.5520341 1.773691 -17.457771 0.6695293 45.176388 -1.3050287961959839 0.1862548440694809
Car 0.0 0 2.0132739543914795 360.2430419921875 170.978759765625 394.27691650390625 188.00328063964844 3.7508848 1.554329 1.6058447 -21.001854 0.59412056 67.550705 1.7118428945541382 0.14725618064403534
Car 0.0 0 3.375016927719116 356.4263916015625 161.89117431640625 429.3083801269531 188.4357147216797 4.0138226 1.5872583 1.5960331 -12.681581 0.41548827 43.844627 3.093461513519287 0.13727737963199615
