Pedestrian 0.0 0 -3.583796739578247 955.677734375 130.0255126953125 1052.6181640625 302.0988464355469 0.7035866 1.800821 0.6874866 4.2428346 1.3529606 7.909404 -3.0914323329925537 0.2616207003593445
Car 0.0 0 -1.157874345779419 43.220821380615234 196.52740478515625 461.59796142578125 375.0 4.057824 1.3720218 1.646077 -2.65322 1.6500461 6.41467 -1.5500645637512207 0.9424005746841431
Car 0.0 0 -1.688794493675232 659.6981201171875 172.82821655273438 721.4173583984375 221.99571228027344 3.834796 1.5628234 1.6531595 2.6494853 1.562362 24.858875 -1.5826143026351929 0.9317643046379089
Car 0.0 0 -1.3133131265640259 344.4661560058594 180.29676818847656 517.2891235351562 298.75445556640625 4.0419936 1.5027418 1.6366144 -2.6573908 1.6423407 11.451716 -1.541329264640808 0.9089149832725525
Car 0.0 0 -1.845818042755127 726.07958984375 182.39523315429688 944.951416015625 333.7809143066406 3.6525285 1.4632206 1.579098 2.4934034 1.6072679 9.032779 -1.5764856338500977 0.8699010610580444
Car 0.0 0 -2.0002846717834473 812.8818359375 175.88461303710938 1242.0 375.0 3.9400275 1.5128224 1.661047 2.217026 1.5377098 3.7946901 -1.4715309143066406 0.8311305642127991
Car 0.0 0 -1.6745160818099976 645.3223266601562 172.851806640625 683.15625 203.25363159179688 3.7280853 1.4973397 1.5690321 2.7280505 1.4975897 37.42159 -1.6017444133758545 0.8120000958442688
Car 0.0 0 -1.338093638420105 413.13665771484375 170.67626953125 521.6668701171875 247.01536560058594 3.916024 1.5544211 1.5848732 -3.2020404 1.5104358 16.679539 -1.5277602672576904 0.4195188283920288
Car 0.0 0 -1.522038459777832 542.1511840820312 171.3281707763672 575.4623413085938 204.7508544921875 3.9327066 1.7050482 1.5981406 -2.7427008 1.6275663 38.78961 -1.5926281213760376 0.3447597026824951
Car 0.0 0 -0.15395969152450562 415.7185974121094 166.10794067382812 463.7421875 184.7985076904297 4.05361 1.6664166 1.7077131 -15.56819 1.0653074 65.88228 -0.386006236076355 0.2446547895669937
