Pedestrian 0.0 0 0.5071410536766052 132.6634063720703 164.97055053710938 155.71852111816406 198.40737915039062 0.90824324 1.874041 0.620154 -26.356077 1.4325538 40.77707 -0.06666084378957748 0.1053834855556488
Car 0.0 0 -1.4228752851486206 463.511962890625 175.3641357421875 536.6522216796875 225.5736083984375 4.1287336 1.406213 1.6550592 -3.36595 1.4919583 22.476751 -1.5715231895446777 0.9632676839828491
Car 0.0 0 -1.1958167552947998 300.29205322265625 178.9134979248047 415.1817321777344 239.6433563232422 3.8359237 1.4035859 1.5488014 -6.5463443 1.5800065 19.012222 -1.5274251699447632 0.9344923496246338
Car 0.0 0 -1.4919977188110352 545.5924072265625 169.19589233398438 573.1275024414062 190.75030517578125 3.971009 1.5078282 1.6917114 -3.6724381 1.2522842 52.46504 -1.5618815422058105 0.704312801361084
Car 0.0 0 2.9351909160614014 513.7918090820312 168.0830078125 564.597900390625 187.5919952392578 4.030024 1.6148398 1.6477813 -6.02619 1.2202816 61.11237 2.836900234222412 0.28630298376083374
Car 0.0 0 3.1023998260498047 576.455078125 170.3870849609375 624.6402587890625 187.16827392578125 4.15016 1.4456786 1.5870881 -0.87024844 1.2335134 63.05916 3.0886001586914062 0.24579662084579468
Car 0.0 0 1.8622674942016602 284.2845458984375 171.61874389648438 335.90020751953125 198.2579803466797 4.028182 1.4652903 1.6722739 -17.32415 1.3977032 41.773968 1.4691433906555176 0.16941764950752258
Car 0.0 0 1.9858837127685547 278.2177734375 173.0742950439453 367.14984130859375 216.46469116210938 3.5334575 1.4122854 1.6048853 -10.011629 1.4209158 25.296457 1.6090275049209595 0.15089786052703857
Car 0.0 0 -1.0098429918289185 368.7200622558594 165.52499389648438 426.03271484375 192.6359100341797 4.076499 1.676231 1.6499351 -13.752579 1.2234454 46.794666 -1.2956867218017578 0.13021481037139893
Car 0.0 0 2.0338635444641113 182.9843292236328 172.70333862304688 227.8268280029297 191.4438018798828 4.0010486 1.529114 1.6938356 -34.114952 1.5171785 60.90909 1.5233020782470703 0.12055199593305588
Car 0.0 0 1.2799086570739746 765.1976318359375 180.9857177734375 837.9086303710938 222.15447998046875 4.2363634 1.4791813 1.6516479 7.5301247 1.8296524 28.91654 1.5346596240997314 0.11491110175848007
Car 0.0 0 -2.9535458087921143 487.974365234375 170.6559600830078 537.9612426757812 187.21197509765625 4.413058 1.5308385 1.6673384 -9.093942 1.3279555 67.66615 -3.08713960647583 0.11159862577915192
Car 0.0 0 -2.293529510498047 293.6220703125 170.60134887695312 339.866455078125 188.548828125 4.177975 1.6343871 1.6480302 -27.408247 1.4296061 67.372345 -2.679899215698242 0.1100018098950386
