Pedestrian 0.0 0 -0.16489793360233307 673.8531494140625 172.57073974609375 717.1758422851562 233.18148803710938 1.175895 1.738918 0.5571686 2.4353278 1.7311493 21.005434 -0.04947526380419731 0.1401643604040146
Cyclist 0.0 0 -1.8330252170562744 677.5696411132812 167.89097595214844 715.5301513671875 231.9158477783203 1.8914952 1.7815171 0.6244681 2.4555693 1.6437774 21.055452 -1.7169257402420044 0.7388088703155518
Car 0.0 0 1.9884082078933716 140.4898681640625 176.84922790527344 397.2428894042969 324.52679443359375 4.3664603 1.7077315 1.720158 -4.6988964 1.7791401 10.644125 1.5726834535598755 0.9400961995124817
Car 0.0 0 1.930496096611023 386.6012878417969 187.62509155273438 512.074462890625 255.70033264160156 4.3472824 1.4124091 1.6483812 -3.9308002 1.8323948 18.224157 1.7180588245391846 0.924720048904419
Car 0.0 0 1.6671442985534668 554.7963256835938 180.36962890625 597.6268310546875 214.37799072265625 3.9016385 1.4814743 1.6667198 -1.5885828 1.8598484 34.298588 1.6208610534667969 0.835657000541687
Car 0.0 0 -3.3153138160705566 723.6703491210938 168.25137329101562 772.214111328125 185.32855224609375 4.213976 1.5708083 1.6847683 12.807046 1.147802 67.239204 -3.127098321914673 0.15402458608150482
Car 0.0 0 -1.5609992742538452 516.6094970703125 164.63662719726562 537.5305786132812 185.310546875 3.9183192 1.6068937 1.6180842 -6.684628 0.96854985 58.11221 -1.6755255460739136 0.15111809968948364
Car 0.0 0 -1.6494327783584595 655.0986938476562 182.25010681152344 719.7861328125 237.57179260253906 3.419107 1.4474243 1.6043543 2.1502032 1.7462434 21.189262 -1.5483028888702393 0.12240490317344666
Car 0.0 0 1.740504503250122 644.4765014648438 178.39373779296875 674.0531005859375 198.3972625732422 3.8481116 1.5104232 1.7363735 3.9494994 1.9697511 57.702576 1.808843731880188 0.1151004359126091
Car 0.0 0 -1.3355318307876587 548.8236694335938 170.1968231201172 579.8045654296875 189.86557006835938 3.8730173 1.5524478 1.6729698 -3.7217786 1.3430752 58.99919 -1.3985302448272705 0.10543132573366165
Car 0.0 0 -1.268401026725769 488.4317321777344 165.76368713378906 521.9541625976562 187.40476989746094 3.8419957 1.7270077 1.6736739 -8.640998 1.1615416 59.60653 -1.412365436553955 0.10121191293001175
