Car 0.0 0 2.0584146976470947 311.58001708984375 188.0809326171875 370.6016845703125 213.9429168701172 4.250162 1.4117445 1.5802463 -16.42398 2.3915327 44.197754 1.7026262283325195 0.7573220729827881
Car 0.0 0 1.82223641872406 426.1421203613281 184.4839630126953 457.46453857421875 203.64425659179688 3.8173165 1.435474 1.5665425 -13.578321 2.4069083 58.318226 1.5934804677963257 0.7481961846351624
Car 0.0 0 2.237642288208008 0.0 197.67698669433594 132.58633422851562 260.4586486816406 4.3798766 1.4758867 1.7852138 -16.222725 2.2706065 20.891457 1.5773805379867554 0.6563023924827576
Car 0.0 0 1.897573471069336 354.0505676269531 183.7590789794922 403.48626708984375 211.46131896972656 3.9570463 1.5096833 1.6131146 -13.708848 2.1882572 42.87944 1.5881365537643433 0.5844098925590515
Car 0.0 0 -1.120955467224121 247.81121826171875 180.510009765625 299.7712707519531 206.56346130371094 3.5218837 1.5247177 1.5648316 -20.956127 2.0217793 45.03699 -1.5564672946929932 0.551505982875824
Car 0.0 0 2.0574491024017334 182.9718017578125 182.80718994140625 255.37344360351562 215.0478057861328 4.154053 1.5712723 1.6468477 -20.804739 2.131948 38.53253 1.5623726844787598 0.3199866712093353
Car 0.0 0 -0.9728946089744568 62.1612548828125 173.5150146484375 125.34242248535156 198.03329467773438 3.637736 1.5850928 1.709092 -34.710564 1.6316416 48.58098 -1.5932785272598267 0.2549220323562622
Car 0.0 0 -1.6472280025482178 969.2042236328125 157.62103271484375 1006.2544555664062 183.73641967773438 4.2291064 1.5268912 1.695845 23.185928 0.636621 44.46111 -1.1665382385253906 0.23310375213623047
Car 0.0 0 2.2988219261169434 0.0 180.09324645996094 58.902957916259766 231.98443603515625 3.9003985 1.5344343 1.600627 -20.569008 1.7937427 23.843918 1.5870283842086792 0.19248177111148834
Car 0.0 0 -2.4076714515686035 0.0 161.46678161621094 36.38922882080078 203.3811492919922 4.2868385 1.5851551 1.6286013 -25.176449 1.1548609 28.106737 -3.1381304264068604 0.18833163380622864
Car 0.0 0 -1.1489709615707397 487.9659423828125 183.7104949951172 520.8345947265625 199.937255859375 3.807078 1.4254786 1.6620905 -9.962604 2.4829245 68.19465 -1.2940354347229004 0.16310085356235504
Car 0.0 0 0.5957787036895752 89.15813446044922 167.4580841064453 177.32041931152344 195.02682495117188 4.0512376 1.5452638 1.5151184 -27.22954 1.2431736 41.222214 0.012019157409667969 0.14670152962207794
Car 0.0 0 -0.7900515198707581 134.7213134765625 171.30905151367188 192.8431854248047 193.14537048339844 3.7915995 1.6246365 1.6177466 -34.412685 1.510049 55.709503 -1.3433961868286133 0.10028281807899475
