Pedestrian 0.0 0 -1.1572234630584717 202.00457763671875 179.89248657226562 218.45664978027344 205.25802612304688 1.0613605 1.8459742 0.6977894 -29.597084 2.3725314 53.37894 -1.663493037223816 0.18133260309696198
Pedestrian 0.0 0 -3.4748013019561768 962.2872314453125 160.08541870117188 1006.2478637695312 227.56544494628906 0.82964706 1.6877221 0.6457274 9.496944 1.368729 18.422012 -2.9988136291503906 0.10176064819097519
Cyclist 0.0 0 1.5082427263259888 1021.197998046875 150.89793395996094 1034.95751953125 187.4729461669922 1.0717028 1.7026595 0.4963363 19.760006 0.68090695 34.176952 2.032454252243042 0.10129627585411072
Car 0.0 0 -1.4925614595413208 599.7084350585938 178.38682556152344 629.0829467773438 202.55340576171875 4.0455256 1.4324204 1.554889 0.28684506 1.7999492 45.79894 -1.4862984418869019 0.7026445865631104
Car 0.0 0 -0.9110080003738403 799.2865600585938 163.2013397216797 847.2153930664062 183.3390655517578 4.0235934 1.6010146 1.6533831 17.492804 0.83395493 59.207893 -0.6237333416938782 0.393220454454422
Car 0.0 0 1.4300553798675537 718.2144775390625 173.3473663330078 749.5138549804688 194.92352294921875 4.014953 1.5181491 1.7076901 9.008322 1.5560625 52.88982 1.5987588167190552 0.38802140951156616
Car 0.0 0 2.0039162635803223 412.3924865722656 191.5115966796875 465.68194580078125 216.11903381347656 4.6999173 1.4968445 1.7956072 -11.830229 2.8578098 50.133488 1.7721810340881348 0.26000702381134033
Car 0.0 0 -0.6495155692100525 740.5802001953125 167.1469268798828 802.7197265625 193.1251220703125 3.806545 1.6783241 1.6822987 10.763152 1.3099761 48.169838 -0.4296848177909851 0.25271591544151306
Car 0.0 0 -1.020531415939331 1158.9954833984375 134.31936645507812 1242.0 183.48443603515625 3.8723419 1.5996703 1.6351374 21.094694 0.34623745 24.853725 -0.31676119565963745 0.19103051722049713
Car 0.0 0 -3.200234889984131 859.3280639648438 160.28555297851562 934.2476806640625 186.5850830078125 4.1318617 1.5438973 1.5846589 17.285612 0.80643207 43.75254 -2.8239798545837402 0.16586220264434814
Car 0.0 0 -1.1081651449203491 787.758544921875 167.82485961914062 853.7001953125 197.341796875 4.1311407 1.4580008 1.6372713 11.021166 1.2099423 37.70969 -0.8238210678100586 0.15543901920318604
Car 0.0 0 2.6746127605438232 835.2676391601562 169.3178253173828 962.5584106445312 208.83189392089844 4.397456 1.5004026 1.6095772 11.273665 1.3664871 28.392046 3.0525918006896973 0.11502508074045181
Car 0.0 0 -2.1136584281921387 1133.0579833984375 150.67141723632812 1220.7725830078125 181.92987060546875 4.1184707 1.5447272 1.72503 29.536077 0.4488686 37.80205 -1.4504024982452393 0.11244876682758331
Car 0.0 0 -1.3595565557479858 821.8840942382812 162.79661560058594 855.9765014648438 184.68504333496094 4.1932936 1.6529707 1.7152022 18.00876 0.8938147 56.732372 -1.0521833896636963 0.10857893526554108
Car 0.0 0 -0.9308069944381714 774.728759765625 170.52919006347656 837.8207397460938 198.00201416015625 3.6846488 1.4784482 1.525444 11.023573 1.3536962 40.564228 -0.6654592156410217 0.10470327734947205
