Pedestrian 0.0 0 0.13278087973594666 693.5028686523438 158.08265686035156 750.7393798828125 243.30828857421875 1.1320223 1.754579 0.5927458 2.3316324 1.4508324 15.295004 0.2840602397918701 0.1284845471382141
Cyclist 0.0 0 -3.3248143196105957 722.8246459960938 160.3267364501953 803.7374267578125 253.74887084960938 1.384059 1.7087334 0.674289 2.806995 1.4799621 13.54618 -3.1204893589019775 0.17031867802143097
Car 0.0 0 -1.2242999076843262 179.05859375 179.55587768554688 473.30194091796875 365.75396728515625 3.9089842 1.4821577 1.6327175 -2.7449539 1.5736314 7.8445177 -1.5609034299850464 0.92274010181427
Car 0.0 0 1.7764208316802979 446.0118103027344 173.38111877441406 482.7306213378906 195.25900268554688 3.8996964 1.443269 1.7176703 -10.000834 1.481327 49.646534 1.5776402950286865 0.803307294845581
Car 0.0 0 -1.4834718704223633 591.71337890625 169.16064453125 621.6187744140625 192.80491638183594 3.9658582 1.4650972 1.5995702 -0.20773624 1.2365997 46.749077 -1.4879155158996582 0.7107825875282288
Car 0.0 0 -0.597251296043396 770.0946655273438 158.19650268554688 848.260986328125 188.25750732421875 3.8034887 1.5562289 1.5995296 10.645849 0.7977823 38.721798 -0.32894858717918396 0.3311535716056824
Car 0.0 0 -0.565399706363678 802.4340209960938 163.56838989257812 854.3607177734375 181.97315979003906 4.2721777 1.6392578 1.7088969 19.846033 0.8125732 65.65916 -0.27187225222587585 0.32469651103019714
Car 0.0 0 1.9433759450912476 312.1277160644531 178.88809204101562 382.7181091308594 222.1694793701172 3.4183626 1.5250313 1.3898543 -10.01541 1.7708929 27.62795 1.5956000089645386 0.22366753220558167
Car 0.0 0 1.8943098783493042 366.5946350097656 176.87155151367188 445.8740234375 223.50343322753906 3.9027221 1.5427644 1.6090059 -7.3389935 1.7001009 26.200739 1.6212025880813599 0.20797529816627502
Car 0.0 0 1.8856253623962402 281.8362121582031 188.27040100097656 450.7376403808594 291.0865783691406 4.1364937 1.4351174 1.5840358 -4.1209064 1.7523856 12.75952 1.5732331275939941 0.16818922758102417
Car 0.0 0 2.030768394470215 270.794921875 175.03355407714844 312.4435729980469 194.16868591308594 4.089603 1.5500029 1.5698161 -26.88022 1.7408929 60.99527 1.6156806945800781 0.16605736315250397
Car 0.0 0 -1.4904990196228027 700.3350219726562 166.7964630126953 721.2492065429688 185.28369140625 3.9480166 1.6769844 1.6295885 9.443573 1.1278601 67.55225 -1.351602554321289 0.15675687789916992
Car 0.0 0 -2.2889962196350098 399.1542663574219 170.8303680419922 442.64501953125 187.74415588378906 4.042952 1.5374467 1.6854877 -17.701004 1.3538572 67.41632 -2.5457630157470703 0.14239643514156342
Car 0.0 0 1.4621996879577637 692.2224731445312 166.86109924316406 717.0892944335938 186.55242919921875 3.7742002 1.5593857 1.6123446 7.6890764 1.0851562 59.040466 1.5917048454284668 0.12536866962909698
