Cyclist 0.0 0 -0.5363832712173462 887.3557739257812 147.87564086914062 954.7039184570312 224.8778533935547 1.3473959 1.7613317 0.5644784 7.2148705 1.1903403 16.870165 -0.13225294649600983 0.1419210433959961
Cyclist 0.0 0 -1.857600450515747 810.0850830078125 162.6882781982422 837.5446166992188 212.03919982910156 1.2851356 1.7081262 0.59248286 7.5345726 1.3566302 25.613777 -1.5715092420578003 0.11853496730327606
Car 0.0 0 1.7862154245376587 388.1708679199219 182.87730407714844 501.12371826171875 255.20489501953125 4.5401134 1.4683605 1.7218828 -3.8933039 1.7440953 17.54799 1.5678858757019043 0.9456952214241028
Car 0.0 0 -1.1744080781936646 117.13604736328125 184.71885681152344 444.0805358886719 355.6785888671875 3.989072 1.3183669 1.7030424 -3.1868138 1.480678 7.8428116 -1.5603642463684082 0.9441390037536621
Car 0.0 0 -1.8562027215957642 760.7066650390625 183.8428955078125 1028.169921875 349.8009948730469 4.312912 1.3973644 1.62823 2.9119105 1.5613495 8.551819 -1.5280144214630127 0.8558553457260132
Car 0.0 0 -1.717316746711731 679.3075561523438 178.49380493164062 773.4051513671875 249.1514892578125 3.7600238 1.4216142 1.5808986 2.5207114 1.5672232 16.697563 -1.5674853324890137 0.7550906538963318
Car 0.0 0 -1.6842939853668213 642.8701171875 174.01925659179688 699.0719604492188 218.21188354492188 3.851698 1.5331322 1.6589298 2.171718 1.5803885 27.084387 -1.6042817831039429 0.6865749359130859
Car 0.0 0 -0.38774561882019043 699.0343017578125 160.56298828125 767.5661010742188 186.257080078125 3.8997095 1.5633733 1.6225561 7.6604323 0.8158767 45.116165 -0.21955613791942596 0.30659887194633484
Car 0.0 0 0.4598148465156555 89.05091857910156 158.1514434814453 242.3904266357422 206.42904663085938 4.1694417 1.5836731 1.6472667 -15.132389 1.1017358 24.674492 -0.09031267464160919 0.23857198655605316
Car 0.0 0 -0.49980998039245605 864.3007202148438 160.32406616210938 1002.964599609375 206.00860595703125 4.166697 1.54012 1.6313797 11.244985 1.1180685 25.304642 -0.08163590729236603 0.1875438541173935
Car 0.0 0 -0.2783527374267578 688.7559204101562 162.73727416992188 756.0786743164062 186.9175567626953 4.101377 1.5604076 1.6224371 7.363379 0.90791005 47.620182 -0.124940425157547 0.14616107940673828
Car 0.0 0 3.0003855228424072 627.7943115234375 170.79330444335938 721.8533325195312 205.52218627929688 4.348539 1.6391052 1.6870034 3.0600128 1.5422043 35.011475 3.08756422996521 0.13431501388549805
Car 0.0 0 0.014899030327796936 435.6314697265625 168.87509155273438 521.3546142578125 208.92564392089844 3.9144316 1.8406909 1.7613925 -6.2681623 1.6581813 34.34981 -0.16559527814388275 0.1281241923570633
Car 0.0 0 -1.4015705585479736 449.2298583984375 168.20802307128906 477.7290344238281 189.2310333251953 3.3394594 1.6255212 1.6884329 -11.664602 1.2666465 57.482384 -1.6017768383026123 0.1096719428896904
Car 0.0 0 -2.7205922603607178 0.0 0.0 1242.0 375.0 3.4384692 1.4948268 1.6055397 2.4169095 1.6435858 1.1019905 -1.5775870084762573 0.1025499701499939
