Pedestrian 0.0 0 -2.203038215637207 202.9658203125 171.5886688232422 216.5175323486328 193.5598907470703 0.923582 1.8992604 0.6027602 -34.87935 1.7902393 62.836216 -2.709775924682617 0.2241871953010559
Car 0.0 0 -0.5471231341362 175.03945922851562 178.9307098388672 282.1849670410156 213.8274688720703 3.9790382 1.4126792 1.5567591 -16.883986 1.7007043 32.047207 -1.0320172309875488 0.7855596542358398
Car 0.0 0 2.043827533721924 185.38436889648438 173.9526824951172 230.8491668701172 192.15858459472656 4.3397636 1.5137824 1.6418558 -34.739582 1.6125865 62.4537 1.5362021923065186 0.7047116160392761
Car 0.0 0 -0.32566243410110474 831.8950805664062 167.02499389648438 904.930419921875 190.87937927246094 4.287485 1.5676366 1.6842594 17.221825 1.1849298 48.292725 0.0168917179107666 0.6743865609169006
Car 0.0 0 1.7777254581451416 453.114501953125 169.94749450683594 486.98297119140625 191.53909301757812 4.281686 1.5463798 1.6367253 -10.41797 1.3385739 53.8269 1.5865434408187866 0.6256518959999084
Car 0.0 0 2.4673566818237305 120.18789672851562 182.80328369140625 222.35574340820312 214.9857177734375 4.416614 1.4901912 1.6887783 -22.552237 2.0365949 37.23338 1.9227570295333862 0.5630930066108704
Car 0.0 0 -1.1158039569854736 280.2405090332031 174.0975799560547 320.9371643066406 191.6572723388672 4.143934 1.509126 1.6913509 -27.588842 1.6241548 64.4191 -1.520442008972168 0.5109292268753052
Car 0.0 0 2.7954468727111816 381.14312744140625 174.02203369140625 449.6167297363281 199.52462768554688 3.8068557 1.5312117 1.6688051 -12.220583 1.607707 45.25611 2.531705617904663 0.3291684091091156
Car 0.0 0 1.9358274936676025 358.2999267578125 174.0369110107422 390.87579345703125 190.48106384277344 3.8652418 1.4797257 1.6111059 -21.895073 1.5934517 67.178696 1.6207610368728638 0.32598400115966797
Car 0.0 0 1.2592097520828247 841.263671875 170.48207092285156 874.9384765625 187.8793182373047 3.8987613 1.4416937 1.6021471 21.167246 1.2454915 61.754345 1.589424967765808 0.18666884303092957
Car 0.0 0 -0.43553391098976135 563.3557739257812 166.35855102539062 621.9412841796875 187.1520233154297 4.1278434 1.5296428 1.6618483 -1.3358229 1.0521708 54.736855 -0.4599335193634033 0.18386131525039673
