Car 0.0 0 -1.5387239456176758 563.9368286132812 179.20355224609375 606.9425659179688 216.1649932861328 3.964245 1.429668 1.6551507 -0.90212756 1.1982493 29.785152 -1.5690025091171265 0.9474700689315796
Car 0.0 0 -1.2273564338684082 224.25254821777344 188.0957489013672 461.411865234375 326.58135986328125 3.888676 1.4404743 1.6600745 -3.240568 1.4875665 9.511494 -1.5557224750518799 0.9130325317382812
Car 0.0 0 -1.3846795558929443 446.4098205566406 184.302490234375 517.8279418945312 230.65145874023438 4.002671 1.3865178 1.5828183 -4.052991 1.3603307 23.513922 -1.5553679466247559 0.9021933078765869
Car 0.0 0 -0.8527806997299194 0.0 189.7646484375 131.13722229003906 263.10662841796875 4.258323 1.3515378 1.6527232 -12.72996 1.4654934 15.668144 -1.5350816249847412 0.840717077255249
Car 0.0 0 2.038139581680298 145.86155700683594 182.20071411132812 312.0259704589844 260.9200134277344 3.961648 1.4923642 1.5521027 -8.046843 1.4363369 15.611731 1.5622198581695557 0.754375159740448
Car 0.0 0 1.7512269020080566 415.15350341796875 181.01702880859375 462.6714782714844 211.40855407714844 3.709952 1.384325 1.5891033 -8.105426 1.194208 34.631878 1.52131986618042 0.6155169010162354
Car 0.0 0 1.948440432548523 336.0743713378906 170.9156494140625 393.9584655761719 201.38880920410156 3.625998 1.4776955 1.5745856 -12.356227 0.78539324 36.706875 1.623735785484314 0.24464531242847443
Car 0.0 0 3.396076202392578 352.11944580078125 167.58486938476562 418.9300842285156 189.6748504638672 4.195016 1.5206271 1.656551 -15.5604925 0.30809057 50.402477 3.0966343879699707 0.1923159509897232
Car 0.0 0 1.9903647899627686 273.2601013183594 190.59713745117188 432.03729248046875 269.92510986328125 4.039808 1.4111291 1.6230582 -5.2114854 1.5413004 15.149882 1.6590495109558105 0.18453486263751984
Car 0.0 0 2.0065464973449707 268.5811767578125 169.9401092529297 342.3601989746094 208.23326110839844 3.5620306 1.5263755 1.5193478 -12.7563095 0.9186183 30.459406 1.6099416017532349 0.1720859557390213
