Pedestrian 0.0 0 -2.818744421005249 530.3672485351562 157.4031219482422 560.3272705078125 209.31150817871094 0.93731946 1.8304286 0.5700562 -2.1602364 1.0174973 25.314856 -2.9038729667663574 0.31552228331565857
Pedestrian 0.0 0 -0.5706610679626465 750.7733764648438 156.82736206054688 783.4921264648438 209.047607421875 0.9503627 1.7744839 0.56067574 5.575791 0.9716047 24.44612 -0.3464123010635376 0.2278963327407837
Pedestrian 0.0 0 -1.2421224117279053 344.2625732421875 169.7666473388672 371.308349609375 219.5438232421875 0.82454616 1.6698624 0.6411077 -8.4595175 1.3113317 24.129225 -1.5793246030807495 0.16280308365821838
Cyclist 0.0 0 -0.7770862579345703 292.0055847167969 169.57887268066406 355.8419189453125 230.51441955566406 1.9933648 1.7620871 0.5444948 -8.530506 1.4478472 21.462713 -1.1553984880447388 0.5968320369720459
Cyclist 0.0 0 1.83723783493042 255.48355102539062 172.2536163330078 283.3155822753906 218.3362274169922 1.6402075 1.7319875 0.5660393 -13.028134 1.423564 27.42618 1.3937687873840332 0.2890908420085907
Cyclist 0.0 0 -0.3286455571651459 678.93994140625 159.07936096191406 715.7103271484375 196.15455627441406 1.7352264 1.8265011 0.5462701 4.5886307 0.77265245 35.267117 -0.1992616504430771 0.2811438739299774
Cyclist 0.0 0 -1.8232914209365845 532.5220947265625 156.30609130859375 557.0537719726562 208.59779357910156 1.2445713 1.8212227 0.5796016 -2.1913521 0.9801234 25.303476 -1.9096786975860596 0.13207992911338806
Car 0.0 0 -1.3742116689682007 424.6639404296875 174.3451690673828 516.0072631835938 235.1764678955078 3.8291838 1.4000897 1.5813088 -3.3798108 1.2600384 18.193064 -1.5578924417495728 0.9257585406303406
Car 0.0 0 1.6750261783599854 482.1060791015625 166.94302368164062 506.9814453125 185.885986328125 4.0862856 1.5229983 1.6340599 -9.153031 0.4342585 58.922546 1.5209177732467651 0.5334693789482117
Car 0.0 0 2.4737346172332764 1048.1314697265625 144.7238006591797 1160.210693359375 179.8496551513672 4.299819 1.651991 1.7132849 24.114117 -0.03097796 34.256855 3.0870871543884277 0.3506397306919098
Car 0.0 0 2.524624824523926 955.9979248046875 152.71414184570312 1052.34716796875 185.96315002441406 3.8194275 1.5568914 1.6105127 19.198477 0.25726312 34.102325 3.0373687744140625 0.2706696689128876
Car 0.0 0 -0.5687973499298096 986.28662109375 149.74539184570312 1059.306884765625 174.36337280273438 4.08797 1.6496221 1.6453501 28.752892 -0.42932054 48.715046 -0.03559551015496254 0.24709352850914001
Car 0.0 0 -1.5710312128067017 686.7142944335938 165.34872436523438 719.4796142578125 194.100341796875 3.847166 1.432739 1.6220633 5.149614 0.67915773 37.244835 -1.4336384534835815 0.23100055754184723
Car 0.0 0 3.135207176208496 456.82281494140625 167.604736328125 567.771484375 212.05581665039062 3.8723545 1.5477492 1.6129221 -3.3802803 1.1002765 25.677711 3.004317283630371 0.16995228826999664
Car 0.0 0 -0.9386194348335266 11.172810554504395 159.23573303222656 99.41015625 194.14352416992188 3.7002115 1.6598188 1.6244472 -27.490383 0.6501774 35.485588 -1.5977367162704468 0.15085409581661224
Car 0.0 0 -3.627744674682617 981.61181640625 154.5990447998047 1051.120361328125 175.8003692626953 4.064763 1.4921693 1.584021 29.648832 -0.3436738 51.018703 -3.1013107299804688 0.14721229672431946
Car 0.0 0 -1.7111046314239502 686.720947265625 164.50144958496094 709.2999877929688 181.90274047851562 3.6164603 1.5690489 1.5809873 8.621448 0.127648 65.564354 -1.580358862876892 0.13793641328811646
