Pedestrian 0.0 0 -2.4262990951538086 334.275634765625 168.91822814941406 344.7211608886719 189.6817169189453 0.60334474 1.8135345 0.6165936 -23.793833 1.4701324 63.41229 -2.785266399383545 0.18360966444015503
Pedestrian 0.0 0 -0.10707557201385498 782.3779907226562 164.23501586914062 795.6061401367188 186.87750244140625 0.96988136 1.8010961 0.5862262 14.298389 1.1158566 57.747936 0.13564300537109375 0.1191370040178299
Car 0.0 0 2.2065491676330566 79.32331085205078 191.65481567382812 200.56529235839844 239.8309326171875 3.7777069 1.4366943 1.5740845 -16.15096 2.1378138 24.957499 1.6321879625320435 0.929181694984436
Car 0.0 0 1.8786420822143555 357.0096435546875 186.17051696777344 401.3653869628906 210.09494018554688 4.2031617 1.473764 1.6676495 -15.604897 2.4152343 48.887646 1.5696656703948975 0.7913956642150879
Car 0.0 0 1.8992658853530884 353.0710144042969 176.2135009765625 390.06585693359375 195.48716735839844 3.746475 1.5102954 1.7628478 -19.498161 1.794482 59.075 1.5804662704467773 0.5734001398086548
Car 0.0 0 -0.33631783723831177 772.8602905273438 162.5699462890625 826.7271118164062 183.844970703125 3.7952192 1.6588876 1.6640781 15.006687 0.85736245 57.238926 -0.07991243898868561 0.4304027557373047
Car 0.0 0 1.634507656097412 470.84332275390625 188.8296661376953 493.71112060546875 207.76409912109375 3.550538 1.3916358 1.5895227 -10.263714 2.7174227 58.007416 1.4593822956085205 0.20123380422592163
Car 0.0 0 -1.1808853149414062 331.95306396484375 177.34881591796875 375.1726379394531 199.65896606445312 4.122835 1.5624079 1.5693072 -18.971046 1.9089389 53.46989 -1.5218286514282227 0.18527795374393463
Car 0.0 0 -0.1798580437898636 716.669189453125 166.14584350585938 765.0768432617188 183.0697784423828 4.18764 1.5505027 1.6601574 12.094298 0.93628526 66.93397 -0.001096838153898716 0.17502427101135254
Car 0.0 0 1.8637248277664185 327.6525573730469 170.11810302734375 360.23419189453125 187.71871948242188 3.8803997 1.4849916 1.6127768 -23.156233 1.2545171 62.859634 1.510770559310913 0.15718606114387512
Car 0.0 0 -0.6882179975509644 793.8189697265625 162.73934936523438 851.4730834960938 186.72451782226562 3.9440315 1.7272844 1.660289 15.739345 0.99923813 53.4942 -0.40206751227378845 0.11902116984128952
