Pedestrian 0.0 0 1.3499690294265747 334.3599853515625 146.72938537597656 429.5480041503906 361.6836242675781 0.9344635 1.8850176 0.6722749 -2.2518435 1.6562786 6.898091 1.0344312191009521 0.2701696753501892
Pedestrian 0.0 0 -1.5354728698730469 452.5994873046875 177.1978759765625 493.025390625 268.8974609375 1.1296836 1.6321152 0.7078158 -2.6037002 1.7175145 13.510315 -1.725858211517334 0.20862440764904022
Pedestrian 0.0 0 -0.4966357350349426 1051.824462890625 148.92507934570312 1073.4176025390625 185.04522705078125 0.7870538 1.9289684 0.61459637 24.338709 0.65142107 38.86184 0.06288933753967285 0.19008608162403107
Pedestrian 0.0 0 0.17891019582748413 994.2069702148438 133.3999786376953 1106.096435546875 317.576904296875 0.9347343 1.8563751 0.6740577 4.7197123 1.459064 7.8315706 0.7212774753570557 0.17761774361133575
Pedestrian 0.0 0 2.427363872528076 1151.871826171875 150.29385375976562 1192.0294189453125 203.74256896972656 0.9053157 1.784223 0.59162676 18.955545 1.0314788 24.403332 3.087773084640503 0.1773112416267395
Cyclist 0.0 0 -2.6214792728424072 407.2567138671875 174.77108764648438 502.77490234375 267.9885559082031 1.6049149 1.6671741 0.71548295 -2.9470823 1.7049772 13.508158 -2.8362839221954346 0.22483022511005402
Car 0.0 0 2.0701169967651367 0.0 198.61541748046875 274.4000244140625 329.4975891113281 4.248815 1.3280474 1.7119617 -6.592076 1.7758904 10.353199 1.5031349658966064 0.9438990950584412
Car 0.0 0 2.4099831581115723 390.3888854980469 180.571044921875 551.3235473632812 242.65499877929688 4.482781 1.5029111 1.6584996 -3.823424 1.7450091 20.315802 2.223959445953369 0.6482594609260559
Car 0.0 0 2.304412841796875 992.4551391601562 159.48814392089844 1059.5904541015625 184.15115356445312 4.040437 1.627987 1.6823114 28.245108 0.7460747 49.05065 2.8268747329711914 0.14884942770004272
Car 0.0 0 2.2274792194366455 0.0 206.27908325195312 117.61822509765625 249.68235778808594 3.9354434 1.4343213 1.6871077 -21.929092 2.8628983 28.854391 1.577614188194275 0.12533676624298096
Car 0.0 0 1.818570613861084 415.55517578125 184.79701232910156 544.0361938476562 275.2740783691406 3.5552852 1.4705803 1.619833 -2.4335957 1.7337878 14.043199 1.6469812393188477 0.12037535756826401
