Car 0.0 0 -1.6968516111373901 669.6071166992188 183.614501953125 751.3118286132812 242.35748291015625 4.175753 1.3637251 1.6520913 2.5637221 1.6876864 19.605087 -1.5668212175369263 0.9445514678955078
Car 0.0 0 -1.9376158714294434 732.9390258789062 193.08705139160156 998.7490844726562 351.9258117675781 3.782718 1.364315 1.6295233 2.6692169 1.6612215 8.630994 -1.6376858949661255 0.8976781964302063
Car 0.0 0 3.461686372756958 246.24456787109375 185.56954956054688 429.3966064453125 253.763427734375 3.7234488 1.4938557 1.5971549 -6.3511605 1.809054 16.994822 3.104045867919922 0.8405196666717529
Car 0.0 0 3.405291795730591 302.4119567871094 179.03355407714844 460.4244384765625 241.65219116210938 3.8344898 1.6234375 1.639903 -6.2161007 1.8008956 19.778326 3.100778341293335 0.8004282116889954
Car 0.0 0 -1.647097110748291 659.381103515625 180.77508544921875 713.8372192382812 228.07164001464844 4.0477347 1.5006267 1.5981712 2.5989392 1.8046751 25.617615 -1.5459917783737183 0.7294783592224121
Car 0.0 0 3.513640880584717 86.65351104736328 172.04969787597656 369.38250732421875 286.4013366699219 3.8252776 1.7495676 1.7151241 -6.2479634 1.7376196 12.089894 3.0366499423980713 0.7080196738243103
Car 0.0 0 0.7358034253120422 0.0 195.81085205078125 221.77613830566406 367.5122985839844 3.8626735 1.5041058 1.55875 -6.361637 1.7650052 7.362188 0.02318263053894043 0.6318036317825317
Car 0.0 0 -0.11622081696987152 402.3363342285156 166.7283935546875 456.7667236328125 187.1993408203125 4.0732865 1.60104 1.6659726 -14.514695 1.1223109 57.928795 -0.36172738671302795 0.5553386211395264
Car 0.0 0 -1.6195815801620483 644.2052612304688 180.73399353027344 681.5431518554688 212.62782287597656 3.7822955 1.410385 1.5996923 2.4590952 1.8111818 34.755608 -1.548945426940918 0.5316004753112793
Car 0.0 0 -3.316080331802368 729.6954956054688 163.50767517089844 801.5689697265625 191.08499145507812 3.695326 1.5035735 1.5625567 8.590687 0.99435043 40.18452 -3.1054697036743164 0.48487022519111633
Car 0.0 0 -1.556610345840454 633.6094360351562 179.85403442382812 657.7577514648438 202.40509033203125 3.9997623 1.4205184 1.5634714 2.407849 1.9138235 48.763096 -1.5072718858718872 0.42817291617393494
Car 0.0 0 -2.7462878227233887 368.1952209472656 169.34474182128906 417.49957275390625 187.2449493408203 3.7900891 1.5365905 1.6125168 -18.941471 1.2357055 62.93229 -3.038645029067993 0.27574142813682556
Car 0.0 0 3.548336982727051 180.36288452148438 189.51502990722656 393.9552001953125 268.89410400390625 3.6196136 1.4784168 1.5453964 -6.4493093 1.8332915 14.5590725 3.1313400268554688 0.26715537905693054
Car 0.0 0 1.6780964136123657 510.1033935546875 180.7734832763672 544.59228515625 207.06300354003906 4.2007055 1.5141441 1.6946057 -5.128959 2.0307715 44.92853 1.5644303560256958 0.26355862617492676
