Pedestrian 0.0 0 0.9488176703453064 743.6444702148438 153.55380249023438 881.780517578125 374.0 0.9181126 1.7618815 0.6359795 1.6036122 1.5612781 5.7298894 1.2217038869857788 0.8221389055252075
Pedestrian 0.0 0 -1.4630141258239746 185.377197265625 161.01573181152344 271.6435852050781 361.8462829589844 0.9892255 1.6536151 0.5914458 -3.3818936 1.4863391 6.4804554 -1.943996787071228 0.6107054352760315
Pedestrian 0.0 0 -2.9922897815704346 734.0592651367188 171.02928161621094 780.644775390625 254.45155334472656 0.8965853 1.7168392 0.5154698 3.260509 1.5025892 15.18022 -2.780717611312866 0.48632386326789856
Pedestrian 0.0 0 -0.8476989269256592 1154.1722412109375 150.3982696533203 1219.97607421875 241.8795928955078 0.87310725 1.6990632 0.52442086 11.098109 1.12268 13.669514 -0.16575130820274353 0.47985488176345825
Pedestrian 0.0 0 -2.226649045944214 750.4149780273438 167.95062255859375 796.2239990234375 243.8651123046875 0.9103255 1.6602622 0.5682448 3.840747 1.3651576 16.23921 -1.9944058656692505 0.36246371269226074
Pedestrian 0.0 0 1.0633289813995361 835.8335571289062 148.9317626953125 972.925537109375 374.0 0.8374109 1.7368687 0.69145685 2.3525264 1.4967399 5.7819867 1.4497451782226562 0.3614315986633301
Pedestrian 0.0 0 1.7540645599365234 565.128173828125 172.93182373046875 581.1885986328125 213.0703125 0.7818983 1.7410326 0.5739882 -1.253275 1.370343 31.583618 1.7144042253494263 0.33435145020484924
Pedestrian 0.0 0 -2.235403060913086 997.8532104492188 155.87506103515625 1050.3204345703125 236.92747497558594 0.7940289 1.7321855 0.6387137 9.239756 1.1857795 15.785445 -1.7058371305465698 0.1998853236436844
Pedestrian 0.0 0 -0.6667061448097229 1059.7794189453125 145.53079223632812 1236.7642822265625 340.2701110839844 1.0800887 1.6668121 0.6908544 4.862362 1.3603296 6.504455 -0.02477916330099106 0.19043287634849548
Cyclist 0.0 0 0.8397496938705444 931.798828125 85.54925537109375 1238.0 374.0 1.9479996 1.807951 0.62168413 2.5082216 1.4506463 3.6899595 1.4367501735687256 0.757455587387085
Cyclist 0.0 0 1.1034296751022339 869.4529418945312 166.78172302246094 975.3413696289062 312.21832275390625 1.5265167 1.7557688 0.64176524 4.1224575 1.5794259 9.449431 1.514803171157837 0.2717311382293701
Cyclist 0.0 0 -2.4382197856903076 1038.1611328125 142.9344482421875 1235.1676025390625 362.88531494140625 1.3910227 1.7529058 0.5461593 4.6832175 1.4469488 6.462702 -1.8111389875411987 0.24576924741268158
Cyclist 0.0 0 -3.5121049880981445 872.7610473632812 160.57420349121094 946.41845703125 237.41136169433594 1.497512 1.7974689 0.60001385 7.2962813 1.3091513 17.125547 -3.1093482971191406 0.22070173919200897
Cyclist 0.0 0 -1.4214726686477661 170.8438262939453 157.34925842285156 267.7925720214844 362.20184326171875 1.0529878 1.6650687 0.620275 -3.434916 1.4701588 6.4359937 -1.9117186069488525 0.2037125676870346
Cyclist 0.0 0 0.9482991099357605 741.8521728515625 153.65078735351562 887.8624877929688 374.0 0.9766046 1.7476662 0.667998 1.6191018 1.5487139 5.738117 1.2233152389526367 0.1157429963350296
Car 0.0 0 1.6620806455612183 514.277099609375 177.54393005371094 564.4448852539062 215.8101348876953 4.4771523 1.5532235 1.782067 -2.6496665 1.3936411 31.39943 1.5778943300247192 0.5623736381530762
Car 0.0 0 1.5936278104782104 579.4603881835938 174.9943084716797 605.8441772460938 200.518310546875 4.2641215 1.6166039 1.6545438 -0.53388214 1.205272 47.635838 1.5824207067489624 0.4529191553592682
Car 0.0 0 -1.6250860691070557 639.1883544921875 175.3759307861328 666.639404296875 199.6486053466797 3.4808173 1.5105126 1.5772732 3.3036036 1.1301359 46.45343 -1.5540891885757446 0.26730915904045105
Car 0.0 0 -2.0468287467956543 34.65384292602539 159.03038024902344 119.31746673583984 193.81764221191406 4.051771 1.6423064 1.7210436 -25.998802 0.58242947 35.585865 -2.677793502807617 0.22447991371154785
