Cyclist 0.0 0 -1.6848015785217285 680.2994384765625 169.41493225097656 692.9069213867188 197.27159118652344 1.4567422 1.6634984 0.5974291 4.612654 1.4584876 43.815933 -1.5799144506454468 0.16852785646915436
Cyclist 0.0 0 1.79213547706604 309.1700744628906 180.7878875732422 323.675537109375 205.4778594970703 1.6155345 1.7012941 0.6135025 -20.815699 2.272966 51.10748 1.4053581953048706 0.15353749692440033
Car 0.0 0 1.9086644649505615 355.40301513671875 181.99160766601562 401.572509765625 204.67236328125 4.4091687 1.5010835 1.7947006 -16.572166 2.1853955 51.775795 1.5988929271697998 0.7314854860305786
Car 0.0 0 1.75877046585083 557.5634155273438 171.30934143066406 582.8259887695312 188.03463745117188 3.628622 1.4986342 1.6799992 -3.6616812 1.3605852 66.55876 1.7038116455078125 0.20722317695617676
Car 0.0 0 -3.1346096992492676 593.4210815429688 169.13243103027344 638.8431396484375 185.55796813964844 4.119399 1.4889753 1.6191019 0.5476162 1.1519725 66.24554 -3.1263434886932373 0.19160179793834686
Car 0.0 0 -0.34870606660842896 676.9998168945312 169.1371612548828 724.8185424804688 185.52337646484375 4.134102 1.5080961 1.6498812 8.49596 1.1663771 67.66675 -0.22380375862121582 0.16967664659023285
Car 0.0 0 1.4842989444732666 757.6687622070312 162.42044067382812 784.5318603515625 187.3656463623047 3.8316176 1.7693571 1.6007975 11.809674 1.0296646 53.18023 1.7028217315673828 0.1392478197813034
Car 0.0 0 1.4618265628814697 768.6305541992188 160.5074005126953 798.850341796875 187.60853576660156 3.7646601 1.7793636 1.6020659 11.810149 0.9690876 49.338913 1.6967737674713135 0.1312343180179596
Car 0.0 0 1.5219999551773071 748.6473999023438 163.8729705810547 771.8404541015625 186.42062377929688 3.9035604 1.7187309 1.6007398 11.821919 1.0344948 57.049793 1.7263290882110596 0.12277843803167343
Car 0.0 0 1.4317677021026611 781.2376098632812 158.36119079589844 815.8396606445312 187.58151245117188 3.6729574 1.7656716 1.610727 11.815506 0.8902848 45.513744 1.6857638359069824 0.10960187017917633
