Car 0.0 0 -1.6812328100204468 654.9193725585938 162.14108276367188 721.2323608398438 216.93499755859375 3.8956914 1.5645645 1.61741 2.3056023 1.25903 22.554462 -1.5793628692626953 0.8352448344230652
Car 0.0 0 1.9031280279159546 213.14974975585938 185.36614990234375 479.4458312988281 348.2432556152344 4.260161 1.4338018 1.6445433 -2.8886833 1.624331 8.821006 1.5866566896438599 0.7928286194801331
Car 0.0 0 -1.3528518676757812 424.6173400878906 164.1338348388672 522.5919799804688 234.9530029296875 3.909803 1.5253516 1.514949 -3.2305186 1.3378888 17.518843 -1.5352058410644531 0.7324737310409546
Car 0.0 0 -1.5945544242858887 631.2096557617188 170.40533447265625 661.4157104492188 197.12940979003906 3.8688815 1.4035759 1.5649453 1.9290788 1.2753273 39.846256 -1.546179175376892 0.7267552018165588
Car 0.0 0 1.2970494031906128 708.6732177734375 171.03892517089844 923.6468505859375 312.55401611328125 4.1288896 1.5671513 1.7181753 2.5221765 1.5474089 10.075687 1.5423320531845093 0.31249526143074036
Car 0.0 0 2.7102713584899902 652.5668334960938 163.6726837158203 707.513427734375 184.0618438720703 4.2628975 1.6654247 1.6944779 5.8399825 0.9158344 60.434704 2.806605100631714 0.2935478091239929
Car 0.0 0 2.338848114013672 0.0 132.5254364013672 85.48612976074219 285.1011047363281 3.3171206 1.6295581 1.7442961 -8.9477215 1.1991937 9.366877 1.576332449913025 0.16097407042980194
Car 0.0 0 0.20552492141723633 0.0 137.83197021484375 181.42800903320312 197.73484802246094 4.2295322 1.643849 1.6970078 -15.335227 0.68313587 21.427778 -0.41564083099365234 0.15000872313976288
Car 0.0 0 -0.35288894176483154 658.6920776367188 164.38844299316406 714.4887084960938 185.16209411621094 4.0934076 1.6183453 1.6846417 6.06976 0.9592035 57.526257 -0.24776506423950195 0.14697517454624176
Car 0.0 0 2.9901604652404785 523.8778076171875 168.56546020507812 606.7874145507812 199.9282684326172 3.9635816 1.5248983 1.5996257 -2.3046215 1.3167421 36.28327 2.9267282485961914 0.12361335754394531
Car 0.0 0 1.6423722505569458 540.1460571289062 167.84066772460938 574.8427124023438 196.87403869628906 4.241804 1.5798658 1.6867468 -2.995065 1.3074212 41.381584 1.5701215267181396 0.11020556837320328
