Pedestrian 0.0 0 -1.2471435070037842 0.0 154.51316833496094 145.85308837890625 374.0 0.82860184 1.6366918 0.6256395 -3.2599745 1.4948689 4.3028007 -1.8955163955688477 0.7699369788169861
Pedestrian 0.0 0 1.19130539894104 645.3422241210938 159.72019958496094 678.1298828125 230.59869384765625 0.668906 1.8043483 0.64747226 1.5322248 1.2510809 18.698687 1.2730656862258911 0.5650458335876465
Pedestrian 0.0 0 1.8350715637207031 214.8507843017578 160.95074462890625 305.6258239746094 339.32574462890625 0.8147921 1.616919 0.60630035 -3.33004 1.4320247 6.964366 1.3890528678894043 0.5439785122871399
Pedestrian 0.0 0 -1.6110421419143677 502.60333251953125 166.74261474609375 518.6705322265625 215.8632049560547 1.0887269 1.8094053 0.55432403 -3.444189 1.266843 27.040812 -1.7377300262451172 0.4368112087249756
Pedestrian 0.0 0 1.7568182945251465 92.50469970703125 169.98130798339844 160.64767456054688 297.5210266113281 0.7746097 1.7153919 0.67373997 -6.7311416 1.5617923 10.146758 1.1710954904556274 0.2551631033420563
Pedestrian 0.0 0 -2.2707810401916504 61.08394241333008 162.0961151123047 179.06521606445312 329.9208679199219 0.9828256 1.7256542 0.56056917 -5.257605 1.5274984 7.787625 -2.8646152019500732 0.25134170055389404
Pedestrian 0.0 0 0.22271224856376648 420.9796142578125 161.97596740722656 473.19244384765625 254.67356872558594 0.87300056 1.7586143 0.64229715 -3.026017 1.3894715 13.950402 0.009108781814575195 0.18416890501976013
Pedestrian 0.0 0 -1.0497617721557617 96.17063903808594 152.55006408691406 224.68760681152344 351.05865478515625 1.0806459 1.7697542 0.60386103 -4.2692966 1.5130389 6.950597 -1.600582242012024 0.17762815952301025
Pedestrian 0.0 0 0.5151283740997314 579.1178588867188 160.2065887451172 632.4605102539062 244.28622436523438 0.98054403 1.7368822 0.5793637 0.055818852 1.2982492 15.331105 0.5187692642211914 0.16605496406555176
Pedestrian 0.0 0 1.5075218677520752 516.8367919921875 166.5847930908203 534.7781982421875 213.1938934326172 0.9113351 1.7381629 0.6195185 -2.8980958 1.1829742 27.287085 1.4017109870910645 0.16211111843585968
Pedestrian 0.0 0 0.897314190864563 467.01995849609375 164.34011840820312 482.9978942871094 195.94851684570312 0.82473767 1.8772782 0.5507799 -7.5907235 0.8588871 43.13993 0.7231411933898926 0.15783041715621948
Pedestrian 0.0 0 -2.2663588523864746 96.59922790527344 157.00779724121094 192.40516662597656 314.3766174316406 0.76778 1.7962652 0.6212145 -5.512678 1.5180526 8.608451 -2.8359413146972656 0.15036961436271667
Cyclist 0.0 0 1.428397536277771 431.0787048339844 160.48773193359375 474.6529541015625 255.89471435546875 1.5499684 1.7413032 0.60676575 -2.942054 1.3590685 13.939982 1.2203984260559082 0.4275854825973511
Cyclist 0.0 0 -0.8729041218757629 75.39852905273438 165.0457763671875 112.71377563476562 205.367431640625 1.3887843 1.635112 0.48991162 -21.077066 0.9688601 29.8394 -1.4878792762756348 0.2332337498664856
Cyclist 0.0 0 -3.170285940170288 586.4841918945312 180.14744567871094 680.7674560546875 279.216552734375 1.5335379 1.610903 0.53264344 0.4836281 1.5902013 11.953107 -3.129847526550293 0.1983223706483841
Cyclist 0.0 0 1.857767105102539 204.43641662597656 152.67428588867188 305.9831237792969 337.40936279296875 1.0562217 1.6410656 0.6140055 -3.360142 1.3863779 6.949617 1.407406210899353 0.10871283710002899
Car 0.0 0 1.8845906257629395 197.3663787841797 187.7427215576172 408.76214599609375 300.7235107421875 4.454449 1.40463 1.7500542 -4.466764 1.5252075 11.453149 1.5127317905426025 0.9013041257858276
Car 0.0 0 -0.03870034217834473 0.0 157.87939453125 32.22001647949219 195.80783081054688 3.968512 1.6466823 1.7599176 -28.927292 0.6221417 33.185448 -0.7556503415107727 0.6471688151359558
Car 0.0 0 3.6372480392456055 0.0 164.47898864746094 91.35698699951172 194.25662231445312 4.0395527 1.632069 1.673995 -31.453321 0.6999926 40.524498 2.9772164821624756 0.26305457949638367
Car 0.0 0 -2.5985846519470215 388.5934753417969 167.57171630859375 438.99578857421875 185.07289123535156 4.3255835 1.6139449 1.7278706 -17.634674 0.32985267 67.68459 -2.8534603118896484 0.19179987907409668
Car 0.0 0 1.9114075899124146 419.52166748046875 168.1739501953125 462.3149719238281 190.46910095214844 3.8927019 1.5168287 1.7619561 -11.307536 0.6108628 50.907703 1.6928375959396362 0.19064609706401825
