Pedestrian 0.0 0 -1.5113441944122314 172.35018920898438 180.5487823486328 229.84645080566406 307.0956726074219 0.7378606 1.6627058 0.6539601 -5.7096663 1.7749264 10.011009 -2.0296683311462402 0.20531006157398224
Cyclist 0.0 0 -3.1826822757720947 719.1325073242188 162.61647033691406 884.8377685546875 318.6693115234375 1.8079895 1.7193153 0.7000135 2.1610918 1.6068809 8.476392 -2.933046340942383 0.1691838502883911
Cyclist 0.0 0 -1.9172425270080566 781.9566650390625 161.85089111328125 818.5551147460938 222.05149841308594 1.4533763 1.7286808 0.5905431 5.596778 1.4130809 21.467062 -1.6622051000595093 0.14411699771881104
Cyclist 0.0 0 -1.4536625146865845 642.493408203125 169.26170349121094 650.21337890625 189.02203369140625 1.1639751 1.6886033 0.53408253 3.1187236 1.3819828 62.273968 -1.4036235809326172 0.137204110622406
Car 0.0 0 -1.6951019763946533 662.3860473632812 178.72019958496094 720.0519409179688 221.69984436035156 3.6790798 1.3774626 1.5618404 2.7511668 1.6000582 25.479956 -1.5875449180603027 0.9561300277709961
Car 0.0 0 1.7492074966430664 459.02886962890625 182.40286254882812 515.9307861328125 223.4913787841797 3.851062 1.4845918 1.5874332 -4.8746104 1.8930632 28.901018 1.5821144580841064 0.9502677321434021
Car 0.0 0 -0.9015123248100281 0.0 203.74676513671875 283.0719299316406 375.0 4.345023 1.4203571 1.6233939 -4.3081255 1.7462453 5.426496 -1.5725260972976685 0.8404082655906677
Car 0.0 0 -1.238548994064331 314.1927795410156 182.64913940429688 456.8710632324219 269.9900817871094 3.9039567 1.5165851 1.6143649 -4.5135484 1.7468742 14.952603 -1.5317085981369019 0.7565299272537231
Car 0.0 0 -1.8695063591003418 731.0538940429688 186.83412170410156 930.7835083007812 323.1382141113281 3.3819065 1.4226897 1.5354239 2.652861 1.6421307 9.592081 -1.599683165550232 0.6501856446266174
Car 0.0 0 1.6679365634918213 512.2447509765625 180.93077087402344 546.2249755859375 209.13894653320312 4.1070633 1.6232758 1.7061538 -4.99516 2.1478949 44.766964 1.5568147897720337 0.33801835775375366
Car 0.0 0 1.848500370979309 574.4149780273438 170.90199279785156 601.6096801757812 188.09579467773438 3.9678519 1.5548162 1.5089123 -2.0385096 1.3786554 67.35336 1.8182437419891357 0.19250696897506714
