Pedestrian 0.0 0 -2.211819648742676 185.49246215820312 176.916259765625 261.3720703125 289.105224609375 0.9783492 1.6822358 0.5775282 -6.115229 1.7489643 11.318171 -2.707186698913574 0.4789726436138153
Pedestrian 0.0 0 -2.377084255218506 19.488006591796875 162.3826141357422 134.6505889892578 315.1982727050781 0.94569683 1.6645975 0.5305273 -6.0816717 1.5508922 8.179057 -3.0164551734924316 0.2632763385772705
Cyclist 0.0 0 2.1095430850982666 0.0 172.29769897460938 133.86167907714844 341.0415954589844 1.6013217 1.7234099 0.59558135 -6.2185645 1.7180864 8.19503 1.4604201316833496 0.4060766398906708
Car 0.0 0 1.7139577865600586 462.1238098144531 179.4827117919922 526.9390258789062 226.09437561035156 4.0728493 1.4785312 1.6953138 -4.035905 1.7321309 25.51489 1.5570790767669678 0.9243714213371277
Car 0.0 0 -1.36636221408844 409.8210144042969 183.2714385986328 500.2963562011719 246.72607421875 3.61233 1.464495 1.6285508 -4.026818 1.7661024 19.053257 -1.5746426582336426 0.8843222260475159
Car 0.0 0 3.5681893825531006 0.0 183.49984741210938 265.2654724121094 280.17034912109375 3.812389 1.5455688 1.5898148 -8.469697 1.7515616 12.852931 2.985534191131592 0.6237340569496155
Car 0.0 0 -0.08776611089706421 609.4010009765625 167.41598510742188 656.8944091796875 185.71823120117188 4.1030664 1.6082101 1.6365473 2.0202568 1.1307325 64.33103 -0.056372348219156265 0.4795730710029602
Car 0.0 0 1.7425551414489746 487.4409484863281 169.20135498046875 512.4888916015625 186.4696807861328 3.777954 1.5337651 1.6448342 -10.050926 1.209696 65.9895 1.5914058685302734 0.18444591760635376
Car 0.0 0 -0.5327631831169128 462.4837646484375 176.2159881591797 537.657470703125 205.82952880859375 3.8094163 1.5463946 1.6389115 -6.0900145 1.7413936 39.93166 -0.6841078996658325 0.1664523035287857
Car 0.0 0 3.1063613891601562 598.1671142578125 168.7436981201172 646.5819702148438 185.64173889160156 4.431906 1.5467831 1.6360226 1.1024343 1.1708987 66.90356 3.122837781906128 0.16449514031410217
Car 0.0 0 0.30056923627853394 194.619384765625 155.72625732421875 305.4542236328125 190.76112365722656 3.8382132 1.4094417 1.6072886 -14.987371 0.7207558 30.125511 -0.16107453405857086 0.12843580543994904
