Pedestrian 0.0 0 2.4976658821105957 946.86181640625 146.49000549316406 996.2606811523438 228.89453125 0.76597184 1.7426949 0.57070196 7.7641783 1.1855057 15.606419 2.95931077003479 0.24679884314537048
Pedestrian 0.0 0 -3.1964504718780518 729.8334350585938 164.32398986816406 755.8250122070312 207.87464904785156 0.9704085 1.6848661 0.5608121 5.1525326 1.3552195 28.250696 -3.016047239303589 0.17786109447479248
Car 0.0 0 2.0706210136413574 51.44281768798828 186.67156982421875 320.1054992675781 320.4621887207031 4.198844 1.5998877 1.7217749 -6.2284083 1.854512 11.167742 1.5618743896484375 0.9066320657730103
Car 0.0 0 1.6920852661132812 505.7541809082031 180.67880249023438 552.0234985351562 212.99493408203125 4.2691507 1.4248253 1.7253565 -3.9041376 1.8279219 34.99116 1.5809698104858398 0.8694760799407959
Car 0.0 0 1.9452913999557495 273.1062927246094 188.599365234375 408.2518310546875 259.4678649902344 4.304086 1.444926 1.6491835 -6.5113134 1.882153 17.845266 1.5954257249832153 0.8651800751686096
Car 0.0 0 -1.5997941493988037 631.185791015625 174.387451171875 656.113037109375 195.22152709960938 3.7763956 1.3869237 1.6171541 2.2797372 1.4980388 50.21106 -1.5544222593307495 0.8011971116065979
Car 0.0 0 -2.1259613037109375 1057.640380859375 151.32675170898438 1167.765869140625 195.7375030517578 3.593226 1.4984193 1.6147565 18.055012 0.77244747 26.175705 -1.5221394300460815 0.47231245040893555
Car 0.0 0 1.8004977703094482 478.44586181640625 180.87327575683594 520.5184936523438 206.9529266357422 3.9746192 1.448822 1.6393938 -6.6230626 1.9541223 43.384434 1.6490074396133423 0.44801807403564453
Car 0.0 0 1.7975820302963257 407.706787109375 183.37648010253906 470.18414306640625 223.24205017089844 3.8236096 1.429196 1.6052471 -6.7855415 1.877406 28.7914 1.5661262273788452 0.3237012028694153
Car 0.0 0 1.6518197059631348 537.725830078125 177.7712860107422 568.0565185546875 201.59527587890625 4.124286 1.4799252 1.6736172 -3.765748 1.8196793 47.73462 1.5730935335159302 0.27471837401390076
Car 0.0 0 3.3800923824310303 241.05067443847656 167.1757354736328 326.75238037109375 196.6782989501953 4.04932 1.5830808 1.6231511 -17.993202 1.2787479 39.885002 2.956301689147949 0.22485782206058502
