Pedestrian 0.0 0 0.9919904470443726 953.7046508789062 123.9535903930664 1093.0631103515625 375.0 0.58657485 1.7391042 0.6385964 2.8483093 1.4140855 5.1133404 1.5002187490463257 0.2731838822364807
Pedestrian 0.0 0 1.383787989616394 44.422767639160156 165.11196899414062 132.4475555419922 365.26751708984375 0.7838783 1.8533266 0.56793004 -5.2320232 1.7819976 7.1534305 0.7522971630096436 0.23611152172088623
Pedestrian 0.0 0 1.4357304573059082 0.0 164.63697814941406 62.33732604980469 371.1211853027344 0.7800801 1.7400365 0.60174644 -5.499816 1.6711498 6.5626626 0.7382171154022217 0.22062571346759796
Pedestrian 0.0 0 -0.6172457933425903 1156.488037109375 151.54393005371094 1179.3287353515625 183.8002166748047 0.8752442 1.8383504 0.5584614 31.986465 0.62420475 41.415806 0.040390968322753906 0.1800752878189087
Pedestrian 0.0 0 -0.39305129647254944 934.1373901367188 161.80764770507812 950.945556640625 187.49197387695312 0.88984734 1.694692 0.49729648 22.030273 0.9661943 47.870953 0.0382535457611084 0.1695651412010193
Car 0.0 0 1.8370733261108398 374.22607421875 185.03834533691406 432.38446044921875 219.49290466308594 3.9428844 1.4301165 1.6001447 -9.507678 2.026761 33.327793 1.559177279472351 0.7805816531181335
Car 0.0 0 1.5766774415969849 603.2001953125 176.64993286132812 629.065185546875 200.65464782714844 3.7240689 1.4660999 1.6012964 0.3727882 1.7211193 46.530857 1.5846889019012451 0.7411858439445496
Car 0.0 0 2.267864465713501 0.0 196.41641235351562 91.4065933227539 319.8244323730469 3.8242826 1.3445122 1.644891 -9.768004 1.7533021 10.553798 1.521114468574524 0.7247686982154846
Car 0.0 0 -0.9977745413780212 720.0718994140625 169.5168914794922 761.0531005859375 188.47415161132812 3.4997299 1.4736321 1.5949014 10.47537 1.2145813 57.908314 -0.8188140392303467 0.47652971744537354
Car 0.0 0 2.7365245819091797 757.403076171875 158.8711700439453 830.2416381835938 188.13018798828125 3.9048116 1.7032379 1.5889701 10.920627 0.889622 43.089436 2.984739065170288 0.2544659674167633
Car 0.0 0 1.0843451023101807 1046.2811279296875 157.33004760742188 1146.0064697265625 200.80772399902344 3.9095118 1.6094697 1.6433743 19.180357 1.0351578 28.735682 1.6729072332382202 0.2474999874830246
Car 0.0 0 -1.826383113861084 773.905517578125 161.50674438476562 825.9161376953125 193.36355590820312 4.052938 1.5789948 1.6515013 9.836793 1.0169222 37.78776 -1.5717182159423828 0.2230137586593628
Car 0.0 0 -1.25418221950531 415.7598571777344 174.6873321533203 451.6630554199219 193.45419311523438 4.10269 1.4877545 1.6947504 -14.565942 1.6452236 59.720654 -1.493412733078003 0.2225818783044815
Car 0.0 0 1.4120569229125977 719.020263671875 166.73843383789062 749.2169799804688 189.61520385742188 3.7772744 1.644461 1.6344961 9.181703 1.2052114 53.760952 1.5812124013900757 0.18156149983406067
Car 0.0 0 1.1818584203720093 899.908447265625 159.83544921875 947.2267456054688 183.90451049804688 4.0129056 1.596274 1.5895096 21.578838 0.733233 49.87159 1.5902228355407715 0.175041064620018
Car 0.0 0 -0.3205312490463257 731.3583374023438 165.4583740234375 793.5377807617188 188.14022827148438 3.944103 1.5507095 1.5882725 10.582887 1.0454441 50.339294 -0.11331771314144135 0.15277884900569916
Car 0.0 0 2.8124771118164062 738.4640502929688 164.73138427734375 802.5671997070312 189.9898681640625 3.8236265 1.637203 1.6238323 10.573987 1.1110687 47.785168 3.03024959564209 0.15094248950481415
Car 0.0 0 -0.8366721868515015 869.5010986328125 161.81723022460938 922.795166015625 182.9194793701172 3.882722 1.5733792 1.6192902 21.943314 0.7508372 55.38151 -0.4594278931617737 0.146760955452919
Car 0.0 0 -1.5973278284072876 963.1824340820312 156.7179718017578 996.2395629882812 184.68246459960938 4.4977555 1.7106512 1.7702068 23.764685 0.7239312 46.546124 -1.1252663135528564 0.13371770083904266
Car 0.0 0 1.0037691593170166 1106.029541015625 141.4081573486328 1213.1199951171875 180.1687469482422 4.164124 1.5572302 1.6911242 23.511822 0.29423228 31.128363 1.650665283203125 0.1328345388174057
