Pedestrian 0.0 0 -1.7496073246002197 704.2648315429688 172.46401977539062 725.0873413085938 214.5227813720703 1.6681054 1.7145689 0.57297915 4.336416 1.6990287 30.255417 -1.6072499752044678 0.11720944941043854
Cyclist 0.0 0 -1.7278870344161987 703.5326538085938 171.76416015625 723.9134521484375 214.72662353515625 1.7727773 1.7497816 0.5723028 4.298702 1.7057524 30.275007 -1.586841344833374 0.6600498557090759
Cyclist 0.0 0 2.1903324127197266 90.62322235107422 159.15716552734375 184.94329833984375 277.709228515625 1.4017352 1.8479509 0.60838294 -7.8345065 1.6348069 11.9566765 1.6102814674377441 0.14460958540439606
Car 0.0 0 1.2805182933807373 764.5404663085938 187.17279052734375 961.1676025390625 317.8546447753906 3.6769352 1.4755647 1.6096808 3.3411746 1.7192705 10.405256 1.591222882270813 0.8979149460792542
Car 0.0 0 1.8193414211273193 536.4661254882812 177.736572265625 595.300048828125 216.13333129882812 4.106335 1.5755168 1.671056 -1.9411787 1.8093743 32.32993 1.7593706846237183 0.8469348549842834
Car 0.0 0 1.7447738647460938 585.1227416992188 179.47137451171875 626.5718383789062 210.94815063476562 3.9853456 1.6036645 1.6183108 -0.21179353 1.9877841 39.74113 1.739444613456726 0.8336222171783447
Car 0.0 0 -2.1847822666168213 949.54541015625 190.1988983154297 1242.0 375.0 4.19489 1.4171971 1.6562394 3.5557292 1.569823 4.1665654 -1.4783201217651367 0.8287913203239441
Car 0.0 0 1.6462416648864746 647.9471435546875 178.663818359375 674.2660522460938 198.80279541015625 3.8930483 1.4667829 1.7431084 3.9585662 1.9328794 55.786144 1.7170826196670532 0.2656313478946686
Car 0.0 0 -1.7080928087234497 688.3388061523438 178.53610229492188 737.9488525390625 216.4769287109375 3.2443025 1.5042855 1.6511017 4.294157 1.7593285 30.714687 -1.5691852569580078 0.13604022562503815
Car 0.0 0 -1.514905571937561 748.192138671875 182.66864013671875 822.9375610351562 251.9801788330078 3.9983904 1.4784731 1.5995723 4.453038 1.7548231 18.141571 -1.2742040157318115 0.1304721236228943
