Pedestrian 0.0 0 -0.5784844756126404 922.6268310546875 147.78077697753906 956.4524536132812 205.03787231445312 0.877807 1.960831 0.611093 11.403615 1.1025295 25.075441 -0.15166902542114258 0.1414148211479187
Pedestrian 0.0 0 -0.03753027319908142 875.8914794921875 158.8608856201172 891.292724609375 185.05209350585938 1.0570979 1.9426389 0.5140548 20.417667 0.90510774 53.92683 0.32440853118896484 0.1270209401845932
Car 0.0 0 2.0659496784210205 164.0555419921875 192.96099853515625 318.6795959472656 264.7997131347656 3.9389973 1.4171854 1.6144322 -8.701155 1.9563584 17.33971 1.6008590459823608 0.9109233021736145
Car 0.0 0 -1.4206976890563965 596.0247192382812 176.0980682373047 631.818115234375 199.89259338378906 3.9492366 1.3838567 1.6419607 0.2550592 1.5941195 44.605682 -1.4149796962738037 0.8460172414779663
Car 0.0 0 -0.30975204706192017 715.3546752929688 164.95648193359375 767.3770751953125 184.17283630371094 4.04781 1.612918 1.6999327 11.184396 0.9503988 61.66508 -0.13032928109169006 0.59822678565979
Car 0.0 0 -0.8265336155891418 1195.9576416015625 151.42288208007812 1242.0 183.16615295410156 4.124179 1.599903 1.6429011 32.959656 0.5201037 37.394978 -0.10409444570541382 0.22430987656116486
Car 0.0 0 -0.48723137378692627 801.5137939453125 156.2305908203125 890.5966796875 191.03628540039062 3.603829 1.561492 1.5846697 10.878471 0.81607187 33.458168 -0.1728760153055191 0.17727862298488617
Car 0.0 0 1.5003743171691895 906.7843627929688 159.4600830078125 938.8793334960938 186.73577880859375 3.9644325 1.7408559 1.6847756 20.819975 0.8863542 48.19832 1.908129334449768 0.17443056404590607
Car 0.0 0 1.227759838104248 978.49462890625 150.3959503173828 1045.17333984375 186.74107360839844 3.88526 1.6745772 1.626324 19.522106 0.64019585 35.29009 1.733048439025879 0.14039167761802673
Car 0.0 0 -2.5342845916748047 464.1421813964844 180.7855224609375 527.2030639648438 203.14768981933594 3.8574479 1.3796223 1.5820405 -7.5098023 1.9154844 47.162273 -2.6921920776367188 0.13094620406627655
Car 0.0 0 1.873579502105713 511.2757568359375 183.4872283935547 548.452880859375 204.84576416015625 3.8865511 1.3820082 1.5115471 -5.6234226 2.1609788 50.77957 1.76328706741333 0.1270972192287445
Car 0.0 0 -0.4864305257797241 796.413818359375 165.28652954101562 847.894775390625 182.95169067382812 4.2134027 1.5798419 1.6614796 19.302786 0.9034196 65.760796 -0.20091977715492249 0.11260157078504562
Car 0.0 0 1.231658697128296 927.414306640625 150.6619415283203 990.8840942382812 188.64617919921875 3.775899 1.7525028 1.6167139 16.934814 0.72897196 35.2518 1.6795002222061157 0.1081763282418251
Car 0.0 0 -0.5526653528213501 708.7120361328125 166.24366760253906 755.189208984375 184.10360717773438 3.855294 1.5749749 1.6267837 10.983084 0.99240136 65.1045 -0.38553959131240845 0.10618116706609726
Car 0.0 0 -0.48338568210601807 183.9864959716797 191.37826538085938 283.2167053222656 225.2023162841797 4.029743 1.4553285 1.6356217 -18.470152 2.4212837 35.487007 -0.9632799625396729 0.10232726484537125
