Car 0.0 0 -1.7720813751220703 687.930419921875 178.73341369628906 806.4907836914062 259.5776062011719 4.1182685 1.4464072 1.6247362 2.690225 1.5883256 15.289501 -1.5979117155075073 0.953180193901062
Car 0.0 0 1.4349353313446045 615.6729736328125 178.1374969482422 642.6942138671875 198.68276977539062 3.544705 1.4227728 1.5031391 1.3436738 1.8229738 52.757183 1.46039879322052 0.7372660040855408
Car 0.0 0 0.2816472053527832 328.3198547363281 186.46055603027344 474.9061584472656 238.81610107421875 3.9676683 1.4941536 1.613958 -6.267902 1.9213519 21.821198 0.0019383430480957031 0.639775276184082
Car 0.0 0 0.2086772918701172 354.49322509765625 165.2372589111328 419.8214416503906 188.6127166748047 4.257413 1.6582048 1.7090902 -16.110989 1.1182466 52.22515 -0.09055107831954956 0.35486140847206116
Car 0.0 0 1.9358468055725098 293.7974548339844 172.81179809570312 368.7328796386719 214.4489288330078 3.4194114 1.5160893 1.5935957 -10.76431 1.5149112 27.981298 1.568602204322815 0.3300800323486328
Car 0.0 0 0.10313110053539276 419.896728515625 173.1151885986328 510.1327819824219 213.19776916503906 4.2537446 1.938985 1.7896293 -7.20538 1.9527731 36.00694 -0.09437106549739838 0.30187615752220154
Car 0.0 0 1.6753880977630615 502.4140319824219 180.54156494140625 532.1925048828125 203.66616821289062 3.840724 1.472445 1.6222996 -6.306849 2.0173428 49.168114 1.5478136539459229 0.2638660967350006
Car 0.0 0 -2.2159359455108643 676.4010009765625 176.7726593017578 733.64501953125 204.7959747314453 3.4191065 1.4901447 1.4294547 5.2829194 1.7216539 40.71922 -2.086916446685791 0.25878697633743286
Car 0.0 0 3.774556875228882 23.377220153808594 166.47732543945312 116.979736328125 194.96719360351562 3.8975477 1.5304861 1.6431913 -29.608534 1.1882868 39.597786 3.1325087547302246 0.2479221671819687
Car 0.0 0 0.4127221405506134 218.76150512695312 180.49009704589844 410.8923034667969 255.4296112060547 3.8111498 1.6402854 1.6509049 -6.8391027 1.8282313 16.84576 0.027068138122558594 0.24046671390533447
Car 0.0 0 -2.456364154815674 252.0091552734375 167.85801696777344 315.6171569824219 189.72708129882812 4.1109624 1.5476786 1.6181859 -23.693693 1.1944692 52.37161 -2.8812243938446045 0.23406924307346344
Car 0.0 0 -1.18794846534729 196.90170288085938 192.80755615234375 426.22802734375 329.4229736328125 3.638559 1.4287248 1.6140728 -3.864059 1.7536254 9.905037 -1.5599004030227661 0.1903759241104126
Car 0.0 0 2.904587507247925 683.2190551757812 178.0765838623047 788.7380981445312 216.10009765625 4.1201606 1.545298 1.6902817 5.2455096 1.7740622 30.571873 3.074512481689453 0.18798820674419403
Car 0.0 0 -2.3980491161346436 394.7094421386719 182.9700927734375 495.8117370605469 224.65992736816406 3.5944083 1.4280642 1.5421064 -6.230223 1.8292512 27.028118 -2.624600887298584 0.13007935881614685
Car 0.0 0 -1.068865180015564 183.23727416992188 183.10768127441406 393.2786865234375 287.74810791015625 4.1760745 1.5470309 1.6807114 -5.6698165 1.7663869 13.247908 -1.4732557535171509 0.1295935958623886
