Pedestrian 0.0 0 0.5873308181762695 396.4674072265625 166.1688690185547 409.5967712402344 190.5989990234375 0.7885382 1.86606 0.56774205 -15.94536 1.3557835 55.500767 0.30756592750549316 0.22138389945030212
Pedestrian 0.0 0 -0.15919823944568634 742.6428833007812 161.38560485839844 759.1812133789062 190.21466064453125 0.94822073 1.8207316 0.60119617 8.92574 1.0967901 45.882843 0.032935380935668945 0.19159936904907227
Pedestrian 0.0 0 0.46808722615242004 390.85589599609375 164.95089721679688 404.9306335449219 189.9777374267578 0.87016594 1.8914043 0.55590886 -16.157875 1.2944839 54.879475 0.18175315856933594 0.10776980966329575
Pedestrian 0.0 0 -2.6508677005767822 261.0745544433594 171.51014709472656 276.7652587890625 194.87161254882812 0.96749216 1.8686694 0.6115079 -27.459637 1.7615321 58.0416 -3.092766761779785 0.10189403593540192
Car 0.0 0 1.6225324869155884 537.2905883789062 174.27357482910156 567.0687255859375 200.9661865234375 3.6541576 1.5205127 1.5900453 -3.4529216 1.6093965 43.144157 1.542670488357544 0.8014017343521118
Car 0.0 0 1.900367021560669 358.7322082519531 176.62579345703125 423.50408935546875 213.83897399902344 4.109315 1.6004335 1.6368048 -10.122043 1.7869911 33.5339 1.6072183847427368 0.5423929691314697
Car 0.0 0 -1.5743297338485718 583.6360473632812 176.26116943359375 610.0734252929688 198.3434600830078 3.6177063 1.3643186 1.6545027 -0.8955713 1.5951002 46.9672 -1.593395471572876 0.3550167381763458
Car 0.0 0 1.8541414737701416 687.3370361328125 165.5463409423828 718.125244140625 184.62326049804688 3.9557314 1.5914539 1.5967537 8.020015 0.9821849 62.32221 1.9821244478225708 0.30246350169181824
Car 0.0 0 -0.6656791567802429 675.1867065429688 170.05519104003906 719.4627075195312 186.66128540039062 3.9289672 1.5154053 1.6628342 8.169137 1.2603555 67.57171 -0.5453672409057617 0.2568437159061432
Car 0.0 0 2.8411641120910645 780.7526245117188 155.7305908203125 865.54443359375 189.55979919433594 3.5204964 1.5534205 1.5546173 9.9421 0.76747966 33.934284 3.126168966293335 0.24367257952690125
Car 0.0 0 -0.48731571435928345 898.8424072265625 149.39723205566406 989.7332153320312 182.79269409179688 3.806097 1.6373205 1.6831179 16.743647 0.4876345 36.318504 -0.055333420634269714 0.20661604404449463
Car 0.0 0 2.7470030784606934 723.5929565429688 162.18173217773438 786.5635986328125 187.51284790039062 3.648207 1.5967011 1.6160923 9.325589 0.92435175 46.6279 2.944398880004883 0.19448637962341309
Car 0.0 0 1.7515099048614502 520.52294921875 171.62911987304688 545.957763671875 188.65463256835938 4.1967854 1.5500255 1.652268 -7.200116 1.4388688 67.84144 1.6457741260528564 0.19280900061130524
Car 0.0 0 2.5216681957244873 732.4951171875 161.89535522460938 805.6631469726562 190.66824340820312 3.8999321 1.5908575 1.5930207 9.092999 0.9853103 41.38961 2.7379255294799805 0.1330576241016388
Car 0.0 0 2.914872407913208 711.525634765625 163.64500427246094 773.3504028320312 184.8999481201172 4.398982 1.6015432 1.656201 10.092412 0.9080093 55.293346 3.095409870147705 0.12681028246879578
Car 0.0 0 0.29883110523223877 371.48870849609375 167.53817749023438 427.4657287597656 187.70458984375 3.8802855 1.5419708 1.5691314 -16.3308 1.1358683 55.981297 0.014988899230957031 0.1266053467988968
Car 0.0 0 -2.26873517036438 1156.9537353515625 143.50523376464844 1242.0 190.23068237304688 3.8209577 1.5833228 1.5647831 22.169155 0.58917844 26.35856 -1.5694537162780762 0.122615747153759
Car 0.0 0 -0.4616561830043793 819.8763427734375 162.60934448242188 871.4290771484375 180.75485229492188 4.1803946 1.6363016 1.6915702 21.584896 0.7128309 66.20496 -0.14649170637130737 0.11397542804479599
