Pedestrian 0.0 0 0.24684658646583557 505.99371337890625 168.78660583496094 517.8118896484375 188.01412963867188 0.9685989 1.7588937 0.56389713 -9.036616 1.3871741 66.33607 0.11145520210266113 0.19915512204170227
Cyclist 0.0 0 -2.1880760192871094 1057.0087890625 68.9413070678711 1242.0 375.0 1.4252595 1.8789313 0.6082325 3.6167257 1.2986035 4.75172 -1.5374832153320312 0.16384223103523254
Car 0.0 0 1.724276065826416 438.4498596191406 181.68836975097656 517.8912353515625 234.80361938476562 4.4770336 1.4757985 1.8236004 -4.13443 1.7861564 23.05646 1.5468441247940063 0.9501547813415527
Car 0.0 0 2.0594990253448486 0.0 194.7578125 398.2685852050781 375.0 3.9776332 1.4521747 1.6640145 -3.3834202 1.7097136 6.4743958 1.5779472589492798 0.9226384162902832
Car 0.0 0 1.68599271774292 476.79345703125 176.28463745117188 528.1777954101562 214.60818481445312 4.243398 1.5426226 1.7461789 -4.6692157 1.7033292 31.573862 1.5391745567321777 0.7772688269615173
Car 0.0 0 -0.20670083165168762 628.7774047851562 167.37161254882812 698.094482421875 191.07456970214844 4.313442 1.5288775 1.6689262 3.4726484 1.175613 47.65259 -0.13395515084266663 0.4211142361164093
Car 0.0 0 -0.16958847641944885 504.86578369140625 168.47518920898438 554.6587524414062 186.0940399169922 4.4307203 1.6206031 1.6663557 -7.562529 1.2181925 67.77942 -0.2807044982910156 0.17088499665260315
Car 0.0 0 1.550559163093567 621.6383056640625 167.9798126220703 641.0658569335938 186.24574279785156 3.8535268 1.4963808 1.5598301 1.7578253 1.0974355 61.040405 1.5793489217758179 0.1376296430826187
Car 0.0 0 1.7175809144973755 447.3731689453125 169.3573455810547 478.2680969238281 193.07789611816406 3.3052166 1.5970824 1.6451849 -10.24802 1.3620137 50.272545 1.5164868831634521 0.12382590770721436
Car 0.0 0 -1.4476418495178223 479.7862548828125 168.11904907226562 502.2655029296875 186.5576629638672 3.5524004 1.6751952 1.6485016 -11.097741 1.2453699 67.358635 -1.6109309196472168 0.1130489930510521
Car 0.0 0 1.700160264968872 558.8214111328125 170.07778930664062 581.6198120117188 186.67323303222656 3.9514375 1.4821607 1.6024746 -3.6537216 1.234571 66.468605 1.6452463865280151 0.10584061592817307
Car 0.0 0 -1.0946412086486816 1047.36279296875 123.82969665527344 1242.0 375.0 4.1178136 1.5945954 1.6928374 5.372846 1.3449211 5.0580454 -0.27907246351242065 0.10341624915599823
Car 0.0 0 3.1991684436798096 513.0252685546875 168.2783966064453 559.139404296875 185.31321716308594 4.1051507 1.5349624 1.6263634 -6.7437954 1.123023 65.91655 3.097215175628662 0.10094330459833145
