Pedestrian 0.0 0 1.206319808959961 822.2344970703125 140.37844848632812 920.2865600585938 329.0396728515625 0.9752184 1.7943628 0.62109137 2.6691322 1.4046279 7.321672 1.5558995008468628 0.3550011217594147
Pedestrian 0.0 0 1.2430499792099 943.3800659179688 139.1000518798828 1060.2039794921875 353.0165100097656 0.9883157 1.812445 0.64883447 3.5999436 1.4545902 6.6255183 1.740769624710083 0.28136226534843445
Pedestrian 0.0 0 1.2773919105529785 135.88104248046875 169.74612426757812 154.2020263671875 209.1707305908203 0.59549093 1.8275542 0.5781745 -21.429417 1.2836192 33.709644 0.7111310958862305 0.16600936651229858
Pedestrian 0.0 0 0.639603316783905 159.03192138671875 166.63348388671875 181.04881286621094 196.17453002929688 1.0144668 1.7898828 0.567984 -26.330212 0.8898752 43.85377 0.09888291358947754 0.15217162668704987
Car 0.0 0 -1.0637010335922241 485.9797058105469 175.06687927246094 564.0413818359375 210.82691955566406 3.8979864 1.4288372 1.642626 -3.2136474 1.172796 30.814318 -1.1676161289215088 0.9462003111839294
Car 0.0 0 2.0745131969451904 331.0784912109375 177.9954376220703 393.9438171386719 205.23646545410156 3.759107 1.3720312 1.5480369 -12.62501 1.1963935 38.16686 1.7550582885742188 0.7826146483421326
Car 0.0 0 -2.6099812984466553 386.78424072265625 170.2065887451172 438.10906982421875 188.20797729492188 3.9253776 1.4907684 1.6145028 -15.957999 0.5559936 60.795376 -2.8666775226593018 0.47435271739959717
Car 0.0 0 -0.5613340139389038 1037.84130859375 149.4333953857422 1141.3245849609375 180.00946044921875 4.154576 1.5224814 1.6128653 24.891666 -0.07718745 36.72899 0.03427624702453613 0.22074805200099945
Car 0.0 0 -0.6203860640525818 563.8821411132812 169.53799438476562 608.0518188476562 185.81741333007812 3.9466665 1.4930247 1.6382664 -1.4032273 0.39633027 67.71434 -0.6411058306694031 0.20152974128723145
Car 0.0 0 -0.7594012022018433 1135.2674560546875 124.15784454345703 1238.0 192.44192504882812 3.896692 1.5494403 1.6278317 15.262697 0.24949685 17.174715 -0.03287973999977112 0.20134426653385162
Car 0.0 0 0.9986027479171753 1204.826171875 137.63604736328125 1238.0 187.53683471679688 4.133918 1.6197152 1.6484604 23.67627 0.19704193 25.493078 1.7470676898956299 0.18699997663497925
Car 0.0 0 -0.667952835559845 1051.646240234375 130.4829559326172 1237.44970703125 189.95571899414062 3.8551795 1.5419787 1.6055259 14.595329 0.22040898 19.472202 -0.024741724133491516 0.1733185052871704
Car 0.0 0 -0.4558623731136322 812.2561645507812 158.5113067626953 882.4630126953125 182.5693817138672 4.043115 1.5396047 1.6294377 16.083607 0.06914306 47.030457 -0.1263476312160492 0.17180238664150238
Car 0.0 0 1.8389184474945068 410.7693786621094 168.2986602783203 438.6340026855469 187.7419891357422 3.4775252 1.7072827 1.5793245 -15.8837385 0.54851395 64.83312 1.5986566543579102 0.1503800004720688
