Cyclist 0.0 0 -2.2437853813171387 955.2827758789062 6.83034086227417 1242.0 375.0 1.6371349 1.9224296 0.5855313 2.0732424 1.4378706 2.9390166 -1.6294306516647339 0.4009752869606018
Car 0.0 0 -1.6113115549087524 659.454833984375 170.5531768798828 683.0816650390625 190.60438537597656 3.874275 1.4218985 1.5714395 4.452317 1.2590971 53.13314 -1.5277113914489746 0.8742178678512573
Car 0.0 0 -0.9531865119934082 70.75772094726562 160.12744140625 161.21261596679688 195.6299591064453 3.9479496 1.6161767 1.6136029 -23.76649 1.0371851 34.83257 -1.551938772201538 0.6887842416763306
Car 0.0 0 -0.2529660761356354 777.903564453125 173.71839904785156 881.041259765625 211.05581665039062 3.897079 1.5281157 1.53165 9.148853 1.5659148 30.408512 0.03928399085998535 0.4364789128303528
Car 0.0 0 0.8678000569343567 0.0 0.0 1052.073486328125 375.0 3.835677 1.6039398 1.6971136 1.3616152 1.5854374 1.6864474 1.54702889919281 0.28500762581825256
Car 0.0 0 0.26150673627853394 0.0 130.85470581054688 56.0408821105957 218.19033813476562 3.9527798 1.6179833 1.6840916 -14.231225 0.8402606 15.045753 -0.49607717990875244 0.27974575757980347
Car 0.0 0 -0.5486080050468445 924.418212890625 154.0648193359375 1034.28076171875 187.80055236816406 4.3270965 1.5232333 1.646263 17.093685 0.67522365 33.564377 -0.07756355404853821 0.17954516410827637
Car 0.0 0 -0.30908986926078796 437.7373962402344 166.3526611328125 496.2295227050781 187.5269012451172 4.225186 1.6269851 1.7268137 -11.3555565 1.1277934 57.21643 -0.5050106644630432 0.16343869268894196
Car 0.0 0 -0.3085694909095764 741.9126586914062 164.70372009277344 792.8005981445312 183.1949462890625 4.0312777 1.5942074 1.6989714 13.747953 0.8918946 63.23995 -0.09450669586658478 0.14554324746131897
Car 0.0 0 2.8128726482391357 792.697265625 159.36866760253906 857.4020385742188 180.99949645996094 3.957176 1.4632761 1.626199 14.751105 0.5513822 49.699593 3.101396083831787 0.14036042988300323
Car 0.0 0 2.7777955532073975 781.5398559570312 163.69790649414062 844.547607421875 184.58802795410156 4.0631895 1.4812772 1.64998 14.624454 0.8323937 52.16526 3.0511274337768555 0.1359555423259735
Car 0.0 0 -0.31908342242240906 718.320556640625 168.61721801757812 769.7811889648438 185.40234375 4.4314513 1.5472797 1.7078428 12.532001 1.1570837 67.65604 -0.13592824339866638 0.11419886350631714
Car 0.0 0 -0.950038492679596 432.99041748046875 166.5100555419922 484.31060791015625 189.83680725097656 4.0530734 1.6536204 1.6673851 -11.1618395 1.2042592 53.33734 -1.1563302278518677 0.11383765935897827
Car 0.0 0 0.32224041223526 215.8118896484375 173.1228485107422 327.3393859863281 210.45877075195312 3.7435524 1.4412955 1.5372951 -13.496745 1.4527669 28.844282 -0.11541344225406647 0.10887591540813446
