Pedestrian 0.0 0 -0.23206013441085815 816.19873046875 138.9834747314453 925.067626953125 324.2378845214844 0.90830755 1.7882816 0.6447533 2.6610816 1.3792366 7.3048587 0.11728739738464355 0.41605231165885925
Pedestrian 0.0 0 1.2719171047210693 952.2879028320312 142.3234100341797 1061.64013671875 357.4595642089844 0.9394335 1.8258202 0.6197719 3.6469338 1.4947219 6.616694 1.7756593227386475 0.16191983222961426
Car 0.0 0 -1.5533732175827026 585.4769287109375 171.53330993652344 614.1920166015625 197.59329223632812 4.00298 1.4329724 1.5796977 -0.05847578 0.8857482 41.510696 -1.5547819137573242 0.9295191168785095
Car 0.0 0 1.8810789585113525 500.2655029296875 174.10107421875 565.42626953125 208.45486450195312 4.282323 1.4528961 1.7211039 -3.043942 1.1409527 32.653683 1.7881286144256592 0.7916696667671204
Car 0.0 0 1.9045889377593994 326.04107666015625 178.30288696289062 386.1674499511719 206.43692016601562 4.4659705 1.4148253 1.6660502 -13.0126 1.2549222 38.360115 1.5775479078292847 0.6949357986450195
Car 0.0 0 -1.5617047548294067 562.9337158203125 167.14816284179688 582.6530151367188 185.38165283203125 4.145987 1.4593784 1.5778383 -2.3312705 0.3111935 59.58743 -1.6008083820343018 0.2780238091945648
Car 0.0 0 2.823237895965576 578.4654541015625 166.91546630859375 642.1506958007812 192.1214141845703 3.9184744 1.6313006 1.6675926 0.59222275 0.6881061 47.87251 2.8356080055236816 0.2507712244987488
Car 0.0 0 0.40912458300590515 385.4690856933594 170.8724365234375 435.8905029296875 188.7707061767578 3.812098 1.4897163 1.5906938 -16.115173 0.60563225 60.857834 0.15026545524597168 0.23966147005558014
Car 0.0 0 1.0444560050964355 1207.1099853515625 136.73477172851562 1238.0 187.24847412109375 4.1706467 1.6349199 1.6710014 23.678886 0.18714863 25.465294 1.7935198545455933 0.19483748078346252
Car 0.0 0 -0.7874351143836975 1134.3905029296875 125.31687927246094 1238.0 192.9530487060547 3.8565652 1.5315578 1.6179968 15.208125 0.2605571 17.19259 -0.06320816278457642 0.18184927105903625
Car 0.0 0 -0.745311439037323 1053.8935546875 133.86077880859375 1236.399169921875 192.3996124267578 3.8856487 1.5096756 1.6291176 14.674069 0.2822686 19.528877 -0.10091263055801392 0.18089474737644196
Car 0.0 0 3.0655314922332764 604.7160034179688 165.58157348632812 650.2692260742188 183.56817626953125 4.1660357 1.6694705 1.6847914 2.466711 0.19231847 67.59559 3.1020073890686035 0.18030016124248505
Car 0.0 0 -2.697335720062256 518.71826171875 166.7973175048828 568.3917846679688 184.19923400878906 4.360685 1.6004668 1.6855501 -5.410268 0.24861667 67.6277 -2.7771663665771484 0.1636693924665451
Car 0.0 0 -2.6459121704101562 392.5874938964844 167.86444091796875 441.273681640625 185.28292846679688 4.0073795 1.5712256 1.7164074 -16.933535 0.3416249 66.11292 -2.8966522216796875 0.13414332270622253
Car 0.0 0 -0.6903765201568604 809.2852172851562 158.1725311279297 875.9243774414062 182.95008850097656 4.068083 1.6004356 1.6914619 16.094545 0.094365954 47.914364 -0.36631566286087036 0.13355490565299988
