Car 0.0 0 2.7654902935028076 727.3658447265625 184.00306701660156 959.2566528320312 272.3226013183594 3.8814826 1.5339961 1.5646393 4.272067 1.7601154 13.685162 3.068072557449341 0.9553061127662659
Car 0.0 0 3.5110514163970947 97.17166137695312 186.6833953857422 328.69403076171875 268.6778259277344 3.793792 1.5098062 1.6488037 -7.971645 1.8122467 14.699328 3.0141286849975586 0.9401280879974365
Car 0.0 0 3.8106446266174316 0.0 195.4452362060547 212.47731018066406 325.2781982421875 3.9739902 1.513379 1.6182928 -7.74374 1.8384645 9.533537 3.1284706592559814 0.7669152617454529
Car 0.0 0 3.9371702671051025 0.0 190.002197265625 91.3542709350586 373.4837341308594 3.8011165 1.4794581 1.5899282 -7.459089 1.6626931 6.8338604 3.10805606842041 0.6541833281517029
Car 0.0 0 3.4356184005737305 201.864990234375 183.40182495117188 362.59808349609375 244.0139923095703 3.674338 1.5335747 1.6250861 -8.863404 1.8366108 19.65927 3.012056827545166 0.6370705962181091
Car 0.0 0 3.437176465988159 161.76303100585938 182.86927795410156 342.76397705078125 253.94740295410156 3.5482993 1.5584712 1.6238797 -8.446762 1.8128021 17.209042 2.9808895587921143 0.580513596534729
Car 0.0 0 0.3771665096282959 166.3169708251953 170.31414794921875 229.1301727294922 190.35572814941406 4.1353316 1.6170597 1.749945 -33.89949 1.4124887 59.37274 -0.14162671566009521 0.2572724223136902
Car 0.0 0 1.5487444400787354 465.4605712890625 183.22996520996094 489.42431640625 205.42042541503906 3.4993832 1.491827 1.6211249 -9.632992 2.2690103 52.139206 1.3660492897033691 0.2186056673526764
Car 0.0 0 2.8084495067596436 708.016357421875 186.61878967285156 901.2477416992188 255.10494995117188 3.7918272 1.3801196 1.5520003 4.1361976 1.7000437 15.828096 3.064053535461426 0.20292948186397552
Car 0.0 0 3.3337602615356445 281.2022705078125 176.11903381347656 395.1195983886719 222.5087890625 3.961118 1.7442366 1.6269171 -10.660285 1.8783135 28.41683 2.974867105484009 0.1982676088809967
Car 0.0 0 3.3293142318725586 74.05779266357422 166.5685272216797 156.9138946533203 194.26467895507812 4.059024 1.683902 1.7136408 -31.101715 1.3021088 45.46435 2.7293460369110107 0.1836906224489212
Car 0.0 0 2.0223491191864014 199.54644775390625 169.43917846679688 248.3814239501953 189.51524353027344 4.196298 1.4825177 1.640452 -29.599653 1.2307066 55.407818 1.5317062139511108 0.16243143379688263
