Pedestrian 0.0 0 -0.23022818565368652 1203.3740234375 166.91854858398438 1242.0 257.5349426269531 1.0023698 1.7534138 0.6194446 12.564962 1.6389214 14.466543 0.4849388599395752 0.13398860394954681
Pedestrian 0.0 0 -0.7639188766479492 1151.83837890625 150.54994201660156 1175.1036376953125 183.12948608398438 0.82675153 1.750541 0.5829679 29.955917 0.55247295 39.10158 -0.11018995940685272 0.11554981768131256
Car 0.0 0 -1.5018872022628784 593.2540283203125 173.38250732421875 628.2181396484375 201.82691955566406 4.142432 1.4801267 1.6459427 0.05363607 1.511155 39.74582 -1.5005377531051636 0.9363138675689697
Car 0.0 0 -1.7414660453796387 789.6119995117188 162.6416015625 822.9256591796875 185.1540985107422 3.8663156 1.4773512 1.5570837 13.347378 0.8075345 49.34458 -1.4772945642471313 0.1551346480846405
Car 0.0 0 -3.4829955101013184 896.278564453125 162.27174377441406 952.742919921875 181.63279724121094 3.84048 1.5298198 1.6028918 25.196327 0.6940168 57.941372 -3.0728039741516113 0.15164139866828918
Car 0.0 0 1.0248472690582275 1003.1094360351562 164.93051147460938 1051.588134765625 183.58407592773438 3.9828799 1.5178791 1.7069489 35.034306 0.8734853 60.72053 1.5481654405593872 0.14585034549236298
Car 0.0 0 -0.5553320646286011 646.2081298828125 169.4384307861328 692.9952392578125 186.47853088378906 4.1042004 1.5583725 1.6804682 5.577335 1.2463644 67.6672 -0.4730949103832245 0.13993477821350098
Car 0.0 0 -0.8059325814247131 1192.796142578125 148.60121154785156 1242.0 183.03610229492188 3.4541624 1.5788031 1.5907452 29.751781 0.4671965 34.02207 -0.08739447593688965 0.13675127923488617
Car 0.0 0 2.2170822620391846 125.28302764892578 165.2486572265625 188.520751953125 191.8922119140625 3.7776887 1.714482 1.6491066 -30.333637 1.2254441 48.380276 1.6570578813552856 0.13416031002998352
Car 0.0 0 -0.3517661690711975 901.1478271484375 162.68443298339844 963.479736328125 182.0782470703125 4.0707617 1.4714562 1.6582745 24.81798 0.7002229 55.706303 0.0673515796661377 0.10788144171237946
