Pedestrian 0.0 0 -0.20882366597652435 639.96875 166.53111267089844 654.9459228515625 188.53976440429688 1.1254249 1.7694037 0.52269745 3.0034182 1.2614272 58.352184 -0.1573985069990158 0.12804262340068817
Car 0.0 0 -1.71940279006958 665.4529418945312 177.02305603027344 737.1358032226562 229.4070281982422 3.8439496 1.4132901 1.5638458 2.607297 1.5503788 21.717281 -1.5999183654785156 0.9173692464828491
Car 0.0 0 1.766344428062439 431.2506408691406 179.79803466796875 499.4358825683594 230.21551513671875 3.884607 1.5827097 1.6000754 -4.990559 1.8435993 25.125698 1.5702725648880005 0.9057148694992065
Car 0.0 0 -1.1661596298217773 192.9761962890625 181.97987365722656 415.67791748046875 308.53411865234375 4.1181498 1.5553317 1.6485561 -4.502307 1.7242013 11.242587 -1.5470701456069946 0.8958254456520081
Car 0.0 0 -2.016334295272827 793.0123901367188 191.2010955810547 1213.5318603515625 375.0 3.3739986 1.4098386 1.5334983 2.6602612 1.6029304 5.874685 -1.5911256074905396 0.7208642363548279
Car 0.0 0 1.684789776802063 632.149658203125 167.9961395263672 656.111572265625 186.8748779296875 4.1571336 1.5697199 1.6017071 2.9510612 1.1661576 62.171574 1.7322205305099487 0.5094594359397888
Car 0.0 0 1.619211196899414 536.4960327148438 177.3768768310547 560.6493530273438 196.73179626464844 3.8491542 1.5258653 1.8106787 -5.0776796 1.9130442 59.75096 1.534434199333191 0.16193293035030365
Car 0.0 0 -0.2433404177427292 699.1631469726562 162.90733337402344 764.9144897460938 186.99961853027344 3.8803287 1.5131328 1.6188087 7.764943 0.8887831 46.27031 -0.07707273960113525 0.16000355780124664
Car 0.0 0 -2.7564024925231934 0.0 0.0 1242.0 375.0 3.6126268 1.469963 1.5678401 2.7659578 1.5790377 1.1889706 -1.5915849208831787 0.15351514518260956
Car 0.0 0 -1.430264949798584 482.427490234375 169.18655395507812 506.23004150390625 187.54141235351562 3.584929 1.6051383 1.6298141 -10.395578 1.2847766 64.90301 -1.589086890220642 0.1279144138097763
Car 0.0 0 0.11557072401046753 460.2344665527344 170.1304931640625 509.4602355957031 186.57579040527344 4.3810773 1.5196939 1.7037979 -11.719358 1.268374 67.64695 -0.055969614535570145 0.1229914054274559
Car 0.0 0 2.1316916942596436 262.298095703125 159.30101013183594 334.0096740722656 193.8723602294922 3.8749437 1.7173947 1.6465584 -16.321428 1.044483 37.881817 1.7248754501342773 0.10213261842727661
