Pedestrian 0.0 0 1.385330080986023 452.6495666503906 175.23147583007812 485.7637634277344 249.0220184326172 0.9386262 1.6673828 0.5947376 -3.1311374 1.5269521 16.774084 1.2007887363433838 0.6149932146072388
Pedestrian 0.0 0 -3.4157159328460693 849.5391845703125 169.3935089111328 933.8400268554688 294.232666015625 0.9311536 1.6370623 0.60490835 3.881287 1.4796348 9.766395 -3.037442207336426 0.4101763963699341
Pedestrian 0.0 0 -2.5486836433410645 219.4456329345703 190.79107666015625 271.427001953125 309.61102294921875 0.3983999 1.5834541 0.56291646 -4.955055 1.7170898 9.922762 -3.0118210315704346 0.3905830979347229
Pedestrian 0.0 0 -2.3891894817352295 332.9964599609375 159.35862731933594 409.5403137207031 283.0072326660156 0.91184866 1.682826 0.541672 -3.3152492 1.3828108 10.212534 -2.70308256149292 0.3284388780593872
Pedestrian 0.0 0 0.267218679189682 606.4793090820312 177.9715576171875 628.8389892578125 216.83694458007812 0.8472487 1.6741434 0.6025124 0.69660723 1.5231183 31.349611 0.28943562507629395 0.26040005683898926
Pedestrian 0.0 0 0.023056738078594208 502.3504333496094 179.58346557617188 537.293212890625 236.15284729003906 1.0953002 1.7800167 0.53844017 -2.6237183 1.7208164 22.918411 -0.0909278467297554 0.18403813242912292
Pedestrian 0.0 0 0.2623111307621002 569.844970703125 176.80238342285156 592.2302856445312 215.76515197753906 0.8598075 1.6790787 0.5636565 -0.901053 1.4776018 31.327312 0.23355650901794434 0.17078925669193268
Pedestrian 0.0 0 -2.3223490715026855 0.0 102.12512969970703 158.21519470214844 374.0 0.98717797 1.7737845 0.6974686 -3.076341 1.4061792 3.7477744 -3.009671688079834 0.13167577981948853
Cyclist 0.0 0 -1.5078221559524536 509.3848571777344 175.8607635498047 529.733154296875 230.02354431152344 1.3759726 1.6845001 0.56602764 -2.6426456 1.5102258 23.039677 -1.6220228672027588 0.3182041645050049
Cyclist 0.0 0 1.8512096405029297 0.0 195.075927734375 95.80644989013672 371.6318054199219 1.8392198 1.7111676 0.47513658 -6.254526 1.882426 8.046274 1.1904520988464355 0.304578572511673
Cyclist 0.0 0 -3.4714205265045166 842.3594360351562 164.17892456054688 943.5924682617188 294.03533935546875 1.1282933 1.7002398 0.6265821 3.8859742 1.4747804 9.743621 -3.0919296741485596 0.10197590291500092
Car 0.0 0 1.6087647676467896 594.205810546875 167.9390106201172 612.9234008789062 184.84197998046875 4.383619 1.5429051 1.6032385 0.26801515 0.3054305 67.79053 1.6127183437347412 0.40896299481391907
Car 0.0 0 1.6837455034255981 525.82470703125 185.4197540283203 578.3992309570312 223.54086303710938 4.3592935 1.4594082 1.7204498 -2.0093296 1.6370873 30.169521 1.617242455482483 0.22712936997413635
Car 0.0 0 3.480079174041748 0.0 176.72552490234375 79.81002044677734 374.0 4.0711136 1.6156507 1.6130755 -7.812704 1.5811496 7.0769672 2.64530873298645 0.19498732686042786
Car 0.0 0 -0.24773009121418 684.2705688476562 167.6612091064453 855.792236328125 242.0913543701172 3.7792354 1.7304602 1.7182232 4.0009 1.4099219 17.602942 -0.0242410060018301 0.12523838877677917
Car 0.0 0 -0.005741052329540253 524.3764038085938 168.27442932128906 571.8609619140625 184.88436889648438 4.4053154 1.5409715 1.704645 -4.9835215 0.31433746 67.664375 -0.07925890386104584 0.10506982356309891
Car 0.0 0 1.58635413646698 593.697265625 183.52685546875 634.5020141601562 221.0831298828125 3.951829 1.5795437 1.7299036 0.5872077 1.6776091 32.42805 1.6044601202011108 0.1033506914973259
Car 0.0 0 0.032225705683231354 547.8505859375 163.84349060058594 605.8229370117188 189.0244598388672 3.8036969 1.6521646 1.6359047 -1.6060851 0.49438056 47.948883 -0.0012575536966323853 0.10089882463216782
