Car 0.0 0 0.6086770296096802 0.0 189.72962951660156 342.8549499511719 323.622802734375 4.1307955 1.5170068 1.59192 -5.852497 1.7554905 9.287726 0.04639554023742676 0.9129772186279297
Car 0.0 0 -0.3047151565551758 744.6133422851562 181.5188446044922 919.6233520507812 242.16506958007812 4.1797576 1.5376058 1.7098359 5.832301 1.7818621 19.425037 -0.01303214393556118 0.8888595104217529
Car 0.0 0 -1.6668204069137573 636.2171630859375 182.68167114257812 678.6643676757812 214.80397033691406 4.355012 1.3608971 1.5775064 2.1410625 1.8559732 34.11635 -1.6041449308395386 0.8730822801589966
Car 0.0 0 3.593637466430664 80.77989959716797 190.14784240722656 383.20709228515625 292.2944641113281 3.9970248 1.4758763 1.5967445 -5.9287333 1.7733303 11.550259 3.1194076538085938 0.8269599080085754
Car 0.0 0 3.4929444789886475 158.55577087402344 177.7266082763672 392.92449951171875 267.5501708984375 3.8120224 1.6190253 1.6603222 -6.4177547 1.7210643 14.081197 3.0653045177459717 0.8186994791030884
Car 0.0 0 3.3612091541290283 377.69989013671875 180.15000915527344 495.8027648925781 222.20591735839844 4.1101623 1.5342652 1.6720154 -6.572873 1.8213669 27.487804 3.1264967918395996 0.7286123037338257
Car 0.0 0 3.4799883365631104 233.89105224609375 182.3921661376953 420.3055114746094 253.8629913330078 3.6920211 1.5472311 1.6279017 -6.49477 1.7802273 16.723024 3.1095452308654785 0.6299425959587097
Car 0.0 0 -0.5678268671035767 932.0059814453125 177.08065795898438 1242.0 292.34521484375 3.8757467 1.3873867 1.67947 6.5644693 1.4495137 9.644905 0.029770374298095703 0.6289027333259583
Car 0.0 0 2.333439350128174 1032.0546875 183.00389099121094 1242.0 344.1469421386719 3.7248743 1.4217311 1.5447364 6.55759 1.5392939 7.40443 3.058258533477783 0.6121653914451599
Car 0.0 0 3.332252025604248 287.4754638671875 183.5572967529297 441.6447448730469 245.13528442382812 3.633478 1.5141596 1.5870703 -6.445404 1.8135654 19.127098 3.007225275039673 0.5824148058891296
Car 0.0 0 3.8714776039123535 0.0 198.5255126953125 185.61337280273438 375.0 3.5915227 1.4980763 1.5722903 -6.317737 1.7695543 6.7974706 3.1226415634155273 0.5779605507850647
Car 0.0 0 0.9549179673194885 0.0 191.74575805664062 104.74987030029297 375.0 4.000495 1.5118161 1.615708 -5.873428 1.6593702 4.6956506 0.05854153633117676 0.4988057017326355
