Pedestrian 0.0 0 -2.4392759799957275 1094.520263671875 142.17405700683594 1170.069580078125 236.78379821777344 1.1041192 1.7779744 0.55251724 10.175836 1.2017725 14.159534 -1.8161386251449585 0.3215869069099426
Cyclist 0.0 0 -2.2042760848999023 1090.658935546875 137.24484252929688 1172.8765869140625 229.85325622558594 1.3768789 1.720095 0.59865797 10.101264 1.0590535 14.090831 -1.582318902015686 0.2637861967086792
Cyclist 0.0 0 -1.37178373336792 663.8648071289062 167.99160766601562 689.16162109375 218.40383911132812 1.612174 1.7531401 0.6017331 2.3602386 1.5844035 25.947966 -1.2810728549957275 0.19318221509456635
Car 0.0 0 -0.9861936569213867 1070.4176025390625 154.351318359375 1151.4398193359375 184.26577758789062 4.2274466 1.6169937 1.6917164 28.131542 0.617209 40.568577 -0.37988945841789246 0.3484393060207367
Car 0.0 0 -0.6982074975967407 1126.0850830078125 151.6884307861328 1230.1246337890625 184.0214385986328 3.9838464 1.5959867 1.6920315 28.665531 0.5515932 36.52385 -0.032776493579149246 0.32461780309677124
Car 0.0 0 -3.006540298461914 810.6107788085938 164.8657989501953 860.402587890625 181.70252990722656 4.2545753 1.5348216 1.6795998 21.052973 0.80698144 67.43423 -2.7039287090301514 0.16665437817573547
Car 0.0 0 1.8214112520217896 488.8121032714844 182.47515869140625 557.8499145507812 227.73773193359375 3.8366182 1.4628133 1.5817384 -3.1023006 1.8389816 26.175068 1.7034404277801514 0.14961861073970795
Car 0.0 0 2.660564422607422 915.72998046875 159.69508361816406 1011.0560913085938 189.999267578125 4.31843 1.5916305 1.6735247 18.911972 0.90085876 38.789295 3.1142077445983887 0.1372087150812149
Car 0.0 0 2.4135100841522217 855.7244262695312 166.14022827148438 903.7081909179688 183.45770263671875 3.9874458 1.54229 1.6840773 24.562426 0.944721 65.76421 2.770958185195923 0.13481366634368896
Car 0.0 0 3.305290937423706 341.6225280761719 170.86483764648438 390.4250183105469 189.04644775390625 4.113772 1.6759398 1.7134007 -22.865997 1.4929409 67.6844 2.979496479034424 0.11882209777832031
Car 0.0 0 -1.2792285680770874 396.9256896972656 174.503173828125 434.1686706542969 194.92088317871094 4.0973744 1.474506 1.6077645 -14.665366 1.6041913 54.509995 -1.5420453548431396 0.11876358091831207
Car 0.0 0 1.157517671585083 1029.233154296875 165.43365478515625 1112.6072998046875 201.49876403808594 3.8625176 1.4946355 1.6891049 20.244823 1.1874744 31.936436 1.7224984169006348 0.11018536984920502
Car 0.0 0 -0.7088102698326111 1031.349365234375 158.0189666748047 1115.562744140625 184.0703125 4.114723 1.4981507 1.627179 27.288513 0.6453815 42.581745 -0.13889425992965698 0.10911331325769424
Car 0.0 0 0.3730313777923584 235.40939331054688 173.79232788085938 286.5917663574219 190.67356872558594 4.041966 1.572548 1.6417607 -33.01786 1.6629882 68.293884 -0.07730282843112946 0.10874652862548828
