Car 0.0 0 1.9875363111495972 204.54116821289062 195.79010009765625 395.0469970703125 293.75146484375 4.4128494 1.4475986 1.692638 -5.7526946 1.9616177 13.929362 1.5958815813064575 0.9516214728355408
Car 0.0 0 -1.773436427116394 723.6212768554688 182.8539581298828 860.1903076171875 276.0942687988281 4.1636786 1.42254 1.6167854 3.1685696 1.6400032 13.559446 -1.5438759326934814 0.9460456967353821
Car 0.0 0 1.8763506412506104 350.36798095703125 187.592041015625 447.7777099609375 248.62623596191406 3.5856721 1.4439548 1.5452052 -5.7033935 1.8848454 19.753407 1.595265507698059 0.9455838203430176
Car 0.0 0 1.8416218757629395 436.2761535644531 183.07017517089844 504.0960998535156 226.89613342285156 4.0525656 1.5663205 1.6338395 -5.5399075 2.0046337 28.842909 1.6518611907958984 0.9147250652313232
Car 0.0 0 2.275102138519287 0.0 205.30380249023438 182.244384765625 375.0 4.068029 1.3541437 1.631925 -5.922619 1.7423713 6.5643535 1.5410512685775757 0.9103730916976929
Car 0.0 0 -1.938398838043213 785.9290161132812 187.14768981933594 1102.0323486328125 365.4209899902344 4.119552 1.4219137 1.7099438 3.2676928 1.6249156 8.155498 -1.5573118925094604 0.8892986178398132
Car 0.0 0 2.4085559844970703 1042.886962890625 153.07162475585938 1242.0 280.1371765136719 4.2573557 1.5778872 1.6054286 8.431642 1.3325894 9.808672 3.118603229522705 0.8327043652534485
Car 0.0 0 1.385228157043457 683.4149169921875 182.3160858154297 755.3959350585938 232.2092742919922 3.718267 1.4346125 1.6240876 3.4046385 1.7660329 23.351948 1.530004858970642 0.7729929685592651
Car 0.0 0 -0.09837913513183594 449.9320068359375 167.44955444335938 501.58795166015625 188.34048461914062 3.8564854 1.6088902 1.7076607 -10.626185 1.1930305 56.923817 -0.28292882442474365 0.5289072394371033
Car 0.0 0 -1.6770681142807007 650.9797973632812 175.86550903320312 690.224853515625 207.5026397705078 3.8181112 1.5621408 1.6491365 3.0971694 1.7288321 37.920616 -1.595573902130127 0.46053346991539
Car 0.0 0 1.6850332021713257 499.59417724609375 180.5599822998047 533.4983520507812 207.10696411132812 3.9130304 1.5052797 1.6172808 -5.688633 1.996819 44.020527 1.5565185546875 0.4516564607620239
Car 0.0 0 -1.7281808853149414 665.8053588867188 182.3995819091797 721.2890625 221.00762939453125 3.848883 1.3998492 1.6228713 3.2538133 1.8109828 29.087502 -1.6167811155319214 0.434954434633255
