Pedestrian 0.0 0 2.1011226177215576 989.5423583984375 138.3389434814453 1033.3741455078125 209.57794189453125 0.8606135 1.7730709 0.6225087 10.3558655 0.72531784 18.076777 2.621363878250122 0.3955288231372833
Pedestrian 0.0 0 -3.610257625579834 981.8030395507812 141.37384033203125 1085.1136474609375 276.6293640136719 1.0692674 1.795044 0.5714804 5.810529 1.2774535 9.701552 -3.070626974105835 0.18310829997062683
Pedestrian 0.0 0 -2.2708868980407715 876.43310546875 162.45101928710938 902.4225463867188 198.63795471191406 1.0911647 1.6910095 0.5794725 13.511585 0.849035 33.644157 -1.888999581336975 0.15987297892570496
Pedestrian 0.0 0 2.5766026973724365 970.9249267578125 143.52906799316406 1019.4063720703125 215.0863800048828 0.9514645 1.8726524 0.6101501 10.349625 0.9067116 18.832664 3.079105854034424 0.11402851343154907
Pedestrian 0.0 0 0.45302730798721313 511.0633544921875 166.410400390625 532.9219360351562 198.43557739257812 1.0702848 1.7502153 0.5429125 -4.5957165 0.9816004 39.06884 0.3359341621398926 0.10526598989963531
Cyclist 0.0 0 -2.790891170501709 482.5570068359375 165.21360778808594 513.1954956054688 198.04556274414062 1.5222404 1.7545716 0.6081376 -5.800481 0.9390587 38.229733 -2.941469669342041 0.18171678483486176
Cyclist 0.0 0 -2.208021402359009 875.6051025390625 159.63677978515625 905.9398803710938 197.8351287841797 1.4704647 1.7753781 0.5739469 13.568395 0.807153 33.6409 -1.824647307395935 0.13434907793998718
Cyclist 0.0 0 -1.7013415098190308 702.482177734375 166.77032470703125 710.18994140625 184.71580505371094 1.5887539 1.7061253 0.530158 9.772153 0.40194023 68.01361 -1.5586388111114502 0.1129462718963623
Car 0.0 0 -0.804882824420929 0.0 202.3335418701172 300.1776428222656 370.0 4.0094643 1.4057511 1.6562046 -3.1591337 1.5707513 3.2772522 -1.5719313621520996 0.8962441086769104
Car 0.0 0 -0.08747348189353943 753.3805541992188 162.70404052734375 888.1836547851562 210.6292724609375 4.2567663 1.5499501 1.7541227 7.2198715 0.9759573 24.149914 0.20302939414978027 0.6726948022842407
Car 0.0 0 -2.1560583114624023 1188.3597412109375 150.60552978515625 1224.0 192.09954833984375 4.5002093 1.5183741 1.7591826 25.741434 0.42597604 28.226269 -1.416670560836792 0.2858545780181885
Car 0.0 0 2.5262510776519775 803.9620361328125 159.98204040527344 900.8601684570312 197.34344482421875 4.0490403 1.684113 1.725612 11.602308 0.7607017 33.25426 2.861942768096924 0.23245671391487122
Car 0.0 0 2.232109785079956 48.90428924560547 168.55978393554688 120.2784194946289 193.94317626953125 4.0904016 1.6355349 1.7247008 -34.95083 0.8675226 47.621147 1.5989696979522705 0.18988347053527832
Car 0.0 0 -0.6954187154769897 1057.8092041015625 155.63827514648438 1162.9263916015625 186.0433807373047 4.378373 1.5128027 1.5742643 25.764599 0.2772416 36.125008 -0.07588410377502441 0.14009855687618256
Car 0.0 0 -2.902743101119995 655.0572509765625 163.56112670898438 704.4287719726562 181.0226593017578 4.408596 1.6283417 1.7002436 7.1624627 0.049884025 67.47436 -2.7969882488250732 0.13076049089431763
Car 0.0 0 -0.1545652449131012 908.45263671875 136.89476013183594 1090.2177734375 208.73739624023438 3.942712 1.7370116 1.6513058 10.117554 0.6843239 18.533955 0.3451192378997803 0.12428071349859238
Car 0.0 0 -0.13416464626789093 590.179443359375 165.6339569091797 636.9385986328125 181.76101684570312 4.2830844 1.5173495 1.6878268 0.82689685 0.11978534 67.617386 -0.12193620204925537 0.11873964220285416
Car 0.0 0 -1.244524598121643 1181.464111328125 127.86335754394531 1224.0 370.0 4.2059507 1.5259724 1.625467 5.4067245 1.3503423 3.7371402 -0.2785252332687378 0.11837241798639297
