Pedestrian 0.0 0 -2.0397183895111084 717.144287109375 170.54222106933594 780.2844848632812 260.4786071777344 1.5935881 1.7491225 0.6189986 2.7810714 1.7045199 14.881645 -1.8549702167510986 0.2421576976776123
Pedestrian 0.0 0 -3.3014750480651855 703.9163818359375 173.32057189941406 757.7772216796875 250.0885467529297 1.2411029 1.8644483 0.522134 2.920745 1.87648 17.787136 -3.1387219429016113 0.13799048960208893
Cyclist 0.0 0 -1.9389948844909668 719.4557495117188 164.95840454101562 779.8866577148438 257.3634948730469 1.7658671 1.7831296 0.61793923 2.7893527 1.6311271 14.845019 -1.7532622814178467 0.8152479529380798
Cyclist 0.0 0 -1.70901358127594 724.1882934570312 176.85726928710938 752.368408203125 247.69468688964844 1.4794568 1.6973703 0.49207067 3.1583192 1.8024187 18.11863 -1.5364341735839844 0.5002051591873169
Car 0.0 0 1.8847929239273071 473.4560241699219 184.0674591064453 567.5924072265625 245.04849243164062 3.5165854 1.4669284 1.5639647 -2.415458 1.8060555 19.919817 1.7641229629516602 0.9299613833427429
Car 0.0 0 2.3547263145446777 0.0 210.93760681152344 234.80828857421875 375.0 4.3836126 1.3854955 1.6464309 -4.2291274 1.7258205 4.2460794 1.5713284015655518 0.7693862915039062
Car 0.0 0 1.804264783859253 624.2666625976562 180.05096435546875 666.3768310546875 206.24551391601562 3.8997195 1.4495318 1.6612444 2.1286201 1.901658 43.18552 1.8535150289535522 0.603188693523407
Car 0.0 0 -1.6659437417984009 766.1541748046875 173.8757781982422 792.0477294921875 193.6075439453125 3.6719267 1.4193487 1.5396539 12.599653 1.4989319 54.020535 -1.4368020296096802 0.20021282136440277
Car 0.0 0 1.3833731412887573 689.89892578125 185.32315063476562 807.4867553710938 272.22198486328125 3.8852828 1.4642187 1.6014216 2.6112561 1.7518057 14.666496 1.5595691204071045 0.13999076187610626
Car 0.0 0 1.9978163242340088 379.5867614746094 161.25160217285156 432.4080505371094 191.0531005859375 3.8863428 1.7441947 1.6585804 -12.485372 1.0654986 44.273174 1.7229468822479248 0.11936353892087936
Car 0.0 0 0.08849918842315674 414.7126770019531 171.78465270996094 491.1943664550781 199.92465209960938 3.9794142 1.5045716 1.57665 -8.602267 1.4477537 39.606907 -0.1253703087568283 0.10928049683570862
Car 0.0 0 -1.4163414239883423 437.15960693359375 163.44000244140625 474.688720703125 190.6004638671875 3.578864 1.5741534 1.6911573 -9.306915 1.0288994 43.64948 -1.6264150142669678 0.10015948861837387
