Pedestrian 0.0 0 1.331093192100525 579.8047485351562 172.11375427246094 611.8154907226562 228.7452392578125 1.4869299 1.7216573 0.6706776 -0.5071799 1.6995109 22.737717 1.3087912797927856 0.16243185102939606
Cyclist 0.0 0 1.4192752838134766 578.0274658203125 167.79229736328125 607.1222534179688 224.87815856933594 1.6664898 1.7115518 0.6583224 -0.6051107 1.5601499 22.508875 1.3923985958099365 0.3726480305194855
Car 0.0 0 1.7114521265029907 462.73651123046875 173.88348388671875 542.2393188476562 234.3417510986328 4.1094337 1.5620918 1.6949141 -3.0287447 1.5950229 20.768326 1.5666382312774658 0.9187501668930054
Car 0.0 0 -1.6070460081100464 700.3184814453125 188.0397491455078 801.261962890625 282.7027587890625 3.833246 1.4189347 1.5911666 2.4759016 1.7451801 13.469794 -1.42526376247406 0.9161243438720703
Car 0.0 0 3.5955662727355957 129.6680145263672 175.4374542236328 373.8849182128906 261.8769226074219 4.089787 1.6284854 1.6171712 -7.0899467 1.6835098 14.452228 3.1394846439361572 0.8762230277061462
Car 0.0 0 1.5391044616699219 639.73095703125 175.48220825195312 667.6339721679688 200.44097900390625 3.9352636 1.4921587 1.625808 2.6868432 1.6656601 45.542328 1.5980327129364014 0.745293140411377
Car 0.0 0 -1.8260685205459595 729.730224609375 192.1541748046875 944.9783325195312 350.1813659667969 3.2709277 1.4023768 1.538292 2.363369 1.6729766 8.451665 -1.553399682044983 0.726186215877533
Car 0.0 0 -1.397503137588501 513.6470947265625 176.76800537109375 569.4688720703125 218.0278778076172 3.6732874 1.5063543 1.5920892 -2.686516 1.6721082 28.593346 -1.491184115409851 0.688579797744751
Car 0.0 0 1.6749255657196045 571.4332885742188 170.79661560058594 594.0565795898438 188.27813720703125 3.9073277 1.5035611 1.6115658 -2.4108334 1.3269653 64.05867 1.6373085975646973 0.6001826524734497
Car 0.0 0 -0.42672860622406006 707.4374389648438 174.43783569335938 803.2293090820312 209.9280242919922 4.0057807 1.5770694 1.7128757 6.6767263 1.6537248 33.465374 -0.22980283200740814 0.22984401881694794
Car 0.0 0 -1.5751309394836426 638.1166381835938 170.251220703125 657.4336547851562 188.26583862304688 4.07716 1.5388091 1.6488256 3.3028183 1.3168354 63.706417 -1.523332953453064 0.22743907570838928
