Pedestrian 0.0 0 2.8699963092803955 776.7564086914062 157.00848388671875 798.8125610351562 193.8870086669922 0.9602803 1.8402094 0.5656552 8.902865 1.0498879 36.299023 3.110513210296631 0.2524116635322571
Car 0.0 0 -1.4764204025268555 516.6559448242188 179.51321411132812 557.6458740234375 212.17291259765625 3.516416 1.4143366 1.5831527 -3.3944929 1.7422484 33.72541 -1.5767334699630737 0.9360018968582153
Car 0.0 0 -1.5372079610824585 578.6962890625 174.22467041015625 605.1691284179688 196.79881286621094 3.640866 1.3979443 1.5947245 -1.1681966 1.4905468 46.728867 -1.5622022151947021 0.8113062977790833
Car 0.0 0 2.1329362392425537 82.52729034423828 179.8908233642578 264.3114013671875 264.27252197265625 3.8448048 1.6395032 1.7064472 -9.665923 1.817671 16.285055 1.5972760915756226 0.6571003794670105
Car 0.0 0 1.8194457292556763 404.37353515625 180.97763061523438 449.5320739746094 207.36648559570312 3.7952363 1.4130034 1.6469622 -10.554422 1.9042467 41.699287 1.5715440511703491 0.3413517475128174
Car 0.0 0 2.9180150032043457 702.4313354492188 163.07769775390625 763.4163818359375 187.35289001464844 4.0634165 1.7198316 1.6918551 8.813128 1.0275648 52.074436 3.085667371749878 0.30953603982925415
Car 0.0 0 -2.144437313079834 1131.9913330078125 140.90438842773438 1242.0 195.27468872070312 4.016259 1.6396953 1.7053856 19.350933 0.6765194 23.845718 -1.4627201557159424 0.22622480988502502
Car 0.0 0 -1.1778538227081299 687.3324584960938 166.948974609375 724.72509765625 186.71937561035156 4.458128 1.6963156 1.7269804 8.571774 1.1900173 64.267204 -1.0452592372894287 0.2236856371164322
Car 0.0 0 2.424337863922119 911.81982421875 159.69161987304688 971.9909057617188 180.83872985839844 4.2835274 1.6369091 1.6902478 26.309366 0.618422 57.26454 2.855010509490967 0.2071177214384079
Car 0.0 0 -1.0673879384994507 402.57574462890625 170.28237915039062 442.0030517578125 187.61868286132812 4.2305336 1.5323044 1.6575133 -17.146769 1.3053641 66.02619 -1.3214716911315918 0.18678203225135803
Car 0.0 0 3.127465009689331 466.21319580078125 178.22108459472656 528.6594848632812 203.4951934814453 3.9183052 1.5757974 1.694064 -7.307407 1.931802 46.644287 2.9720656871795654 0.18577222526073456
Car 0.0 0 1.7837543487548828 505.0591735839844 170.8108673095703 530.692626953125 188.4222869873047 3.739227 1.6134584 1.646044 -8.673219 1.426635 68.03395 1.6569546461105347 0.1850510537624359
Car 0.0 0 2.1298182010650635 136.58236694335938 187.7847442626953 263.4676513671875 241.03016662597656 4.0837054 1.4876726 1.6559018 -13.167252 2.0153153 23.40053 1.6172841787338257 0.16505606472492218
Car 0.0 0 2.842116117477417 721.4799194335938 160.91197204589844 791.7144165039062 186.65750122070312 4.1948576 1.6420279 1.618145 9.495969 0.8807327 47.031265 3.0413451194763184 0.15398280322551727
Car 0.0 0 -1.0694888830184937 248.18923950195312 169.94622802734375 296.40570068359375 190.56004333496094 4.1693764 1.6121755 1.7578843 -27.367754 1.3851204 58.56445 -1.5066442489624023 0.13993294537067413
Car 0.0 0 1.8883503675460815 406.3970947265625 181.2141571044922 443.98602294921875 202.33026123046875 3.656803 1.5274231 1.751098 -14.212148 2.1934195 55.563362 1.6379365921020508 0.13906563818454742
Car 0.0 0 -2.898533582687378 634.6074829101562 166.3147735595703 685.8987426757812 184.32684326171875 4.516041 1.6507798 1.7184107 4.696768 1.0518261 67.63679 -2.8292038440704346 0.13895036280155182
