Car 0.0 0 -1.4814444780349731 675.759765625 180.5741729736328 739.8096923828125 229.71665954589844 3.74557 1.424081 1.6864477 3.2098134 1.2907073 22.842957 -1.3418419361114502 0.9399411082267761
Car 0.0 0 -1.062913179397583 0.0 195.7185821533203 273.03045654296875 319.99114990234375 3.965433 1.4016246 1.6449995 -6.584715 1.5853522 10.4699135 -1.624324917793274 0.8986076712608337
Car 0.0 0 -1.2554926872253418 267.3048095703125 189.53506469726562 383.2386474609375 247.71592712402344 4.1985245 1.364634 1.6633148 -7.463976 1.4947118 19.31555 -1.6242403984069824 0.8510842323303223
Car 0.0 0 2.063143491744995 148.90313720703125 191.81838989257812 276.7309875488281 242.565185546875 4.1246033 1.3293768 1.5653862 -11.63595 1.5463697 21.43148 1.5657387971878052 0.6498940587043762
Car 0.0 0 2.384068489074707 0.0 185.8939971923828 141.12939453125 242.04339599609375 3.9709625 1.4254801 1.4798235 -15.516487 1.4478025 20.375248 1.7332249879837036 0.256635457277298
Car 0.0 0 1.8154890537261963 267.40252685546875 191.50555419921875 330.94940185546875 229.970703125 3.9204314 1.4167864 1.4635837 -12.480935 1.6913623 29.196218 1.411515712738037 0.22505827248096466
Car 0.0 0 1.6908950805664062 459.8943786621094 180.72911071777344 484.74664306640625 198.4862823486328 4.0988817 1.4650263 1.6085008 -11.544698 1.0959996 61.402122 1.5050468444824219 0.16972854733467102
Car 0.0 0 1.621856451034546 763.8966674804688 179.49916076660156 790.3928833007812 202.29957580566406 4.139336 1.5396973 1.6134808 11.972377 1.1547947 50.75263 1.853518009185791 0.1501694917678833
Car 0.0 0 1.5772420167922974 572.9987182617188 178.42782592773438 595.8953857421875 199.51722717285156 3.6989844 1.5152806 1.6450198 -1.7428508 1.0287015 53.5166 1.544687032699585 0.13486970961093903
Car 0.0 0 0.3918937146663666 292.2419128417969 171.7640838623047 353.8060302734375 191.2801055908203 4.315702 1.5519197 1.6567093 -22.963274 0.48337477 58.020515 0.015031814575195312 0.121881864964962
Car 0.0 0 2.002819538116455 244.88278198242188 180.0267333984375 312.3793029785156 207.94427490234375 4.088427 1.3861271 1.6613525 -17.213333 1.1296227 37.735535 1.5748571157455444 0.1150604709982872
Car 0.0 0 1.028716802597046 1117.868408203125 128.0015869140625 1241.0 196.6199951171875 3.7503219 1.8291576 1.6398064 16.9123 0.3051352 21.126049 1.70378839969635 0.11271059513092041
Car 0.0 0 2.695134162902832 773.7660522460938 168.5391082763672 825.4629516601562 187.4973602294922 4.125662 1.6522177 1.6540931 17.01385 0.1999781 63.83905 2.955591917037964 0.11158021539449692
